#  N  alpha  stepsdec  av(e)   err(e)   P(sol)  runtime   std(runtime)    nsamples
512	3.800	5	0.210	0.015	0.815	13.944	0.127	1000
512	3.840	5	0.311	0.018	0.734	13.507	0.121	1000
512	3.870	5	0.390	0.021	0.692	14.125	0.127	1000
512	3.920	5	0.599	0.023	0.539	15.785	0.114	1000
512	3.940	5	0.662	0.025	0.513	15.602	0.108	1000
512	3.960	5	0.726	0.026	0.469	15.167	0.105	1000
512	3.980	5	0.841	0.028	0.408	15.845	0.100	1000
512	4.000	5	0.959	0.030	0.364	15.905	0.099	1000
512	4.020	5	1.050	0.031	0.327	17.547	0.093	1000
512	4.040	5	1.217	0.033	0.263	17.903	0.083	1000
512	4.055	5	1.334	0.034	0.228	19.345	0.092	1000
512	4.070	5	1.485	0.037	0.197	17.302	0.086	1000
512	4.080	5	1.534	0.034	0.173	21.994	0.090	1000
512	4.100	5	1.690	0.038	0.158	22.290	0.086	1000
512	4.120	5	1.849	0.040	0.142	19.148	0.069	1000
512	4.150	5	2.098	0.041	0.094	23.630	0.111	1000
512	4.200	5	2.621	0.045	0.052	22.900	0.051	1000
1024	3.800	5	0.098	0.010	0.908	41.920	0.450	1000
1024	3.840	5	0.172	0.014	0.851	45.564	0.472	1000
1024	3.870	5	0.235	0.017	0.806	46.522	0.465	1000
1024	3.920	5	0.475	0.023	0.639	55.326	0.453	1000
1024	3.940	5	0.586	0.026	0.580	56.651	0.446	1000
1024	3.960	5	0.712	0.027	0.506	59.811	0.415	1000
1024	3.980	5	0.888	0.032	0.431	67.050	0.402	1000
1024	4.000	5	1.048	0.033	0.362	68.645	0.403	1000
1024	4.020	5	1.237	0.035	0.305	70.617	0.350	1000
1024	4.040	5	1.422	0.037	0.241	71.371	0.336	1000
1024	4.055	5	1.612	0.039	0.196	73.880	0.279	1000
1024	4.070	5	1.767	0.043	0.184	73.495	0.266	1000
1024	4.080	5	1.978	0.045	0.139	72.907	0.314	1000
1024	4.100	5	2.153	0.044	0.100	77.764	0.207	1000
1024	4.120	5	2.545	0.048	0.067	76.084	0.217	1000
1024	4.150	5	3.065	0.052	0.036	76.904	0.252	1000
1024	4.200	5	4.022	0.057	0.009	83.259	0.305	1000
2048	3.800	5	0.021	0.005	0.981	132.558	1.630	1000
2048	3.840	5	0.045	0.007	0.959	162.789	2.065	1000
2048	3.870	5	0.100	0.011	0.914	169.172	1.938	1000
2048	3.920	5	0.247	0.017	0.806	208.991	1.978	1000
2048	3.940	5	0.369	0.022	0.730	219.014	2.014	1000
2048	3.960	5	0.518	0.025	0.619	238.228	1.928	1000
2048	3.980	5	0.751	0.031	0.534	250.793	1.740	1000
2048	4.000	5	0.996	0.035	0.419	258.988	1.724	1000
2048	4.020	5	1.302	0.041	0.326	281.059	1.443	1000
2048	4.040	5	1.615	0.044	0.228	292.706	1.176	1000
2048	4.055	5	1.980	0.049	0.168	322.172	2.152	1000
2048	4.070	5	2.250	0.051	0.144	1398.564	113.240	1000
2048	4.080	5	2.599	0.056	0.102	300.905	1.242	1000
2048	4.100	5	3.068	0.058	0.065	325.437	1.474	1000
2048	4.120	5	3.722	0.063	0.032	680.966	69.005	1000
2048	4.150	5	4.660	0.069	0.010	320.780	0.721	1000
2048	4.200	5	6.427	0.073	0.001	317.562	0.650	1000
4096	3.800	5	0.004	0.002	0.996	394.337	5.198	1000
4096	3.840	5	0.006	0.003	0.995	525.598	7.584	1000
4096	3.870	5	0.016	0.004	0.984	563.888	6.891	1000
4096	3.920	5	0.102	0.011	0.912	2908.923	252.230	1000
4096	3.940	5	0.186	0.016	0.853	2937.593	287.335	1000
4096	3.960	5	0.319	0.020	0.756	3031.113	286.168	1000
4096	3.980	5	0.545	0.028	0.650	3250.072	300.700	1000
4096	4.000	5	0.845	0.036	0.514	3595.006	301.204	1000
4096	4.020	5	1.260	0.044	0.384	3570.251	313.400	1000
4096	4.040	5	1.850	0.052	0.237	4545.071	318.492	1000
4096	4.055	5	2.320	0.060	0.188	3357.039	324.743	1000
4096	4.070	5	2.891	0.066	0.117	3488.623	328.572	1000
4096	4.080	5	3.427	0.069	0.066	3353.397	324.157	1000
4096	4.100	5	4.400	0.076	0.033	2316.814	238.923	1000
4096	4.120	5	5.539	0.082	0.009	4114.330	335.093	1000
4096	4.150	5	7.275	0.088	0.002	3804.925	337.067	1000
4096	4.200	5	10.733	0.102	0.000	3450.692	342.245	1000
8192	3.800	5	0.000	0.000	1.000	1141.011	12.562	1000
8192	3.840	5	0.000	0.000	1.000	3211.350	332.047	1000
8192	3.870	5	0.000	0.000	1.000	10710.275	1093.272	342
8192	3.920	5	0.011	0.006	0.989	13251.212	1659.063	269
8192	3.940	5	0.019	0.009	0.984	11686.373	1529.512	314
8192	3.960	5	0.066	0.008	0.939	5886.094	534.093	1000
8192	3.980	5	0.163	0.015	0.871	6345.565	559.136	1000
8192	4.000	5	0.412	0.026	0.734	6918.795	623.949	1000
8192	4.020	5	0.798	0.036	0.543	6722.194	620.015	1000
8192	4.040	5	1.578	0.055	0.362	7402.039	652.770	1000
8192	4.055	5	2.298	0.062	0.201	7131.846	652.835	1000
8192	4.070	5	3.147	0.075	0.117	7882.877	659.285	1000
8192	4.080	5	3.975	0.080	0.064	7478.438	691.826	1000
8192	4.100	5	5.825	0.099	0.023	7179.952	627.921	1000
8192	4.120	5	7.649	0.109	0.004	6757.509	656.425	1000
8192	4.150	5	11.153	0.209	0.000	11682.423	1902.869	333
8192	4.200	5	18.502	0.272	0.000	12375.410	2198.717	295
16384	3.800	5	0.000	0.000	1.000	9114.026	1099.613	687
16384	3.840	5	0.000	0.000	1.000	11822.773	1525.860	538
16384	3.870	5	0.000	0.000	1.000	188820.667	19359.804	21
16384	3.920	5	0.006	0.006	0.994	26460.064	5113.484	173
16384	3.940	5	0.000	0.000	1.000	24456.880	5046.858	208
16384	3.960	5	0.006	0.006	0.994	29861.274	6634.773	175
16384	3.980	5	0.021	0.012	0.979	34990.279	9741.392	140
16384	4.000	5	0.096	0.011	0.920	16324.064	1391.837	1000
16384	4.020	5	0.292	0.022	0.798	18226.120	1348.751	1000
16384	4.040	5	0.906	0.042	0.541	21523.341	1790.295	1000
16384	4.055	5	1.789	0.065	0.336	23933.309	1773.857	1000
16384	4.070	5	3.125	0.084	0.160	25222.964	1807.932	1000
16384	4.080	5	4.498	0.101	0.086	26529.960	1820.774	1000
16384	4.100	5	7.608	0.128	0.014	26850.728	1834.212	998
16384	4.120	5	12.379	0.604	0.000	80029.500	27118.586	66
16384	4.150	5	18.250	0.845	0.000	131275.333	48503.131	36
16384	4.200	5	31.610	0.744	0.000	120335.610	44528.335	41
32768	3.840	5	0.000	0.000	1.000	9949.000	988.535	2
32768	3.870	5	0.000	0.000	1.000	13439.800	415.576	5
32768	3.920	5	0.000	0.000	1.000	21239.100	1176.014	20
32768	3.940	5	0.000	0.000	1.000	23444.121	1190.268	33
32768	3.960	5	0.000	0.000	1.000	27931.976	1266.142	41
32768	3.980	5	0.000	0.000	1.000	34882.649	1271.117	57
32768	4.000	5	0.013	0.013	0.987	43131.649	1516.927	77
32768	4.020	5	0.054	0.028	0.964	52419.938	1593.583	112
32768	4.040	5	0.172	0.048	0.881	67245.403	1833.404	134
32768	4.055	5	0.512	0.096	0.709	81170.496	2182.728	127
32768	4.070	5	2.007	0.176	0.317	110577.641	2079.397	145
32768	4.080	5	3.788	0.277	0.130	123713.890	2540.114	146
32768	4.100	5	8.632	0.352	0.000	117390.112	2605.046	152
32768	4.120	5	16.108	0.495	0.000	128865.385	2910.005	130
32768	4.150	5	28.703	0.530	0.000	127845.812	2144.326	165
32768	4.200	5	56.702	0.604	0.000	120784.143	2218.271	168
