3.55	0.9755455439156409
3.5507207207207205	0.9752795973863774
3.5514414414414412	0.9750108327274186
3.552162162162162	0.974739221695196
3.5528828828828827	0.9744647357984658
3.5536036036036034	0.9741873462969257
3.554324324324324	0.9739070241998395
3.555045045045045	0.9736237402646772
3.5557657657657655	0.9733374649957639
3.5564864864864862	0.9730481686429456
3.557207207207207	0.9727558212002668
3.5579279279279277	0.9724603924046605
3.5586486486486484	0.9721618517346573
3.559369369369369	0.9718601684091079
3.56009009009009	0.9715553113859218
3.5608108108108105	0.9712472493608237
3.5615315315315312	0.9709359507661282
3.562252252252252	0.9706213837695314
3.5629729729729727	0.9703035162729248
3.5636936936936934	0.9699823159112253
3.564414414414414	0.9696577500512306
3.565135135135135	0.9693297857904917
3.5658558558558555	0.968998389956211
3.5665765765765762	0.9686635291041641
3.567297297297297	0.9683251695176416
3.5680180180180177	0.9679832772064223
3.5687387387387384	0.9676378179057654
3.569459459459459	0.9672887570754355
3.5701801801801802	0.9669360598987513
3.570900900900901	0.9665796912816651
3.5716216216216217	0.966219615851871
3.5723423423423424	0.9658557979579432
3.573063063063063	0.965488201668507
3.573783783783784	0.9651167907714426
3.5745045045045045	0.9647415287731195
3.5752252252252252	0.9643623788976697
3.575945945945946	0.9639793040862937
3.5766666666666667	0.9635922669966033
3.5773873873873874	0.9632012300020043
3.578108108108108	0.9628061551911151
3.578828828828829	0.9624070043672286
3.5795495495495495	0.9620037390478119
3.5802702702702702	0.9615963204640511
3.580990990990991	0.9611847095604388
3.5817117117117117	0.9607688669944051
3.5824324324324324	0.9603487531359965
3.583153153153153	0.9599243280676004
3.583873873873874	0.9594955515837189
3.5845945945945945	0.9590623831907927
3.585315315315315	0.9586247821070741
3.586036036036036	0.9581827072625554
3.5867567567567566	0.957736117298948
3.5874774774774774	0.957284970569718
3.588198198198198	0.9568292251401787
3.588918918918919	0.9563688387876389
3.5896396396396395	0.9559037690016141
3.59036036036036	0.9554339729840933
3.591081081081081	0.9549594076498714
3.5918018018018016	0.954480029626946
3.5925225225225224	0.9539957952569752
3.593243243243243	0.9535066605958064
3.593963963963964	0.9530125814140694
3.5946846846846845	0.952513513197842
3.595405405405405	0.9520094111493868
3.596126126126126	0.9515002301879564
3.5968468468468466	0.9509859249506807
3.5975675675675673	0.9504664497935219
3.598288288288288	0.9499417587923135
3.5990090090090088	0.949411805743876
3.5997297297297295	0.9488765441672121
3.60045045045045	0.9483359273047897
3.601171171171171	0.9477899081239021
3.6018918918918916	0.9472384393181202
3.6026126126126123	0.9466814733088311
3.603333333333333	0.9461189622468632
3.6040540540540538	0.9455508580142088
3.6047747747747745	0.9449771122258325
3.605495495495495	0.9443976762315807
3.606216216216216	0.9438125011181857
3.6069369369369366	0.9432215377113669
3.6076576576576573	0.9426247365780355
3.608378378378378	0.9420220480285986
3.6090990990990988	0.9414134221193696
3.60981981981982	0.9407988086550846
3.6105405405405406	0.9401781571915256
3.6112612612612613	0.9395514170382547
3.611981981981982	0.9389185372614588
3.6127027027027028	0.9382794666869096
3.6134234234234235	0.9376341539030401
3.614144144144144	0.9369825472641347
3.614864864864865	0.9363245948936448
3.6155855855855856	0.9356602446876199
3.6163063063063063	0.9349894443182665
3.617027027027027	0.9343121412376327
3.6177477477477478	0.9336282826814157
3.6184684684684685	0.9329378156729041
3.619189189189189	0.9322406870270499
3.61990990990991	0.9315368433546712
3.6206306306306306	0.9308262310667962
3.6213513513513513	0.9301087963791375
3.622072072072072	0.9293844853167117
3.6227927927927928	0.9286532437185986
3.6235135135135135	0.9279150172428415
3.624234234234234	0.9271697513714975
3.624954954954955	0.9264173914158291
3.6256756756756756	0.9256578825216509
3.6263963963963963	0.9248911696748251
3.627117117117117	0.9241171977069083
3.6278378378378378	0.9233359113009579
3.6285585585585585	0.9225472549974904
3.629279279279279	0.9217511732006024
3.63	0.9209476101842526
3.6307207207207206	0.9201365100987025
3.6314414414414413	0.9193178169771266
3.632162162162162	0.9184914747423856
3.6328828828828827	0.9176574272139684
3.6336036036036035	0.9168156181151074
3.634324324324324	0.9159659910800589
3.635045045045045	0.9151084896615647
3.6357657657657656	0.9142430573384819
3.6364864864864863	0.9133696375235945
3.637207207207207	0.912488173571602
3.6379279279279277	0.9115986087872865
3.6386486486486485	0.9107008864338645
3.639369369369369	0.9097949497415188
3.64009009009009	0.908880741916116
3.6408108108108106	0.9079582061481144
3.6415315315315313	0.90702728562165
3.642252252252252	0.9060879235238223
3.6429729729729727	0.9051400630541611
3.6436936936936934	0.9041836474342901
3.644414414414414	0.9032186199177836
3.645135135135135	0.9022449238002106
3.6458558558558556	0.9012625024293827
3.6465765765765763	0.900271299215789
3.647297297297297	0.8992712576432343
3.6480180180180177	0.8982623212796738
3.6487387387387384	0.8972444337882408
3.649459459459459	0.8962175389384827
3.65018018018018	0.8951815806177883
3.650900900900901	0.8941365028430192
3.6516216216216217	0.893082249772348
3.6523423423423425	0.8920187657172821
3.653063063063063	0.8909459951549086
3.653783783783784	0.8898638827403247
3.6545045045045046	0.8887723733192799
3.6552252252252253	0.88767141194102
3.655945945945946	0.8865609438713244
3.6566666666666667	0.8854409146057595
3.6573873873873874	0.8843112698831186
3.658108108108108	0.8831719556990746
3.658828828828829	0.8820229183200312
3.6595495495495496	0.8808641042971677
3.6602702702702703	0.879695460480694
3.660990990990991	0.878516934034295
3.6617117117117117	0.8773284724497782
3.6624324324324324	0.8761300235619203
3.663153153153153	0.8749215355634999
3.663873873873874	0.8737029570205379
3.6645945945945946	0.8724742368877179
3.6653153153153153	0.8712353245240072
3.666036036036036	0.8699861697084658
3.6667567567567567	0.8687267226562371
3.6674774774774774	0.8674569340347354
3.668198198198198	0.8661767549800049
3.668918918918919	0.8648861371132691
3.6696396396396396	0.8635850325576586
3.6703603603603603	0.8622733939551076
3.671081081081081	0.8609511744834352
3.6718018018018017	0.8596183278735869
3.6725225225225224	0.8582748084270506
3.673243243243243	0.8569205710334374
3.673963963963964	0.8555555711882158
3.6746846846846846	0.8541797650106145
3.6754054054054053	0.8527931092616677
3.676126126126126	0.8513955613624183
3.6768468468468467	0.8499870794122651
3.6775675675675674	0.8485676222074464
3.678288288288288	0.8471371492596692
3.679009009009009	0.8456956208148613
3.6797297297297296	0.8442429978720575
3.6804504504504503	0.8427792422024089
3.681171171171171	0.8413043163683004
3.6818918918918917	0.8398181837425948
3.6826126126126124	0.8383208085279665
3.683333333333333	0.8368121557763495
3.684054054054054	0.8352921914084748
3.6847747747747746	0.8337608822334911
3.6854954954954953	0.8322181959686804
3.686216216216216	0.8306641012592333
3.6869369369369367	0.8290985676981046
3.6876576576576574	0.8275215658459308
3.6883783783783786	0.8259330672509909
3.6890990990990993	0.8243330444692303
3.68981981981982	0.8227214710843141
3.6905405405405407	0.8210983217277114
3.6912612612612614	0.8194635720988157
3.691981981981982	0.8178171989850672
3.692702702702703	0.8161591802820917
3.6934234234234236	0.8144894950138404
3.6941441441441443	0.8128081233527095
3.694864864864865	0.8111150466396583
3.6955855855855857	0.8094102474042829
3.6963063063063064	0.8076937093848654
3.697027027027027	0.805965417548377
3.697747747747748	0.8042253581104148
3.6984684684684686	0.8024735185550909
3.6991891891891893	0.8007098876548276
3.69990990990991	0.7989344554900821
3.7006306306306307	0.7971472134689729
3.7013513513513514	0.79534815434679
3.702072072072072	0.793537272245407
3.702792792792793	0.7917145626725471
3.7035135135135135	0.789880022540924
3.7042342342342343	0.7880336501872328
3.704954954954955	0.7861754453909696
3.7056756756756757	0.7843054093930978
3.7063963963963964	0.7824235449145114
3.707117117117117	0.7805298561743196
3.707837837837838	0.7786243489079208
3.7085585585585585	0.7767070303848504
3.7092792792792793	0.7747779094264144
3.71	0.772836996423064
3.7107207207207207	0.7708843033515292
3.7114414414414414	0.768919843791684
3.712162162162162	0.7669436329431237
3.712882882882883	0.7649556876414692
3.7136036036036035	0.7629560263743485
3.7143243243243242	0.7609446692970773
3.715045045045045	0.7589216382480111
3.7157657657657657	0.7568869567635435
3.7164864864864864	0.7548406500927727
3.717207207207207	0.752782745211782
3.717927927927928	0.750713270837556
3.7186486486486485	0.7486322574415066
3.7193693693693692	0.7465397372625833
3.72009009009009	0.7444357443199882
3.7208108108108107	0.7423203144254424
3.7215315315315314	0.7401934851950278
3.722252252252252	0.7380552960605742
3.722972972972973	0.7359057882805705
3.7236936936936935	0.7337450049506185
3.7244144144144142	0.7315729910133774
3.725135135135135	0.729389793268022
3.7258558558558557	0.7271954603791877
3.7265765765765764	0.7249900428853776
3.727297297297297	0.7227735932068552
3.728018018018018	0.7205461656529677
3.7287387387387385	0.7183078164289264
3.7294594594594592	0.716058603642016
3.73018018018018	0.7137985873072105
3.730900900900901	0.7115278293522173
3.731621621621622	0.7092463936219053
3.7323423423423425	0.7069543458821225
3.7330630630630632	0.7046517538229036
3.733783783783784	0.702338687061027
3.7345045045045047	0.7000152171419529
3.7352252252252254	0.6976814175410888
3.735945945945946	0.6953373636644113
3.736666666666667	0.6929831328484205
3.7373873873873875	0.6906188043594015
3.7381081081081082	0.6882444593920272
3.738828828828829	0.6858601810672444
3.7395495495495497	0.6834660544294782
3.7402702702702704	0.6810621664431278
3.740990990990991	0.678648605988338
3.741711711711712	0.6762254638560727
3.7424324324324325	0.6737928327424418
3.7431531531531532	0.6713508072423138
3.743873873873874	0.6688994838421938
3.7445945945945946	0.6664389609123472
3.7453153153153154	0.6639693386982026
3.746036036036036	0.6614907193109854
3.746756756756757	0.6590032067176158
3.7474774774774775	0.656506906729856
3.748198198198198	0.654001926992684
3.748918918918919	0.6514883769719368
3.7496396396396396	0.6489663679411704
3.7503603603603604	0.6464360129677763
3.751081081081081	0.6438974268983412
3.751801801801802	0.6413507263432304
3.7525225225225225	0.6387960296604297
3.753243243243243	0.6362334569386295
3.753963963963964	0.6336631299795383
3.7546846846846846	0.6310851722794661
3.7554054054054054	0.6284997090101356
3.756126126126126	0.6259068669987616
3.7568468468468468	0.623306774707389
3.7575675675675675	0.6206995622114748
3.758288288288288	0.6180853611777628
3.759009009009009	0.6154643048414058
3.7597297297297296	0.6128365279823828
3.7604504504504503	0.6102021669012005
3.761171171171171	0.6075613593938731
3.7618918918918918	0.6049142447262238
3.7626126126126125	0.6022609636074724
3.763333333333333	0.599601658163156
3.764054054054054	0.596936471907376
3.7647747747747746	0.5942655497143652
3.7654954954954953	0.5915890377894273
3.766216216216216	0.5889070836392085
3.7669369369369368	0.5862198360413561
3.7676576576576575	0.583527445013557
3.7683783783783786	0.580830061781954
3.7690990990990993	0.5781278387490001
3.76981981981982	0.5754209294606925
3.7705405405405408	0.5727094885732741
3.7712612612612615	0.5699936718193759
3.771981981981982	0.5672736359736064
3.772702702702703	0.5645495388176475
3.7734234234234236	0.5618215391048175
3.7741441441441443	0.5590897965241636
3.774864864864865	0.5563544716640816
3.7755855855855858	0.553615725975463
3.7763063063063065	0.5508737217344305
3.777027027027027	0.5481286220046263
3.777747747747748	0.5453805905991175
3.7784684684684686	0.5426297920419167
3.7791891891891893	0.539876391529122
3.77990990990991	0.5371205548897368
3.7806306306306308	0.5343624485461373
3.7813513513513515	0.5316022394742533
3.782072072072072	0.5288400951634606
3.782792792792793	0.5260761835761921
3.7835135135135136	0.5233106731073285
3.7842342342342343	0.5205437325433393
3.784954954954955	0.5177755310212376
3.7856756756756758	0.5150062379873522
3.7863963963963965	0.5122360231559213
3.787117117117117	0.509465056467573
3.787837837837838	0.5066935080476611
3.7885585585585586	0.5039215481645224
3.7892792792792793	0.5011493471876592
3.79	0.49837707554585103
3.7907207207207207	0.4956049036852626
3.7914414414414415	0.49283300202751495
3.792162162162162	0.49006154092778875
3.792882882882883	0.48729069063296093
3.7936036036036036	0.4845206212397809
3.7943243243243243	0.48175150265315114
3.795045045045045	0.47898350454448224
3.7957657657657657	0.47621679631018643
3.7964864864864865	0.47345154703031506
3.797207207207207	0.470687925427343
3.797927927927928	0.4679260998251653
3.7986486486486486	0.4651662381082747
3.7993693693693693	0.46240850768118463
3.80009009009009	0.4596530754281011
3.8008108108108107	0.45690010767284606
3.8015315315315314	0.45414977013909674
3.802252252252252	0.45140222791090734
3.802972972972973	0.44865764539357916
3.8036936936936936	0.4459161862748774
3.8044144144144143	0.44317801348659946
3.805135135135135	0.4404432891665555
3.8058558558558557	0.43771217462092826
3.8065765765765764	0.4349848302870725
3.807297297297297	0.43226141569675686
3.808018018018018	0.4295420894398453
3.8087387387387386	0.42682700912848004
3.8094594594594593	0.42411633136173105
3.81018018018018	0.42141021169077
3.8109009009009007	0.41870880458456805
3.8116216216216214	0.4160122633961158
3.8123423423423426	0.41332074032922067
3.8130630630630633	0.41063438640585487
3.813783783783784	0.4079533514340868
3.8145045045045047	0.40527778397662295
3.8152252252252254	0.4026078313199359
3.815945945945946	0.399943639444029
3.816666666666667	0.39728535299283463
3.8173873873873876	0.3946331152452381
3.8181081081081083	0.39198706808678335
3.818828828828829	0.38934735198201725
3.8195495495495497	0.38671410594752664
3.8202702702702704	0.38408746752565903
3.820990990990991	0.38146757275891974
3.821711711711712	0.37885455616509583
3.8224324324324326	0.37624855071306285
3.8231531531531533	0.373649687799325
3.823873873873874	0.37105809722527777
3.8245945945945947	0.36847390717518225
3.8253153153153154	0.36589724419489833
3.826036036036036	0.36332823317133217
3.826756756756757	0.36076699731264356
3.8274774774774776	0.3582136581292003
3.8281981981981983	0.35566833541526666
3.828918918918919	0.35313114723146954
3.8296396396396397	0.35060220988799584
3.8303603603603604	0.348081637928563
3.831081081081081	0.34556954411514784
3.831801801801802	0.3430660394134587
3.8325225225225226	0.34057123297919006
3.8332432432432433	0.3380852321450125
3.833963963963964	0.33560814240833636
3.8346846846846847	0.3331400674198317
3.8354054054054054	0.3306811089726874
3.836126126126126	0.32823136699264605
3.836846846846847	0.325790939528765
3.8375675675675676	0.3233599227449388
3.8382882882882883	0.3209384109121655
3.839009009009009	0.3185264964015341
3.8397297297297297	0.31612426967797036
3.8404504504504504	0.3137318192946877
3.841171171171171	0.311349231888377
3.841891891891892	0.3089765921751137
3.8426126126126126	0.30661398294696135
3.8433333333333333	0.3042614850693023
3.844054054054054	0.3019191774788432
3.8447747747747747	0.29958713718232693
3.8454954954954954	0.29726543925592575
3.846216216216216	0.29495415684529525
3.8469369369369373	0.2926533611663151
3.847657657657658	0.2903631215064725
3.8483783783783787	0.2880835052268946
3.8490990990990994	0.28581457776503444
3.84981981981982	0.2835564026379658
3.850540540540541	0.28130904144632046
3.8512612612612616	0.2790725538788144
3.8519819819819823	0.27684699771738835
3.852702702702703	0.2746324288429369
3.8534234234234237	0.272428901241603
3.8541441441441444	0.27023646701166015
3.854864864864865	0.2680551763709311
3.855585585585586	0.26588507766476566
3.8563063063063066	0.26372621737455154
3.8570270270270273	0.2615786401267346
3.857747747747748	0.25944238870236985
3.8584684684684687	0.2573175040471506
3.8591891891891894	0.2552040252819376
3.85990990990991	0.2531019897137638
3.860630630630631	0.2510114328472866
3.8613513513513515	0.24893238839671175
3.8620720720720723	0.24686488829813416
3.862792792792793	0.24480896272231806
3.8635135135135137	0.24276464008788998
3.8642342342342344	0.24073194707491907
3.864954954954955	0.23871090863890543
3.865675675675676	0.236701548025124
3.8663963963963965	0.23470388678334553
3.8671171171171173	0.23271794478290675
3.867837837837838	0.23074374022810692
3.8685585585585587	0.22878128967394873
3.8692792792792794	0.22683060804217314
3.87	0.2248917086376082
3.870720720720721	0.22296460316480568
3.8714414414414415	0.22104930174494214
3.8721621621621622	0.21914581293300153
3.872882882882883	0.21725414373519247
3.8736036036036037	0.2153742996266163
3.8743243243243244	0.21350628456916362
3.875045045045045	0.21165010102961446
3.875765765765766	0.20980574999796073
3.8764864864864865	0.20797323100590315
3.8772072072072072	0.20615254214554102
3.877927927927928	0.20434368008823173
3.8786486486486487	0.2025466401035965
3.8793693693693694	0.20076141607869114
3.88009009009009	0.19898800053729518
3.880810810810811	0.19722638465933798
3.8815315315315315	0.1954765583004393
3.8822522522522522	0.19373851001154258
3.882972972972973	0.19201222705865853
3.8836936936936937	0.19029769544267552
3.8844144144144144	0.18859489991925427
3.885135135135135	0.1869038240187857
3.885855855855856	0.18522445006639304
3.8865765765765765	0.18355675920198733
3.8872972972972972	0.181900731400358
3.888018018018018	0.18025634549127803
3.8887387387387387	0.17862357917964175
3.8894594594594594	0.17700240906559447
3.89018018018018	0.17539281066467166
3.890900900900901	0.1737947584279288
3.891621621621622	0.17220822576204214
3.8923423423423427	0.1706331850494044
3.8930630630630634	0.16906960766816134
3.893783783783784	0.1675174640122275
3.894504504504505	0.16597672351124823
3.8952252252252255	0.1644473546504963
3.8959459459459462	0.16292932499072105
3.896666666666667	0.1614226011879121
3.8973873873873877	0.15992714901299657
3.8981081081081084	0.15844293337145293
3.898828828828829	0.15696991832282592
3.89954954954955	0.15550806710015985
3.9002702702702705	0.1540573421293165
3.9009909909909912	0.15261770504819494
3.901711711711712	0.15118911672583862
3.9024324324324327	0.14977153728141504
3.9031531531531534	0.14836492610308566
3.903873873873874	0.14696924186673416
3.904594594594595	0.14558444255457043
3.9053153153153155	0.14421048547359683
3.906036036036036	0.1428473272739235
3.906756756756757	0.14149492396695046
3.9074774774774776	0.14015323094338608
3.9081981981981984	0.13882220299112008
3.908918918918919	0.13750179431293819
3.90963963963964	0.13619195854406677
3.9103603603603605	0.1348926487695652
3.911081081081081	0.1336038175415373
3.911801801801802	0.13232541689618005
3.9125225225225226	0.131057398370658
3.9132432432432434	0.1297997130197925
3.913963963963964	0.1285523114325842
3.914684684684685	0.12731514374854075
3.9154054054054055	0.12608815967382947
3.916126126126126	0.12487130849724283
3.916846846846847	0.12366453910596838
3.9175675675675676	0.12246780000118024
3.9182882882882883	0.12128103931342739
3.919009009009009	0.12010420481783617
3.9197297297297298	0.11893724394911843
3.9204504504504505	0.11778010381637591
3.921171171171171	0.11663273121771885
3.921891891891892	0.11549507265467551
3.9226126126126126	0.11436707434640996
3.9233333333333333	0.11324868224373989
3.924054054054054	0.11213984204294698
3.9247747747747748	0.11104049919939703
3.9254954954954955	0.10995059894094761
3.926216216216216	0.10887008628116161
3.9269369369369374	0.10779890603231752
3.927657657657658	0.1067370028182145
3.9283783783783788	0.10568432108677842
3.9290990990990995	0.10464080512246275
3.92981981981982	0.10360639905845086
3.930540540540541	0.1025810468886571
3.9312612612612616	0.10156469247952028
3.9319819819819823	0.10055727958160603
3.932702702702703	0.09955875184099885
3.9334234234234238	0.09856905281050139
3.9341441441441445	0.09758812596063403
3.934864864864865	0.09661591469043025
3.935585585585586	0.09565236233804386
3.9363063063063066	0.09469741219115
3.9370270270270273	0.09375100749715706
3.937747747747748	0.09281309147322377
3.9384684684684688	0.09188360731607655
3.9391891891891895	0.09096249821164376
3.93990990990991	0.09004970734448964
3.940630630630631	0.08914517790706414
3.9413513513513516	0.08824885310876437
3.9420720720720723	0.08736067618480267
3.942792792792793	0.08648059040489758
3.9435135135135138	0.0856085390817718
3.9442342342342345	0.08474446557947286
3.944954954954955	0.08388831332151245
3.945675675675676	0.08304002579882067
3.9463963963963966	0.08219954657752741
3.9471171171171173	0.08136681930656682
3.947837837837838	0.08054178772510154
3.9485585585585588	0.0797243956697819
3.9492792792792795	0.07891458708182555
3.95	0.07811230601393282
3.950720720720721	0.07731749663703395
3.9514414414414416	0.07653010324686531
3.9521621621621623	0.07575007027038885
3.952882882882883	0.07497734227204168
3.9536036036036037	0.07421186395983011
3.9543243243243245	0.073453580191265
3.955045045045045	0.07270243597913555
3.955765765765766	0.07195837649713555
3.9564864864864866	0.07122134708532957
3.9572072072072073	0.07049129325547294
3.957927927927928	0.06976816069618286
3.9586486486486487	0.0690518952779576
3.9593693693693695	0.06834244305805803
3.96009009009009	0.06763975028523875
3.960810810810811	0.06694376340434298
3.9615315315315316	0.06625442906075832
3.9622522522522523	0.06557169410473082
3.962972972972973	0.06489550559555073
3.9636936936936937	0.06422581080559835
3.9644144144144144	0.06356255722426335
3.965135135135135	0.06290569256173467
3.965855855855856	0.06225516475265912
3.9665765765765766	0.06161092195968111
3.9672972972972973	0.060972912576852833
3.968018018018018	0.06034108523292741
3.9687387387387387	0.059715388794532726
3.9694594594594594	0.05909577236922377
3.97018018018018	0.05848218530842576
3.970900900900901	0.05787457721025779
3.971621621621622	0.05727289792224844
3.9723423423423427	0.056677097543943886
3.9730630630630634	0.056087126429400384
3.973783783783784	0.05550293518958067
3.974504504504505	0.054924474694638896
3.9752252252252256	0.054351696076107514
3.9759459459459463	0.0537845507289841
3.976666666666667	0.0532229903137161
3.9773873873873877	0.052666966758094555
3.9781081081081084	0.05211643225904776
3.978828828828829	0.05157133928434562
3.97954954954955	0.0510316405742128
3.9802702702702706	0.05049728914284924
3.9809909909909913	0.04996823827986816
3.981711711711712	0.049444441551643126
3.9824324324324327	0.04892585280257448
3.9831531531531534	0.04841242615627329
3.983873873873874	0.04790411601666131
3.984594594594595	0.04740087706899685
3.9853153153153156	0.04690266428081835
3.9860360360360363	0.046409432902815476
3.986756756756757	0.045921138469626095
3.9874774774774777	0.04543773680055746
3.9881981981981984	0.044959184000241334
3.988918918918919	0.04448543645921487
3.98963963963964	0.044016450854436937
3.9903603603603606	0.043552184149737945
3.9910810810810813	0.04309259359620198
3.991801801801802	0.04263763673249005
3.9925225225225227	0.04218727138509699
3.9932432432432434	0.04174145566855105
3.993963963963964	0.04130014798555433
3.994684684684685	0.04086330702706288
3.9954054054054056	0.04043089177231488
3.9961261261261263	0.04000286148879979
3.996846846846847	0.03957917573217683
3.9975675675675677	0.039159794346141336
3.9982882882882884	0.03874467746223764
3.999009009009009	0.03833378549962642
3.99972972972973	0.03792707916479981
4.000450450450451	0.03752451945125202
4.001171171171172	0.037126067639105406
4.001891891891892	0.03673168529468708
4.002612612612613	0.03634133427006721
4.003333333333334	0.03595497670255377
4.004054054054055	0.035572575014144105
4.004774774774775	0.035194091910940355
4.005495495495496	0.034819490382522494
4.006216216216217	0.0344487337012862
4.006936936936937	0.03408178542174413
4.007657657657658	0.03371860937978946
4.008378378378379	0.033359169691928446
4.0090990990991	0.03300343075447616
4.00981981981982	0.032651357242722216
4.010540540540541	0.032302914110065015
4.011261261261262	0.031958066587113455
4.011981981981982	0.0316167801807625
4.012702702702703	0.03127902067323696
4.013423423423424	0.03094475412110995
4.0141441441441446	0.030613946854294628
4.014864864864865	0.03028656547500811
4.015585585585586	0.029962576856713614
4.016306306306307	0.029641948143035484
4.017027027027027	0.029324646746653162
4.017747747747748	0.029010640348172693
4.018468468468469	0.028699896894974774
4.0191891891891895	0.028392384600045017
4.01990990990991	0.028088071940781282
4.020630630630631	0.027786927657783796
4.021351351351352	0.02748892075362681
4.022072072072072	0.027194020491610606
4.022792792792793	0.0269021963944994
4.023513513513514	0.026613418243240084
4.0242342342342345	0.026327656075667262
4.024954954954955	0.02604488018519336
4.025675675675676	0.02576506111948262
4.026396396396397	0.025488169679114225
4.027117117117117	0.02521417691622969
4.027837837837838	0.02494305413316976
4.028558558558559	0.024674772881099448
4.0292792792792795	0.02440930495862023
4.03	0.024146622410374213
4.030720720720721	0.023886697525635714
4.031441441441442	0.02362950283689511
4.032162162162162	0.023375011118433712
4.032882882882883	0.023123195384888617
4.033603603603604	0.02287402888981213
4.0343243243243245	0.022627485124221376
4.035045045045045	0.022383537815142678
4.035765765765766	0.02214216092414948
4.036486486486487	0.021903328645892818
4.037207207207207	0.021667015406628635
4.037927927927928	0.021433195862737776
4.038648648648649	0.021201844899242935
4.0393693693693695	0.02097293762832143
4.04009009009009	0.020746449387812765
4.040810810810811	0.020522355739725048
4.041531531531532	0.020300632468736327
4.042252252252252	0.020081255580694766
4.042972972972973	0.01986420130111671
4.043693693693694	0.01964944607368145
4.0444144144144145	0.019436966558726707
4.045135135135135	0.01922673963174088
4.045855855855856	0.019018742381855944
4.046576576576577	0.01881295211033987
4.047297297297297	0.018609346329087607
4.048018018018018	0.018407902759114247
4.048738738738739	0.018208599329046716
4.0494594594594595	0.018011414173617558
4.05018018018018	0.017816325632159794
4.050900900900901	0.017623312247101876
4.051621621621622	0.01743235276246614
4.052342342342342	0.01724342612236728
4.053063063063063	0.017056511469514243
4.053783783783784	0.016871588143714453
4.0545045045045045	0.01668863568037951
4.055225225225225	0.016507633809035513
4.055945945945946	0.016328562451834734
4.056666666666667	0.01615140172207176
4.057387387387387	0.015976131922703137
4.058108108108108	0.015802733544869652
4.058828828828829	0.015631187266424176
4.0595495495495495	0.015461473950462004
4.06027027027027	0.015293574643856589
4.060990990990991	0.015127470575799763
4.061711711711712	0.014963143156345542
4.062432432432432	0.014800573974960369
4.063153153153153	0.014639744799076766
4.063873873873874	0.014480637572653197
4.064594594594595	0.014323234414738992
4.065315315315315	0.01416751761804497
4.066036036036037	0.014013469647517896
4.066756756756757	0.0138610731389244
4.067477477477478	0.01371031089743559
4.068198198198198	0.013561165896223923
4.06891891891892	0.0134136212750591
4.0696396396396395	0.01326766033891719
4.070360360360361	0.013123266556590017
4.071081081081081	0.012980423559306058
4.0718018018018025	0.01283911513935332
4.072522522522522	0.01269932524871329
4.073243243243244	0.012561037997697248
4.073963963963965	0.01242423765359364
4.074684684684685	0.01228890863931861
4.075405405405406	0.012155035532076372
4.076126126126127	0.012022603062024807
4.0768468468468475	0.011891596110949169
4.077567567567568	0.011761999710943
4.078288288288289	0.011633799043095484
4.07900900900901	0.011506979436187434
4.07972972972973	0.01138152636539341
4.080450450450451	0.01125742545099216
4.081171171171172	0.011134662457084566
4.0818918918918925	0.011013223290318353
4.082612612612613	0.010893093998621638
4.083333333333334	0.010774260769942931
4.084054054054055	0.01065670993099967
4.084774774774775	0.010540427946034436
4.085495495495496	0.01042540141557826
4.086216216216217	0.010311617075222825
4.0869369369369375	0.010199061794399417
4.087657657657658	0.010087722575166498
4.088378378378379	0.009977586551005169
4.0890990990991	0.009868640985621815
4.08981981981982	0.009760873271759821
4.090540540540541	0.009654270930018131
4.091261261261262	0.009548821607678535
4.0919819819819825	0.009444513077540918
4.092702702702703	0.009341333236765843
4.093423423423424	0.009239270105726175
4.094144144144145	0.009138311826865704
4.094864864864865	0.009038446663566483
4.095585585585586	0.008939662999024184
4.096306306306307	0.008841949335130847
4.0970270270270275	0.008745294291366626
4.097747747747748	0.008649686603698631
4.098468468468469	0.008555115123488414
4.09918918918919	0.008461568816407486
4.09990990990991	0.008369036761360256
4.100630630630631	0.008277508149415873
4.101351351351352	0.008186972282747182
4.1020720720720725	0.008097418573578284
4.102792792792793	0.008008836543140043
4.103513513513514	0.007921215820633005
4.104234234234235	0.007834546142199129
4.104954954954955	0.007748817349900593
4.105675675675676	0.007664019390707094
4.106396396396397	0.007580142315491042
4.1071171171171175	0.007497176278030083
4.107837837837838	0.007415111534018296
4.108558558558559	0.007333938440084439
4.10927927927928	0.007253647452818526
4.11	0.007174229127806193
4.110720720720721	0.007095674118670324
4.111441441441442	0.007017973176121179
4.1121621621621625	0.0069411171470134736
4.112882882882883	0.006865096973411653
4.113603603603604	0.006789903691662815
4.114324324324325	0.006715528431476776
4.115045045045045	0.006641962415014462
4.115765765765766	0.006569196955983139
4.116486486486487	0.0064972234587396685
4.1172072072072075	0.006426033417401247
4.117927927927928	0.0063556184149631675
4.118648648648649	0.0062859701224246955
4.11936936936937	0.006217080297921664
4.12009009009009	0.006148940785866901
4.120810810810811	0.006081543516097967
4.121531531531532	0.006014880503031761
4.1222522522522524	0.00594894384482703
4.122972972972973	0.005883725722553472
4.123693693693694	0.005819218399368426
4.124414414414415	0.005755414219700723
4.125135135135135	0.005692305608441231
4.125855855855856	0.005629885070141073
4.126576576576577	0.00556814518821628
4.127297297297297	0.005507078624159833
4.128018018018018	0.005446678116760649
4.128738738738739	0.0053869364813290965
4.12945945945946	0.005327846608929953
4.13018018018018	0.0052694014656216245
4.130900900900901	0.005211594091702536
4.131621621621622	0.005154417600964256
4.132342342342342	0.005097865179950971
4.133063063063063	0.005041930087226162
4.133783783783784	0.004986605652645377
4.134504504504505	0.0049318852766359195
4.135225225225225	0.0048777624294830966
4.135945945945946	0.004824230650622596
4.136666666666667	0.004771283547939849
4.137387387387387	0.004718914797075275
4.138108108108108	0.004667118140736254
4.138828828828829	0.0046158873880153975
4.13954954954955	0.004565216413714793
4.14027027027027	0.004515099157676963
4.140990990990991	0.004465529624121542
4.141711711711712	0.00441650188098842
4.142432432432432	0.004368010059287003
4.143153153153153	0.004320048352451213
4.143873873873874	0.004272611015700992
4.1445945945945954	0.004225692365409243
4.145315315315315	0.004179286778475397
4.146036036036037	0.004133388691703888
4.146756756756757	0.004087992601189746
4.147477477477478	0.004043093061708598
4.148198198198198	0.003998684686113866
4.14891891891892	0.0039547621447381266
4.1496396396396396	0.0039113201648019675
4.150360360360361	0.003868353529826421
4.151081081081081	0.003825857079053028
4.151801801801803	0.0037838257068676714
4.152522522522522	0.0037422543622314007
4.153243243243244	0.0037011380481153824
4.153963963963965	0.003660471820942537
4.154684684684685	0.0036202507900334278
4.155405405405406	0.0035804701170583327
4.156126126126127	0.0035411250154940292
4.156846846846848	0.0035022107500862713
4.157567567567568	0.0034637226363170787
4.158288288288289	0.003425656039877463
4.15900900900901	0.0033880063761452563
4.15972972972973	0.003350769109667786
4.160450450450451	0.0033139397536499525
4.161171171171172	0.003277513869446943
4.161891891891893	0.0032414870660621635
4.162612612612613	0.003205854999649925
4.163333333333334	0.003170613373023258
4.164054054054055	0.003135757935166097
4.164774774774775	0.0031012844807507232
4.165495495495496	0.0030671888496597304
4.166216216216217	0.0030334669265127024
4.166936936936938	0.003000114640197786
4.167657657657658	0.002967127963407458
4.168378378378379	0.002934502912179323
4.1690990990991	0.002902235545441247
4.16981981981982	0.002870321964561012
4.170540540540541	0.0028387583129006423
4.171261261261262	0.0028075407753747673
4.171981981981983	0.002776665578013789
4.172702702702703	0.0027461289875312014
4.173423423423424	0.0027159273108952418
4.174144144144145	0.0026860568949050086
4.174864864864865	0.0026565141257704475
4.175585585585586	0.0026272954286969265
4.176306306306307	0.002598397267473793
4.1770270270270276	0.002569816144067063
4.177747747747748	0.002541548598216393
4.178468468468469	0.0025135912070357426
4.17918918918919	0.0024859405846184334
4.17990990990991	0.002458593381646002
4.180630630630631	0.0024315462850010186
4.181351351351352	0.0024047960173839826
4.1820720720720725	0.002378339336933761
4.182792792792793	0.002352173036852213
4.183513513513514	0.0023262939450324526
4.184234234234235	0.002300698923690887
4.184954954954955	0.00227538486900316
4.185675675675676	0.002250348710743473
4.186396396396397	0.0022255874119279043
4.1871171171171175	0.0022010979684612044
4.187837837837838	0.002176877408787194
4.188558558558559	0.002152922793542889
4.18927927927928	0.0021292312152158543
4.19	0.0021057997978053676
4.190720720720721	0.0020826256964869023
4.191441441441442	0.002059706097280053
4.1921621621621625	0.0020370382167200097
4.192882882882883	0.0020146193015321157
4.193603603603604	0.0019924466283100617
4.194324324324325	0.001970517503197243
4.195045045045045	0.0019488292615713998
4.195765765765766	0.0019273792677326443
4.196486486486487	0.001906164914594425
4.1972072072072075	0.0018851836233779629
4.197927927927928	0.0018644328433096956
4.198648648648649	0.0018439100513218604
4.19936936936937	0.0018236127517562955
4.20009009009009	0.0018035384760710517
4.200810810810811	0.0017836847825503017
4.201531531531532	0.001764049256017126
4.2022522522522525	0.0017446295075492816
4.202972972972973	0.0017254231741980412
4.203693693693694	0.0017064279187097107
4.204414414414415	0.0016876414292502832
4.205135135135135	0.0016690614191328394
4.205855855855856	0.0016506856265477829
4.206576576576577	0.0016325118142960044
4.2072972972972975	0.0016145377695245937
4.208018018018018	0.0015967613034655408
4.208738738738739	0.0015791802511770485
4.20945945945946	0.001561792471287548
4.21018018018018	0.0015445958457424999
4.210900900900901	0.0015275882795536214
4.211621621621622	0.00151076770055096
4.2123423423423425	0.0014941320591374512
4.213063063063063	0.001477679328046049
4.213783783783784	0.001461407502099508
4.214504504504505	0.0014453145979724741
4.215225225225225	0.0014293986539562818
4.215945945945946	0.0014136577297261192
4.216666666666667	0.0013980899061106357
4.2173873873873875	0.0013826932848640758
4.218108108108108	0.0013674659884406082
4.218828828828829	0.001352406159771229
4.21954954954955	0.001337511962042917
4.22027027027027	0.0013227815784801126
4.220990990990991	0.0013082132121285993
4.221711711711712	0.0012938050856414716
4.2224324324324325	0.0012795554410675535
4.223153153153153	0.0012654625396419537
4.223873873873874	0.001251524661578837
4.2245945945945955	0.0012377401058664536
4.225315315315315	0.0012241071900642667
4.226036036036037	0.0012106242501021217
4.226756756756757	0.0011972896400819053
4.227477477477478	0.0011841017320807863
4.228198198198198	0.0011710589159570739
4.22891891891892	0.0011581595991576714
4.22963963963964	0.0011454022065279438
4.230360360360361	0.0011327851801232387
4.231081081081081	0.0011203069790228304
4.231801801801803	0.0011079660791454185
4.2325225225225225	0.001095760973066941
4.233243243243244	0.0010836901698399732
4.233963963963965	0.0010717521948154557
4.2346846846846855	0.0010599455894659258
4.235405405405406	0.0010482689112108687
4.236126126126127	0.0010367207332439023
4.236846846846848	0.0010252996443616755
4.237567567567568	0.0010140042487947326
4.238288288288289	0.00100283316604011
4.23900900900901	0.000991785030695715
4.2397297297297305	0.0009808584922965443
4.240450450450451	0.0009700522151525071
4.241171171171172	0.0009593648781881208
4.241891891891893	0.0009487951747838482
4.242612612612613	0.0009383418126191291
4.243333333333334	0.0009280035135171572
4.244054054054055	0.0009177790132911826
4.2447747747747755	0.0009076670615925888
4.245495495495496	0.000897666421760532
4.246216216216217	0.0008877758706731872
4.246936936936938	0.0008779941986006502
4.247657657657658	0.000868320209059289
4.248378378378379	0.0008587527186677812
4.2490990990991	0.0008492905570046305
4.2498198198198205	0.0008399325664672123
4.250540540540541	0.0008306776021323876
4.251261261261262	0.0008215245316184964
4.251981981981983	0.0008124722349489466
4.252702702702703	0.0008035196044172112
4.253423423423424	0.0007946655444532726
4.254144144144145	0.0007859089714915593
4.2548648648648655	0.0007772488138401868
4.255585585585586	0.0007686840115517179
4.256306306306307	0.0007602135162952543
4.257027027027028	0.0007518362912299052
4.257747747747748	0.0007435513108796685
4.258468468468469	0.0007353575610095532
4.25918918918919	0.0007272540385031394
4.2599099099099105	0.0007192397512414043
4.260630630630631	0.0007113137179828528
4.261351351351352	0.0007034749682449898
4.262072072072073	0.0006957225421869673
4.262792792792793	0.0006880554904935989
4.263513513513514	0.0006804728742605716
4.264234234234235	0.000672973764880897
4.2649549549549555	0.0006655572439326353
4.265675675675676	0.0006582224030677325
4.266396396396397	0.000650968343902155
4.267117117117118	0.0006437941779071604
4.267837837837838	0.0006366990263017427
4.268558558558559	0.0006296820199462852
4.26927927927928	0.0006227422992372688
4.2700000000000005	0.0006158790140032112
