#  N  a  err(a)  b  err(b)
512	11.501323883966368	0.1464418367884995
-46.07828346365991	0.5943017871199063
1024	16.801775349814466	0.6280109913600489
-67.61625330081613	2.5449506787442817
2048	24.11683771181732	0.5216670418513194
-97.34950989208565	2.113234904879612
4096	35.520639234633926	0.8754201304102535
-143.72735010731697	3.547315486781587
8192	48.576769511693094	1.2048407741744678
-197.29558319188476	4.894589462267891
16384	63.5563676461399	2.9519569049427408
-258.8334826496788	12.022136780684399
