3.55	0.9999725954269136
3.5507207207207205	0.9999719901017603
3.5514414414414412	0.9999713714062818
3.552162162162162	0.9999707390451736
3.5528828828828827	0.9999700927166101
3.5536036036036034	0.9999694321120993
3.554324324324324	0.9999687569163375
3.555045045045045	0.9999680668070572
3.5557657657657655	0.9999673614548743
3.5564864864864862	0.9999666405231313
3.557207207207207	0.9999659036677359
3.5579279279279277	0.9999651505369964
3.5586486486486484	0.999964380771456
3.559369369369369	0.9999635940037193
3.56009009009009	0.9999627898582775
3.5608108108108105	0.9999619679513306
3.5615315315315312	0.9999611278906023
3.562252252252252	0.999960269275155
3.5629729729729727	0.9999593916951967
3.5636936936936934	0.9999584947318865
3.564414414414414	0.9999575779571347
3.565135135135135	0.9999566409333994
3.5658558558558555	0.999955683213476
3.5665765765765762	0.9999547043402862
3.567297297297297	0.9999537038466576
3.5680180180180177	0.9999526812551031
3.5687387387387384	0.9999516360775919
3.569459459459459	0.9999505678153175
3.5701801801801802	0.9999494759584591
3.570900900900901	0.9999483599859391
3.5716216216216217	0.9999472193651747
3.5723423423423424	0.9999460535518235
3.573063063063063	0.999944861989524
3.573783783783784	0.9999436441096312
3.5745045045045045	0.9999423993309443
3.5752252252252252	0.9999411270594302
3.575945945945946	0.9999398266879401
3.5766666666666667	0.9999384975959211
3.5773873873873874	0.9999371391491187
3.578108108108108	0.9999357506992755
3.578828828828829	0.9999343315838216
3.5795495495495495	0.9999328811255601
3.5802702702702702	0.9999313986323421
3.580990990990991	0.9999298833967394
3.5817117117117117	0.9999283346957047
3.5824324324324324	0.9999267517902295
3.583153153153153	0.9999251339249899
3.583873873873874	0.9999234803279878
3.5845945945945945	0.999921790210183
3.585315315315315	0.9999200627651161
3.586036036036036	0.9999182971685259
3.5867567567567566	0.999916492577955
3.5874774774774774	0.9999146481323499
3.588198198198198	0.9999127629516495
3.588918918918919	0.9999108361363669
3.5896396396396395	0.9999088667671597
3.59036036036036	0.9999068539043934
3.591081081081081	0.9999047965876926
3.5918018018018016	0.9999026938354845
3.5925225225225224	0.9999005446445306
3.593243243243243	0.9998983479894494
3.593963963963964	0.999896102822228
3.5946846846846845	0.9998938080717226
3.595405405405405	0.9998914626431485
3.596126126126126	0.9998890654175601
3.5968468468468466	0.9998866152513156
3.5975675675675673	0.9998841109755345
3.598288288288288	0.9998815513955407
3.5990090090090088	0.9998789352902934
3.5997297297297295	0.9998762614118057
3.60045045045045	0.999873528484551
3.601171171171171	0.9998707352048557
3.6018918918918916	0.9998678802402786
3.6026126126126123	0.9998649622289769
3.603333333333333	0.9998619797790586
3.6040540540540538	0.9998589314679185
3.6047747747747745	0.9998558158415636
3.605495495495495	0.9998526314139197
3.606216216216216	0.9998493766661248
3.6069369369369366	0.9998460500458066
3.6076576576576573	0.9998426499663444
3.608378378378378	0.9998391748061141
3.6090990990990988	0.9998356229077165
3.60981981981982	0.9998319925771904
3.6105405405405406	0.9998282820832055
3.6112612612612613	0.9998244896562406
3.611981981981982	0.9998206134877414
3.6127027027027028	0.9998166517292613
3.6134234234234235	0.999812602491582
3.614144144144144	0.9998084638438163
3.614864864864865	0.9998042338124902
3.6155855855855856	0.9997999103806047
3.6163063063063063	0.9997954914866783
3.617027027027027	0.9997909750237663
3.6177477477477478	0.9997863588384613
3.6184684684684685	0.9997816407298686
3.619189189189189	0.9997768184485626
3.61990990990991	0.9997718896955173
3.6206306306306306	0.9997668521210153
3.6213513513513513	0.9997617033235315
3.622072072072072	0.9997564408485943
3.6227927927927928	0.9997510621876184
3.6235135135135135	0.9997455647767161
3.624234234234234	0.9997399459954799
3.624954954954955	0.9997342031657387
3.6256756756756756	0.9997283335502878
3.6263963963963963	0.9997223343515902
3.627117117117117	0.9997162027104495
3.6278378378378378	0.9997099357046547
3.6285585585585585	0.9997035303475935
3.629279279279279	0.9996969835868375
3.63	0.9996902923026942
3.6307207207207206	0.9996834533067295
3.6314414414414413	0.9996764633402557
3.632162162162162	0.9996693190727886
3.6328828828828827	0.9996620171004685
3.6336036036036035	0.9996545539444502
3.634324324324324	0.999646926049253
3.635045045045045	0.9996391297810786
3.6357657657657656	0.9996311614260918
3.6364864864864863	0.9996230171886605
3.637207207207207	0.9996146931895621
3.6379279279279277	0.999606185464146
3.6386486486486485	0.9995974899604597
3.639369369369369	0.9995886025373326
3.64009009009009	0.9995795189624169
3.6408108108108106	0.9995702349101871
3.6415315315315313	0.9995607459598974
3.642252252252252	0.9995510475934902
3.6429729729729727	0.9995411351934638
3.6436936936936934	0.999531004040691
3.644414414414414	0.9995206493121895
3.645135135135135	0.9995100660788482
3.6458558558558556	0.9994992493030972
3.6465765765765763	0.999488193836534
3.647297297297297	0.9994768944174932
3.6480180180180177	0.9994653456685658
3.6487387387387384	0.9994535420940638
3.649459459459459	0.9994414780774304
3.65018018018018	0.9994291478785929
3.650900900900901	0.9994165456312596
3.6516216216216217	0.9994036653401562
3.6523423423423425	0.9993905008782046
3.653063063063063	0.999377045983639
3.653783783783784	0.999363294257059
3.6545045045045046	0.9993492391584214
3.6552252252252253	0.9993348740039638
3.655945945945946	0.9993201919630644
3.6566666666666667	0.9993051860550316
3.6573873873873874	0.9992898491458265
3.658108108108108	0.9992741739447121
3.658828828828829	0.999258153000833
3.6595495495495496	0.9992417786997186
3.6602702702702703	0.9992250432597124
3.660990990990991	0.9992079387283246
3.6617117117117117	0.9991904569785047
3.6624324324324324	0.999172589704836
3.663153153153153	0.9991543284196452
3.663873873873874	0.9991356644490322
3.6645945945945946	0.9991165889288107
3.6653153153153153	0.9990970928003642
3.666036036036036	0.9990771668064127
3.6667567567567567	0.9990568014866877
3.6674774774774774	0.9990359871735145
3.668198198198198	0.9990147139873018
3.668918918918919	0.9989929718319318
3.6696396396396396	0.9989707503900539
3.6703603603603603	0.998948039118278
3.671081081081081	0.9989248272422626
3.6718018018018017	0.9989011037517012
3.6725225225225224	0.9988768573951993
3.673243243243243	0.9988520766750447
3.673963963963964	0.9988267498418635
3.6746846846846846	0.9988008648891654
3.6754054054054053	0.9987744095477711
3.676126126126126	0.9987473712801213
3.6768468468468467	0.9987197372744674
3.6775675675675674	0.998691494438936
3.678288288288288	0.9986626293954689
3.679009009009009	0.9986331284736364
3.6797297297297296	0.9986029777043169
3.6804504504504503	0.9985721628132467
3.681171171171171	0.9985406692144295
3.6818918918918917	0.9985084820034112
3.6826126126126124	0.9984755859504107
3.683333333333333	0.9984419654933069
3.684054054054054	0.9984076047304784
3.6847747747747746	0.9983724874134939
3.6854954954954953	0.9983365969396482
3.686216216216216	0.9982999163443423
3.6869369369369367	0.9982624282933062
3.6876576576576574	0.9982241150746564
3.6883783783783786	0.9981849585907899
3.6890990990990993	0.9981449403501095
3.68981981981982	0.9981040414585761
3.6905405405405407	0.9980622426110871
3.6912612612612614	0.9980195240826742
3.691981981981982	0.9979758657195216
3.692702702702703	0.9979312469297974
3.6934234234234236	0.9978856466742944
3.6941441441441443	0.9978390434568821
3.694864864864865	0.9977914153147576
3.6955855855855857	0.9977427398085013
3.6963063063063064	0.9976929940119247
3.697027027027027	0.9976421545017139
3.697747747747748	0.9975901973468593
3.6984684684684686	0.9975370980978717
3.6991891891891893	0.9974828317757783
3.69990990990991	0.9974273728608957
3.7006306306306307	0.9973706952813748
3.7013513513513514	0.9973127724015162
3.702072072072072	0.9972535770098478
3.702792792792793	0.9971930813069642
3.7035135135135135	0.9971312568931201
3.7042342342342343	0.9970680747555785
3.704954954954955	0.9970035052557016
3.7056756756756757	0.9969375181157896
3.7063963963963964	0.9968700824056528
3.707117117117117	0.996801166528922
3.707837837837838	0.9967307382090849
3.7085585585585585	0.9966587644752485
3.7092792792792793	0.9965852116476223
3.71	0.9965100453227144
3.7107207207207207	0.9964332303582412
3.7114414414414414	0.9963547308577408
3.712162162162162	0.9962745101548891
3.712882882882883	0.9961925307975095
3.7136036036036035	0.9961087545312775
3.7143243243243242	0.9960231422831095
3.715045045045045	0.9959356541442336
3.7157657657657657	0.9958462493529373
3.7164864864864864	0.9957548862769868
3.717207207207207	0.9956615223957135
3.717927927927928	0.9955661142817618
3.7186486486486485	0.9954686175824926
3.7193693693693692	0.9953689870010417
3.72009009009009	0.9952671762770217
3.7208108108108107	0.995163138166867
3.7215315315315314	0.9950568244238164
3.722252252252252	0.9949481857775264
3.722972972972973	0.9948371719133114
3.7236936936936935	0.9947237314510075
3.7244144144144142	0.9946078119234502
3.725135135135135	0.9944893597545678
3.7258558558558557	0.9943683202370805
3.7265765765765764	0.9942446375098017
3.727297297297297	0.9941182545345382
3.728018018018018	0.993989113072583
3.7287387387387385	0.9938571536607977
3.7294594594594592	0.9937223155872779
3.73018018018018	0.9935845368665994
3.730900900900901	0.9934437542146404
3.731621621621622	0.9932999030229728
3.7323423423423425	0.9931529173328232
3.7330630630630632	0.9930027298085974
3.733783783783784	0.9928492717109613
3.7345045045045047	0.9926924728694823
3.7352252252252254	0.9925322616548192
3.735945945945946	0.9923685649504643
3.736666666666667	0.9922013081240302
3.7373873873873875	0.9920304149980796
3.7381081081081082	0.9918558078204979
3.738828828828829	0.9916774072344002
3.7395495495495497	0.99149513224758
3.7402702702702704	0.9913089002014869
3.740990990990991	0.991118626739739
3.741711711711712	0.9909242257761691
3.7424324324324325	0.9907256094623988
3.7431531531531532	0.9905226881549417
3.743873873873874	0.9903153703818406
3.7445945945945946	0.9901035628088312
3.7453153153153154	0.9898871702050376
3.746036036036036	0.9896660954082006
3.746756756756757	0.9894402392894391
3.7474774774774775	0.9892095007175451
3.748198198198198	0.9889737765228203
3.748918918918919	0.988732961460451
3.7496396396396396	0.9884869481734304
3.7503603603603604	0.9882356271550279
3.751081081081081	0.9879788867108148
3.751801801801802	0.9877166129202506
3.7525225225225225	0.9874486895978327
3.753243243243243	0.9871749982538247
3.753963963963964	0.9868954180545618
3.7546846846846846	0.9866098257823493
3.7554054054054054	0.9863180957949618
3.756126126126126	0.9860200999847515
3.7568468468468468	0.985715707737379
3.7575675675675675	0.9854047858901822
3.758288288288288	0.9850871986901881
3.759009009009009	0.9847628077517937
3.7597297297297296	0.9844314720141208
3.7604504504504503	0.9840930476980709
3.761171171171171	0.9837473882630922
3.7618918918918918	0.9833943443636799
3.7626126126126125	0.9830337638056337
3.763333333333333	0.9826654915020903
3.764054054054054	0.9822893694293564
3.7647747747747746	0.9819052365825703
3.7654954954954953	0.9815129289312137
3.766216216216216	0.9811122793745061
3.7669369369369368	0.9807031176967123
3.7676576576576575	0.9802852705223912
3.7683783783783786	0.9798585612716235
3.7690990990990993	0.9794228101152544
3.76981981981982	0.9789778339301847
3.7705405405405408	0.9785234462547537
3.7712612612612615	0.9780594572442568
3.771981981981982	0.9775856736266387
3.772702702702703	0.9771018986584105
3.7734234234234236	0.9766079320808385
3.7741441441441443	0.9761035700764588
3.774864864864865	0.9755886052259672
3.7755855855855858	0.9750628264655421
3.7763063063063065	0.9745260190446638
3.777027027027027	0.9739779644844848
3.777747747747748	0.9734184405368198
3.7784684684684686	0.9728472211438243
3.7791891891891893	0.9722640763984287
3.77990990990991	0.9716687725056037
3.7806306306306308	0.9710610717445324
3.7813513513513515	0.9704407324317738
3.782072072072072	0.969807508885493
3.782792792792793	0.9691611513908505
3.7835135135135136	0.9685014061666433
3.7842342342342343	0.9678280153332848
3.784954954954955	0.9671407168822234
3.7856756756756758	0.966439244646908
3.7863963963963965	0.9657233282753949
3.787117117117117	0.9649926932047089
3.787837837837838	0.9642470606370805
3.7885585585585586	0.9634861475181596
3.7892792792792793	0.9627096665173401
3.79	0.9619173260103165
3.7907207207207207	0.9611088300640006
3.7914414414414415	0.9602838784239319
3.792162162162162	0.959442166504322
3.792882882882883	0.9585833853808746
3.7936036036036036	0.9577072217865265
3.7943243243243243	0.956813358110258
3.795045045045045	0.9559014723991377
3.7957657657657657	0.9549712383637499
3.7964864864864865	0.9540223253871725
3.797207207207207	0.9530543985376821
3.797927927927928	0.9520671185853463
3.7986486486486486	0.9510601420226854
3.7993693693693693	0.9500331210895919
3.80009009009009	0.9489857038026817
3.8008108108108107	0.9479175339892745
3.8015315315315314	0.9468282513261924
3.802252252252252	0.9457174913835825
3.802972972972973	0.9445848856739537
3.8036936936936936	0.9434300617066363
3.8044144144144143	0.9422526430478838
3.805135135135135	0.9410522493868115
3.8058558558558557	0.9398284966073939
3.8065765765765764	0.9385809968667483
3.807297297297297	0.937309358679908
3.808018018018018	0.9360131870113142
3.8087387387387386	0.9346920833732626
3.8094594594594593	0.9333456459315106
3.81018018018018	0.9319734696182888
3.8109009009009007	0.9305751462529334
3.8116216216216214	0.929150264670385
3.8123423423423426	0.9276984108577608
3.8130630630630633	0.9262191680992473
3.813783783783784	0.9247121171295315
3.8145045045045047	0.9231768362960018
3.8152252252252254	0.9216129017299342
3.815945945945946	0.9200198875269019
3.816666666666667	0.9183973659366077
3.8173873873873876	0.9167449075623605
3.8181081081081083	0.9150620815704158
3.818828828828829	0.9133484559093655
3.8195495495495497	0.911603597539784
3.8202702702702704	0.9098270726743283
3.820990990990991	0.9080184470284582
3.821711711711712	0.9061772860819635
3.8224324324324326	0.90430315535145
3.8231531531531533	0.9023956206739557
3.823873873873874	0.9004542485018144
3.8245945945945947	0.8984786062089054
3.8253153153153154	0.8964682624084148
3.826036036036036	0.8944227872821836
3.826756756756757	0.8923417529217361
3.8274774774774776	0.8902247336810638
3.8281981981981983	0.8880713065411902
3.828918918918919	0.8858810514865488
3.8296396396396397	0.8836535518931973
3.8303603603603604	0.8813883949288163
3.831081081081081	0.8790851719644823
3.831801801801802	0.8767434789981202
3.8325225225225226	0.8743629170895738
3.8332432432432433	0.8719430928071409
3.833963963963964	0.8694836186854351
3.8346846846846847	0.8669841136944114
3.8354054054054054	0.8644442037193112
3.836126126126126	0.8618635220512977
3.836846846846847	0.8592417098885156
3.8375675675675676	0.8565784168472333
3.8382882882882883	0.8538733014827272
3.839009009009009	0.8511260318195379
3.8397297297297297	0.8483362858906367
3.8404504504504504	0.8455037522850625
3.841171171171171	0.8426281307035002
3.841891891891892	0.839709132521281
3.8426126126126126	0.8367464813581762
3.8433333333333333	0.8337399136543693
3.844054054054054	0.8306891792519433
3.8447747747747747	0.827594041981129
3.8454954954954954	0.8244542802505649
3.846216216216216	0.8212696876407763
3.8469369369369373	0.8180400734999844
3.847657657657658	0.8147652635413731
3.8483783783783787	0.8114451004408625
3.8490990990990994	0.8080794444344084
3.84981981981982	0.8046681739137848
3.850540540540541	0.8012111860198133
3.8512612612612616	0.7977083972318882
3.8519819819819823	0.7941597439526802
3.852702702702703	0.790565183086804
3.8534234234234237	0.7869246926122676
3.8541441441441444	0.7832382721433975
3.854864864864865	0.7795059434839721
3.855585585585586	0.7757277511692681
3.8563063063063066	0.7719037629956279
3.8570270270270273	0.7680340705362019
3.857747747747748	0.7641187896414942
3.8584684684684687	0.7601580609232628
3.8591891891891894	0.7561520502203685
3.85990990990991	0.7521009490451684
3.860630630630631	0.748004975008965
3.8613513513513515	0.7438643722250929
3.8620720720720723	0.7396794116882324
3.862792792792793	0.7354503916284635
3.8635135135135137	0.7311776378386871
3.8642342342342344	0.7268615039739748
3.864954954954955	0.7225023718215162
3.865675675675676	0.7181006515397512
3.8663963963963965	0.7136567818653973
3.8671171171171173	0.7091712302871107
3.867837837837838	0.7046444931844948
3.8685585585585587	0.7000770959312882
3.8692792792792794	0.6954695929616255
3.87	0.6908225677982438
3.870720720720721	0.6861366330416504
3.8714414414414415	0.6814124303193421
3.8721621621621622	0.6766506301941573
3.872882882882883	0.6718519320310294
3.8736036036036037	0.6670170638214142
3.8743243243243244	0.6621467819648357
3.875045045045045	0.6572418710069907
3.875765765765766	0.6523031433340355
3.8764864864864865	0.6473314388227802
3.8772072072072072	0.6423276244465497
3.877927927927928	0.6372925938366546
3.8786486486486487	0.632227266799543
3.8793693693693694	0.627132588789725
3.88009009009009	0.6220095303387754
3.880810810810811	0.616859086440839
3.8815315315315315	0.6116822758950945
3.8822522522522522	0.6064801406058719
3.882972972972973	0.6012537448411484
3.8836936936936937	0.5960041744503702
3.8844144144144144	0.5907325360425426
3.885135135135135	0.5854399561257584
3.885855855855856	0.5801275802094463
3.8865765765765765	0.5747965718706501
3.8872972972972972	0.5694481117858531
3.888018018018018	0.5640833967299772
3.8887387387387387	0.558703638544195
3.8894594594594594	0.5533100630743925
3.89018018018018	0.5479039090822131
3.890900900900901	0.5424864271306133
3.891621621621622	0.5370588784460575
3.8923423423423427	0.5316225337594905
3.8930630630630634	0.5261786721283203
3.893783783783784	0.5207285797417086
3.894504504504505	0.5152735487115003
3.8952252252252255	0.5098148758512456
3.8959459459459462	0.5043538614456892
3.896666666666667	0.49889180801323485
3.8973873873873877	0.49343001906391587
3.8981081081081084	0.48796979785532313
3.898828828828829	0.48251244614904537
3.89954954954955	0.47705926297017326
3.9002702702702705	0.47161154337231465
3.9009909909909912	0.4661705772106418
3.901711711711712	0.4607376479254677
3.9024324324324327	0.45531403133870807
3.9031531531531534	0.4499009944656705
3.903873873873874	0.44449979434445497
3.904594594594595	0.4391116768852926
3.9053153153153155	0.43373787574195716
3.906036036036036	0.428379611207406
3.906756756756757	0.4230380891357281
3.9074774774774776	0.4177144998922911
3.9081981981981984	0.4124100173339842
3.908918918918919	0.4071257978213499
3.90963963963964	0.4018629792642028
3.9103603603603605	0.39662268020231894
3.911081081081081	0.3914059989226653
3.911801801801802	0.3862140126144269
3.9125225225225226	0.3810477765630946
3.9132432432432434	0.37590832338465463
3.913963963963964	0.37079666230089986
3.914684684684685	0.3657137784566352
3.9154054054054055	0.3606606322795266
3.916126126126126	0.3556381588832121
3.916846846846847	0.3506472675140866
3.9175675675675676	0.345688841042134
3.9182882882882883	0.3407637354960626
3.919009009009009	0.3358727796427902
3.9197297297297298	0.3310167746112984
3.9204504504504505	0.3261964935607595
3.921171171171171	0.32141268139264473
3.921891891891892	0.3166660545064993
3.9226126126126126	0.31195730059896787
3.9233333333333333	0.3072870785054659
3.924054054054054	0.30265601808390885
3.9247747747747748	0.29806472013973384
3.9254954954954955	0.2935137563914479
3.926216216216216	0.2890036694757534
3.9269369369369374	0.28453497299130787
3.927657657657658	0.2801081515801243
3.9283783783783788	0.2757236610454166
3.9290990990990995	0.27138192850481674
3.92981981981982	0.26708335257773397
3.930540540540541	0.26282830360556664
3.9312612612612616	0.2586171239034894
3.9319819819819823	0.25445012804250666
3.932702702702703	0.2503276031603548
3.9334234234234238	0.24624980929990622
3.9341441441441445	0.2422169797736348
3.934864864864865	0.23822932155275767
3.935585585585586	0.23428701567957047
3.9363063063063066	0.23039021770155899
3.9370270270270273	0.22653905812586972
3.937747747747748	0.2227336428926556
3.9384684684684688	0.21897405386589217
3.9391891891891895	0.21526034934026772
3.93990990990991	0.21159256456270184
3.940630630630631	0.20797071226713146
3.9413513513513516	0.20439478322122553
3.9420720720720723	0.20086474678364943
3.942792792792793	0.1973805514705937
3.9435135135135138	0.19394212553031137
3.9442342342342345	0.1905493775243755
3.944954954954955	0.18720219691448498
3.945675675675676	0.18390045465362012
3.9463963963963966	0.18064400378044912
3.9471171171171173	0.17743268001585003
3.947837837837838	0.1742663023605162
3.9485585585585588	0.1711446736926529
3.9492792792792795	0.16806758136475924
3.95	0.1650347977985913
3.950720720720721	0.1620460810774431
3.9514414414414416	0.15910117553487355
3.9521621621621623	0.15619981233910588
3.952882882882883	0.15334171007236838
3.9536036036036037	0.15052657530443672
3.9543243243243245	0.14775410315974788
3.955045045045045	0.14502397787744695
3.955765765765766	0.14233587336382061
3.9564864864864866	0.13968945373655128
3.9572072072072073	0.13708437386031677
3.957927927927928	0.13452027987329945
3.9586486486486487	0.1319968097041621
3.9593693693693695	0.12951359357913303
3.96009009009009	0.12707025451887796
3.960810810810811	0.12466640882482938
3.9615315315315316	0.12230166655472254
3.9622522522522523	0.11997563198712043
3.962972972972973	0.1176879040746985
3.9636936936936937	0.11543807688614555
3.9644144144144144	0.11322574003652479
3.965135135135135	0.11105047910600814
3.965855855855856	0.10891187604687354
3.9665765765765766	0.10680950957872212
3.9672972972972973	0.10474295557189527
3.968018018018018	0.10271178741905733
3.9687387387387387	0.10071557639497081
3.9694594594594594	0.0987538920045088
3.97018018018018	0.09682630231893485
3.970900900900901	0.09493237430053397
3.971621621621622	0.09307167411569346
3.9723423423423427	0.09124376743652285
3.9730630630630634	0.08944821973112584
3.973783783783784	0.08768459654269217
3.974504504504505	0.08595246375751384
3.9752252252252256	0.0842513878621094
3.9759459459459463	0.08258093618960884
3.976666666666667	0.08094067715559387
3.9773873873873877	0.07933018048355833
3.9781081081081084	0.0777490174201924
3.978828828828829	0.07619676094069963
3.97954954954955	0.07467298594433455
3.9802702702702706	0.07317726944038162
3.9809909909909913	0.07170919072479998
3.981711711711712	0.07026833154773579
3.9824324324324327	0.06885427627213414
3.9831531531531534	0.06746661202368329
3.983873873873874	0.06610492883230083
3.984594594594595	0.06476881976540445
3.9853153153153156	0.06345788105318544
3.9860360360360363	0.06217171220612809
3.986756756756757	0.06090991612498699
3.9874774774774777	0.059672099203458714
3.9881981981981984	0.05845787142378187
3.988918918918919	0.057266846445476416
3.98963963963964	0.056098641687453626
3.9903603603603606	0.05495287840372521
3.9910810810810813	0.05382918175291656
3.991801801801802	0.05272718086180823
3.9925225225225227	0.05164650888312533
3.9932432432432434	0.05058680304777159
3.993963963963964	0.04954770471172662
3.994684684684685	0.048528859397801764
3.9954054054054056	0.04752991683246503
3.9961261261261263	0.04655053097791839
3.996846846846847	0.04559036005962579
3.9975675675675677	0.04464906658948545
3.9982882882882884	0.0437263173848189
3.999009009009009	0.042821783583362256
3.99972972972973	0.04193514065444045
4.000450450450451	0.041066068406484114
4.001171171171172	0.04021425099106478
4.001891891891892	0.03937937690360718
4.002612612612613	0.03856113898093776
4.003333333333334	0.037759234395819866
4.004054054054055	0.036973364648632545
4.004774774774775	0.0362032355563275
4.005495495495496	0.03544855723881285
4.006216216216217	0.03470904410289401
4.006936936936937	0.03398441482391129
4.007657657657658	0.03327439232519282
4.008378378378379	0.03257870375545065
4.0090990990991	0.03189708046424366
4.00981981981982	0.03122925797561421
4.010540540540541	0.0305749759600142
4.011261261261262	0.029933978204631888
4.011981981981982	0.029306012582214963
4.012702702702703	0.02869083101849403
4.013423423423424	0.028088189458305907
4.0141441441441446	0.02749784783050198
4.014864864864865	0.02691957001173424
4.015585585585586	0.02635312378920786
4.016306306306307	0.025798280822475043
4.017027027027027	0.025254816604354944
4.017747747747748	0.02472251042105089
4.018468468468469	0.024201145311542847
4.0191891891891895	0.023690508026317766
4.01990990990991	0.02319038898550749
4.020630630630631	0.022700582236500493
4.021351351351352	0.022220885411082143
4.022072072072072	0.021751099682164574
4.022792792792793	0.021291029720164025
4.023513513513514	0.02084048364907288
4.0242342342342345	0.02039927300227944
4.024954954954955	0.019967212678185946
4.025675675675676	0.019544120895664582
4.026396396396397	0.019129819149399607
4.027117117117117	0.018724132165153184
4.027837837837838	0.01832688785499827
4.028558558558559	0.017937917272550372
4.0292792792792795	0.0175570545682357
4.03	0.017184136944630998
4.030720720720721	0.016819004611901788
4.031441441441442	0.016461500743370983
4.032162162162162	0.01611147143124768
4.032882882882883	0.015768765642538166
4.033603603603604	0.015433235175166038
4.0343243243243245	0.015104734614326456
4.035045045045045	0.014783121289092083
4.035765765765766	0.014468255229294649
4.036486486486487	0.014159999122698507
4.037207207207207	0.013858218272487264
4.037927927927928	0.013562780555076127
4.038648648648649	0.013273556378267179
4.0393693693693695	0.01299041863976351
4.04009009009009	0.012713242686051911
4.040810810810811	0.012441906271668033
4.041531531531532	0.012176289518856728
4.042252252252252	0.011916274877634546
4.042972972972973	0.011661747086265396
4.043693693693694	0.011412593132159272
4.0444144144144145	0.011168702213198522
4.045135135135135	0.01092996569950119
4.045855855855856	0.010696277095625649
4.046576576576577	0.010467532003224414
4.047297297297297	0.010243628084148962
4.048018018018018	0.010024465024011109
4.048738738738739	0.009809944496205735
4.0494594594594595	0.009599970126395132
4.05018018018018	0.00939444745745878
4.050900900900901	0.00919328391491156
4.051621621621622	0.008996388772789342
4.052342342342342	0.008803673120004156
4.053063063063063	0.008615049827170514
4.053783783783784	0.008430433513900524
4.0545045045045045	0.008249740516569522
4.055225225225225	0.008072888856550034
4.055945945945946	0.007899798208914935
4.056666666666667	0.00773038987160617
4.057387387387387	0.0075645867350684825
4.058108108108108	0.00740231325234713
4.058828828828829	0.00724349540964534
4.0595495495495495	0.00708806069734009
4.06027027027027	0.0069359380814543285
4.060990990990991	0.0067870579755808635
4.061711711711712	0.0066413522132557174
4.062432432432432	0.00649875402077843
4.063153153153153	0.006359197990474052
4.063873873873874	0.006222620054394046
4.064594594594595	0.006088957458452862
4.065315315315315	0.005958148736995691
4.066036036036037	0.005830133687790951
4.066756756756757	0.005704853347449433
4.067477477477478	0.005582249967257432
4.068198198198198	0.005462266989428368
4.06891891891892	0.0053448490237587
4.0696396396396395	0.005229941824694429
4.070360360360361	0.005117492268792114
4.071081081081081	0.005007448332580187
4.0718018018018025	0.004899759070806842
4.072522522522522	0.004794374595077708
4.073243243243244	0.004691246052869949
4.073963963963965	0.004590325606927327
4.074684684684685	0.004491566415022165
4.075405405405406	0.004394922610085658
4.076126126126127	0.004300349280699105
4.0768468468468475	0.004207802451940796
4.077567567567568	0.004117239066584485
4.078288288288289	0.004028616966643675
4.07900900900901	0.003941894875257693
4.07972972972973	0.003857032378913439
4.080450450450451	0.0037739899099983854
4.081171171171172	0.0036927287296803506
4.0818918918918925	0.003613210911108088
4.082612612612613	0.0035353993229283016
4.083333333333334	0.003459257613114641
4.084054054054055	0.0033847501931028386
4.084774774774775	0.0033118422222276752
4.085495495495496	0.003240499592457335
4.086216216216217	0.0031706889134194933
4.0869369369369375	0.00310237749771513
4.087657657657658	0.0030355333465148324
4.088378378378379	0.002970125135433632
4.0890990990991	0.002906122200678887
4.08981981981982	0.0028434945254670716
4.090540540540541	0.0027822127267052785
4.091261261261262	0.0027222480419321895
4.0919819819819825	0.0026635723165144764
4.092702702702703	0.0026061579910945515
4.093423423423424	0.0025499780892846297
4.094144144144145	0.002495006205603165
4.094864864864865	0.0024412164936497244
4.095585585585586	0.0023885836545134414
4.096306306306307	0.002337082925411255
4.0970270270270275	0.0022866900685521202
4.097747747747748	0.0022373813602225064
4.098468468468469	0.0021891335800897386
4.09918918918919	0.0021419240007188463
4.09990990990991	0.002095730377299547
4.100630630630631	0.0020505309375789295
4.101351351351352	0.0020063043719963564
4.1020720720720725	0.0019630298240171165
4.102792792792793	0.0019206868806606258
4.103513513513514	0.0018792555632198339
4.104234234234235	0.0018387163181685171
4.104954954954955	0.0017990500082524404
4.105675675675676	0.0017602379037612
4.106396396396397	0.0017222616739775596
4.1071171171171175	0.0016851033788004399
4.107837837837838	0.0016487454605386713
4.108558558558559	0.001613170735871972
4.10927927927928	0.0015783623879763297
4.11	0.0015443039588101956
4.110720720720721	0.0015109793415586188
4.111441441441442	0.0014783727732324667
4.1121621621621625	0.001446468827419346
4.112882882882883	0.001415252407183482
4.113603603603604	0.0013847087381118493
4.114324324324325	0.0013548233615033277
4.115045045045045	0.0013255821276982893
4.115765765765766	0.001296971189546031
4.116486486486487	0.0012689769960069846
4.1172072072072075	0.0012415862858873598
4.117927927927928	0.001214786081703392
4.118648648648649	0.0011885636836729107
4.11936936936937	0.0011629066638313833
4.12009009009009	0.0011378028602701204
4.120810810810811	0.001113240371494363
4.121531531531532	0.0010892075508985623
4.1222522522522524	0.0010656930013566732
4.122972972972973	0.0010426855699252903
4.123693693693694	0.0010201743426570906
4.124414414414415	0.0009981486395225158
4.125135135135135	0.0009765980094376377
4.125855855855856	0.0009555122253958025
4.126576576576577	0.0009348812797011853
4.127297297297297	0.000914695379302031
4.128018018018018	0.0008949449412217804
4.128738738738739	0.000875620588085844
4.12945945945946	0.0008567131437422056
4.13018018018018	0.0008382136289740561
4.130900900900901	0.0008201132573023643
4.131621621621622	0.000802403430876663
4.132342342342342	0.0007850757364523532
4.133063063063063	0.000768121941452548
4.133783783783784	0.0007515339901128386
4.134504504504505	0.0007353039997073708
4.135225225225225	0.0007194242568543649
4.135945945945946	0.0007038872138996161
4.136666666666667	0.0006886854853762488
4.137387387387387	0.0006738118445393162
4.138108108108108	0.0006592592199735105
4.138828828828829	0.0006450206922725721
4.13954954954955	0.0006310894907889947
4.14027027027027	0.0006174589904524065
4.140990990990991	0.0006041227086552933
4.141711711711712	0.0005910743022047448
4.142432432432432	0.0005783075643386963
4.143153153153153	0.0005658164218054101
4.143873873873874	0.0005535949320049541
4.1445945945945954	0.0005416372801912248
4.145315315315315	0.0005299377767334382
4.146036036036037	0.0005184908544355834
4.146756756756757	0.0005072910659131185
4.147477477477478	0.0004963330810249842
4.148198198198198	0.0004856116843606202
4.14891891891892	0.00047512177278002585
4.1496396396396396	0.00046485835300652236
4.150360360360361	0.0004548165392702986
4.151081081081081	0.00044499155100259814
4.151801801801803	0.00043537871057852
4.152522522522522	0.00042597344110830473
4.153243243243244	0.0004167712642753317
4.153963963963965	0.0004077677982205152
4.154684684684685	0.00039895875547148955
4.155405405405406	0.00039033994091619524
4.156126126126127	0.0003819072498195669
4.156846846846848	0.00037365666588255096
4.157567567567568	0.0003655842593425993
4.158288288288289	0.0003576861851146583
4.15900900900901	0.0003499586809718899
4.15972972972973	0.00034239806576522063
4.160450450450451	0.0003350007376809804
4.161171171171172	0.00032776317253573224
4.161891891891893	0.0003206819221075531
4.162612612612613	0.0003137536125030348
4.163333333333334	0.0003069749425591669
4.164054054054055	0.00030034268227940587
4.164774774774775	0.00029385367130324504
4.165495495495496	0.0002875048174084964
4.166216216216217	0.00028129309504563364
4.166936936936938	0.00027521554390354925
4.167657657657658	0.0002692692675059852
4.168378378378379	0.000263451431838048
4.1690990990991	0.00025775926400212635
4.16981981981982	0.0002521900509026433
4.170540540540541	0.0002467411379589623
4.171261261261262	0.00024140992784588245
4.171981981981983	0.00023619387926116612
4.172702702702703	0.00023109050571946236
4.173423423423424	0.00022609737437209645
4.174144144144145	0.00022121210485220324
4.174864864864865	0.00021643236814460648
4.175585585585586	0.00021175588547994715
4.176306306306307	0.00020718042725257116
4.1770270270270276	0.00020270381196161428
4.177747747747748	0.00019832390517481944
4.178468468468469	0.00019403861851462548
4.17918918918919	0.00018984590866599866
4.17990990990991	0.00018574377640558854
4.180630630630631	0.00018173026565171968
4.181351351351352	0.00017780346253481755
4.1820720720720725	0.0001739614944877815
4.182792792792793	0.00017020252935590367
4.183513513513514	0.00016652477452593767
4.184234234234235	0.00016292647607386274
4.184954954954955	0.0001594059179309681
4.185675675675676	0.00015596142106788426
4.186396396396397	0.00015259134269613716
4.1871171171171175	0.0001492940754868711
4.187837837837838	0.00014606804680639243
4.188558558558559	0.00014291171796813255
4.18927927927928	0.00013982358350071353
4.19	0.00013680217043174654
4.190720720720721	0.00013384603758705857
4.191441441441442	0.00013095377490497835
4.1921621621621625	0.00012812400276537842
4.192882882882883	0.00012535537133317258
4.193603603603604	0.00012264655991592568
4.194324324324325	0.0001199962763352907
4.195045045045045	0.00011740325631199165
4.195765765765766	0.00011486626286403056
4.196486486486487	0.00011238408571785133
4.1972072072072075	0.00010995554073219628
4.197927927927928	0.00010757946933435278
4.198648648648649	0.00010525473796854943
4.19936936936937	0.00010298023755622291
4.20009009009009	0.00010075488296792441
4.200810810810811	9.857761250658736e-05
4.201531531531532	9.644738740192676e-05
4.2022522522522525	9.436319131574287e-05
4.202972972972973	9.232402985787002e-05
4.203693693693694	9.032893011255511e-05
4.204414414414415	8.837694017505295e-05
4.205135135135135	8.646712869819523e-05
4.205855855855856	8.459858444873145e-05
4.206576576576577	8.277041587324202e-05
4.2072972972972975	8.098175067339474e-05
4.208018018018018	7.923173539036346e-05
4.208738738738739	7.751953499819759e-05
4.20945945945946	7.584433250596837e-05
4.21018018018018	7.420532856848162e-05
4.210900900900901	7.260174110538332e-05
4.211621621621622	7.10328049284866e-05
4.2123423423423425	6.949777137712427e-05
4.213063063063063	6.799590796136433e-05
4.213783783783784	6.652649801292751e-05
4.214504504504505	6.508884034362362e-05
4.215225225225225	6.368224891115402e-05
4.215945945945946	6.23060524921297e-05
4.216666666666667	6.0959594362133035e-05
4.2173873873873875	5.964223198268032e-05
4.218108108108108	5.835333669494392e-05
4.218828828828829	5.70922934200722e-05
4.21954954954955	5.585850036597883e-05
4.22027027027027	5.465136874045245e-05
4.220990990990991	5.3470322470463196e-05
4.221711711711712	5.23147979275175e-05
4.2224324324324325	5.1184243658938474e-05
4.223153153153153	5.007812012495131e-05
4.223873873873874	4.899589944142951e-05
4.2245945945945955	4.793706512820558e-05
4.225315315315315	4.690111186280294e-05
4.226036036036037	4.5887545239473704e-05
4.226756756756757	4.489588153347044e-05
4.227477477477478	4.39256474703524e-05
4.228198198198198	4.297638000032327e-05
4.22891891891892	4.2047626077398115e-05
4.22963963963964	4.113894244336491e-05
4.230360360360361	4.0249895416381057e-05
4.231081081081081	3.938006068417005e-05
4.231801801801803	3.852902310163441e-05
4.2325225225225225	3.7696376492883676e-05
4.233243243243244	3.688172345749962e-05
4.233963963963965	3.608467518100748e-05
4.2346846846846855	3.5304851249420236e-05
4.235405405405406	3.454187946780275e-05
4.236126126126127	3.379539568273643e-05
4.236846846846848	3.306504360863222e-05
4.237567567567568	3.235047465777863e-05
4.238288288288289	3.165134777406843e-05
4.23900900900901	3.096732927031475e-05
4.2397297297297305	3.0298092669071425e-05
4.240450450450451	2.964331854689814e-05
4.241171171171172	2.900269438198778e-05
4.241891891891893	2.8375914405076033e-05
4.242612612612613	2.776267945357773e-05
4.243333333333334	2.7162696828872418e-05
4.244054054054055	2.657568015666437e-05
4.2447747747747755	2.6001349250364984e-05
4.245495495495496	2.54394299774249e-05
4.246216216216217	2.488965412854589e-05
4.246936936936938	2.4351759289723714e-05
4.247657657657658	2.3825488717053785e-05
4.248378378378379	2.3310591214234296e-05
4.2490990990991	2.2806821012720863e-05
4.2498198198198205	2.2313937654469088e-05
4.250540540540541	2.1831705877203604e-05
4.251261261261262	2.1359895502170715e-05
4.251981981981983	2.0898281324314978e-05
4.252702702702703	2.04466430048222e-05
4.253423423423424	2.000476496598869e-05
4.254144144144145	1.9572436288360882e-05
4.2548648648648655	1.9149450610090852e-05
4.255585585585586	1.8735606028474006e-05
4.256306306306307	1.8330705003605054e-05
4.257027027027028	1.793455426412044e-05
4.257747747747748	1.7546964714976406e-05
4.258468468468469	1.716775134721443e-05
4.25918918918919	1.679673314968033e-05
4.2599099099099105	1.6433733022650005e-05
4.260630630630631	1.6078577693316626e-05
4.261351351351352	1.5731097633107632e-05
4.262072072072073	1.539112697678756e-05
4.262792792792793	1.5058503443304327e-05
4.263513513513514	1.4733068258349364e-05
4.264234234234235	1.441466607859039e-05
4.2649549549549555	1.4103144917537116e-05
4.265675675675676	1.3798356073012198e-05
4.266396396396397	1.350015405618877e-05
4.267117117117118	1.3208396522157461e-05
4.267837837837838	1.2922944201996838e-05
4.268558558558559	1.2643660836311175e-05
4.26927927927928	1.2370413110200736e-05
4.2700000000000005	1.210307058964016e-05
