3.55	0.74364670384656
3.5507207207207205	0.7424516395133717
3.5514414414414412	0.7412529424857016
3.552162162162162	0.7400506197631963
3.5528828828828827	0.7388446785303874
3.5536036036036034	0.7376351261573096
3.554324324324324	0.7364219702001019
3.555045045045045	0.7352052184015971
3.5557657657657655	0.7339848786918918
3.5564864864864862	0.7327609591889002
3.557207207207207	0.7315334681988943
3.5579279279279277	0.7303024142170255
3.5586486486486484	0.7290678059278297
3.559369369369369	0.727829652205717
3.56009009009009	0.7265879621154392
3.5608108108108105	0.7253427449125491
3.5615315315315312	0.7240940100438327
3.562252252252252	0.7228417671477294
3.5629729729729727	0.7215860260547319
3.5636936936936934	0.7203267967877685
3.564414414414414	0.7190640895625667
3.565135135135135	0.7177979147880001
3.5658558558558555	0.7165282830664108
3.5665765765765762	0.7152552051939215
3.567297297297297	0.7139786921607214
3.5680180180180177	0.7126987551513347
3.5687387387387384	0.711415405544871
3.569459459459459	0.7101286549152539
3.5701801801801802	0.7088385150314301
3.570900900900901	0.7075449978575629
3.5716216216216217	0.706248115553193
3.5723423423423424	0.7049478804733957
3.573063063063063	0.7036443051689043
3.573783783783784	0.702337402386218
3.5745045045045045	0.7010271850676886
3.5752252252252252	0.6997136663515853
3.575945945945946	0.698396859572138
3.5766666666666667	0.6970767782595606
3.5773873873873874	0.6957534361400486
3.578108108108108	0.6944268471357623
3.578828828828829	0.6930970253647804
3.5795495495495495	0.691763985141036
3.5802702702702702	0.6904277409742287
3.580990990990991	0.6890883075697148
3.5817117117117117	0.6877456998283766
3.5824324324324324	0.6863999328464631
3.583153153153153	0.6850510219154176
3.583873873873874	0.6836989825216743
3.5845945945945945	0.6823438303464351
3.585315315315315	0.680985581265423
3.586036036036036	0.6796242513486126
3.5867567567567566	0.678259856859936
3.5874774774774774	0.676892414256968
3.588198198198198	0.6755219401905821
3.588918918918919	0.6741484515045916
3.5896396396396395	0.6727719652353588
3.59036036036036	0.6713924986113845
3.591081081081081	0.6700100690528731
3.5918018018018016	0.6686246941712729
3.5925225225225224	0.6672363917687932
3.593243243243243	0.6658451798378977
3.593963963963964	0.6644510765607695
3.5946846846846845	0.663054100308761
3.595405405405405	0.6616542696418094
3.596126126126126	0.6602516033078343
3.5968468468468466	0.6588461202421085
3.5975675675675673	0.6574378395666051
3.598288288288288	0.656026780589319
3.5990090090090088	0.6546129628035673
3.5997297297297295	0.6531964058872577
3.60045045045045	0.6517771297021434
3.601171171171171	0.650355154293044
3.6018918918918916	0.6489304998870459
3.6026126126126123	0.6475031868926774
3.603333333333333	0.64607323589906
3.6040540540540538	0.6446406676750345
3.6047747747747745	0.6432055031682604
3.605495495495495	0.6417677635042969
3.606216216216216	0.6403274699856527
3.6069369369369366	0.6388846440908151
3.6076576576576573	0.6374393074732533
3.608378378378378	0.635991481960398
3.6090990990990988	0.6345411895525961
3.60981981981982	0.6330884524220406
3.6105405405405406	0.6316332929116814
3.6112612612612613	0.6301757335340987
3.611981981981982	0.6287157969703701
3.6127027027027028	0.6272535060688995
3.6134234234234235	0.6257888838442288
3.614144144144144	0.6243219534758242
3.614864864864865	0.6228527383068374
3.6155855855855856	0.6213812618428466
3.6163063063063063	0.6199075477505673
3.617027027027027	0.6184316198565492
3.6177477477477478	0.6169535021458405
3.6184684684684685	0.6154732187606348
3.619189189189189	0.6139907939988916
3.61990990990991	0.6125062523129357
3.6206306306306306	0.6110196183080329
3.6213513513513513	0.6095309167409441
3.622072072072072	0.608040172518452
3.6227927927927928	0.6065474106958746
3.6235135135135135	0.6050526564755475
3.624234234234234	0.603555935205288
3.624954954954955	0.6020572723768371
3.6256756756756756	0.6005566936242794
3.6263963963963963	0.5990542247224409
3.627117117117117	0.5975498915852667
3.6278378378378378	0.5960437202641736
3.6285585585585585	0.5945357369463895
3.629279279279279	0.5930259679532628
3.63	0.5915144397385576
3.6307207207207206	0.5900011788867253
3.6314414414414413	0.5884862121111574
3.632162162162162	0.5869695662524171
3.6328828828828827	0.5854512682764539
3.6336036036036035	0.5839313452727918
3.634324324324324	0.5824098244527096
3.635045045045045	0.5808867331473909
3.6357657657657656	0.5793620988060614
3.6364864864864863	0.5778359489941058
3.637207207207207	0.5763083113911676
3.6379279279279277	0.5747792137892292
3.6386486486486485	0.5732486840906739
3.639369369369369	0.5717167503063342
3.64009009009009	0.5701834405535188
3.6408108108108106	0.5686487830540238
3.6415315315315313	0.5671128061321273
3.642252252252252	0.565575538212569
3.6429729729729727	0.5640370078185108
3.6436936936936934	0.562497243569486
3.644414414414414	0.5609562741793251
3.645135135135135	0.5594141284540782
3.6458558558558556	0.5578708352899119
3.6465765765765763	0.5563264236709965
3.647297297297297	0.5547809226673787
3.6480180180180177	0.5532343614328395
3.6487387387387384	0.5516867692027392
3.649459459459459	0.5501381752918492
3.65018018018018	0.5485886090921678
3.650900900900901	0.5470381000707298
3.6516216216216217	0.5454866777674011
3.6523423423423425	0.5439343717926551
3.653063063063063	0.5423812118253474
3.653783783783784	0.5408272276104734
3.6545045045045046	0.5392724489569171
3.6552252252252253	0.5377169057351892
3.655945945945946	0.5361606278751516
3.6566666666666667	0.5346036453637406
3.6573873873873874	0.5330459882426716
3.658108108108108	0.5314876866061394
3.658828828828829	0.52992877059851
3.6595495495495496	0.5283692704120014
3.6602702702702703	0.5268092162843601
3.660990990990991	0.5252486384965274
3.6617117117117117	0.5236875673702974
3.6624324324324324	0.5221260332659744
3.663153153153153	0.5205640665800165
3.663873873873874	0.5190016977426776
3.6645945945945946	0.5174389572156421
3.6653153153153153	0.5158758754896557
3.666036036036036	0.5143124830821498
3.6667567567567567	0.5127488105348635
3.6674774774774774	0.5111848884114568
3.668198198198198	0.5096207472951291
3.668918918918919	0.508056417786225
3.6696396396396396	0.5064919304998426
3.6703603603603603	0.5049273160634382
3.671081081081081	0.5033626051144282
3.6718018018018017	0.5017978282977913
3.6725225225225224	0.5002330162636638
3.673243243243243	0.4986681996649446
3.673963963963964	0.49710340915488915
3.6746846846846846	0.4955386753847089
3.6754054054054053	0.4939740290011693
3.676126126126126	0.4924095006441899
3.6768468468468467	0.4908451209444437
3.6775675675675674	0.48928092052096084
3.678288288288288	0.4877169299787285
3.679009009009009	0.48615317990630263
3.6797297297297296	0.48458970087341285
3.6804504504504503	0.48302652342857616
3.681171171171171	0.4814636780967121
3.6818918918918917	0.47990119537676207
3.6826126126126124	0.4783391057393137
3.683333333333333	0.47677743962422986
3.684054054054054	0.47521622743827874
3.6847747747747746	0.47365549955277875
3.6854954954954953	0.4720952863012393
3.686216216216216	0.4705356179770137
3.6869369369369367	0.46897652483095653
3.6876576576576574	0.4674180370690885
3.6883783783783786	0.4658601848502695
3.6890990990990993	0.46430299828387805
3.68981981981982	0.46274650742749995
3.6905405405405407	0.461190742284625
3.6912612612612614	0.45963573280235304
3.691981981981982	0.4580815088691087
3.692702702702703	0.456528100312366
3.6934234234234236	0.454975536896384
3.6941441441441443	0.4534238483199502
3.694864864864865	0.4518730642141383
3.6955855855855857	0.45032321414007354
3.6963063063063064	0.44877432758671204
3.697027027027027	0.4472264339686305
3.697747747747748	0.4456795626238304
3.6984684684684686	0.4441337428115457
3.6991891891891893	0.44258900371008075
3.69990990990991	0.44104537441464464
3.7006306306306307	0.43950288393520637
3.7013513513513514	0.43796156119436325
3.702072072072072	0.4364214350252233
3.702792792792793	0.4348825341693016
3.7035135135135135	0.4333448872744315
3.7042342342342343	0.4318085228926913
3.704954954954955	0.43027346947834655
3.7056756756756757	0.42873975538580666
3.7063963963963964	0.4272074088675995
3.707117117117117	0.4256764580723604
3.707837837837838	0.4241469310428391
3.7085585585585585	0.4226188557139246
3.7092792792792793	0.42109225991067883
3.71	0.4195671713464047
3.7107207207207207	0.41804361762071496
3.7114414414414414	0.4165216262176272
3.712162162162162	0.4150012245036763
3.712882882882883	0.4134824397260436
3.7136036036036035	0.4119652990107071
3.7143243243243242	0.41044982936060875
3.715045045045045	0.4089360576538416
3.7157657657657657	0.4074240106418572
3.7164864864864864	0.4059137149476911
3.717207207207207	0.4044051970642101
3.717927927927928	0.402898483352378
3.7186486486486485	0.40139360003954294
3.7193693693693692	0.3998905732177448
3.72009009009009	0.3983894288420448
3.7208108108108107	0.3968901927288685
3.7215315315315314	0.3953928905543857
3.722252252252252	0.39389754785289643
3.722972972972973	0.39240419001524496
3.7236936936936935	0.39091284228725587
3.7244144144144142	0.38942352976819034
3.725135135135135	0.38793627740922565
3.7258558558558557	0.38645111001195664
3.7265765765765764	0.3849680522269191
3.727297297297297	0.38348712855213646
3.728018018018018	0.38200836333168886
3.7287387387387385	0.3805317807543049
3.7294594594594592	0.3790574048519764
3.73018018018018	0.3775852594985966
3.730900900900901	0.3761153684086215
3.731621621621622	0.37464775513575405
3.7323423423423425	0.3731824430716525
3.7330630630630632	0.3717194554446622
3.733783783783784	0.37025881531857036
3.7345045045045047	0.3688005455913856
3.7352252252252254	0.3673446689941407
3.735945945945946	0.3658912080897196
3.736666666666667	0.36444018527170824
3.7373873873873875	0.362991622763271
3.7381081081081082	0.36154554261604394
3.738828828828829	0.36010196670906713
3.7395495495495497	0.35866091674772677
3.7402702702702704	0.35722241426272827
3.740990990990991	0.3557864806090927
3.741711711711712	0.3543531369651778
3.7424324324324325	0.3529224043317234
3.7431531531531532	0.35149430353092076
3.743873873873874	0.35006885520550757
3.7445945945945946	0.3486460798178859
3.7453153153153154	0.3472259976492665
3.746036036036036	0.34580862879883595
3.746756756756757	0.3443939931829497
3.7474774774774775	0.3429821105343488
3.748198198198198	0.34157300040140326
3.748918918918919	0.3401666821473717
3.7496396396396396	0.3387631749497015
3.7503603603603604	0.3373624977993376
3.751081081081081	0.3359646695000636
3.751801801801802	0.334569708667866
3.7525225225225225	0.3331776337303222
3.753243243243243	0.33178846292601366
3.753963963963964	0.3304022143039627
3.7546846846846846	0.3290189057230937
3.7554054054054054	0.3276385548517189
3.756126126126126	0.3262611791670476
3.7568468468468468	0.3248867959547202
3.7575675675675675	0.32351542230836555
3.758288288288288	0.3221470751291828
3.759009009009009	0.32078177112554634
3.7597297297297296	0.3194195268126371
3.7604504504504503	0.31806035851208836
3.761171171171171	0.3167042823516723
3.7618918918918918	0.31535131426499285
3.7626126126126125	0.3140014699912108
3.763333333333333	0.3126547650747902
3.764054054054054	0.3113112148652676
3.7647747747747746	0.30997083451704543
3.7654954954954953	0.30863363898920654
3.766216216216216	0.3072996430453533
3.7669369369369368	0.305968861253468
3.7676576576576575	0.3046413079857969
3.7683783783783786	0.3033169974187556
3.7690990990990993	0.3019959435328575
3.76981981981982	0.30067816011266413
3.7705405405405408	0.29936366074675713
3.7712612612612615	0.29805245882773274
3.771981981981982	0.2967445675522172
3.772702702702703	0.29543999992090414
3.7734234234234236	0.29413876873861355
3.7741441441441443	0.29284088661437124
3.774864864864865	0.2915463659615099
3.7755855855855858	0.29025521899779105
3.7763063063063065	0.2889674577455487
3.777027027027027	0.2876830940318467
3.777747747747748	0.2864021394886711
3.7784684684684686	0.28512460555312735
3.7791891891891893	0.2838505034676658
3.77990990990991	0.282579844280325
3.7806306306306308	0.2813126388449945
3.7813513513513515	0.28004889782169756
3.782072072072072	0.2787886316768927
3.782792792792793	0.27753185068379455
3.7835135135135136	0.27627856492271347
3.7842342342342343	0.275028784281414
3.784954954954955	0.2737825184554913
3.7856756756756758	0.27253977694876663
3.7863963963963965	0.2713005690737002
3.787117117117117	0.2700649039518221
3.787837837837838	0.2688327905141825
3.7885585585585586	0.26760423750181217
3.7892792792792793	0.26637925346621394
3.79	0.2651578467698577
3.7907207207207207	0.26394002558669893
3.7914414414414415	0.2627257979027122
3.792162162162162	0.26151517151644166
3.792882882882883	0.26030815403956714
3.7936036036036036	0.2591047528974864
3.7943243243243243	0.25790497532991324
3.795045045045045	0.2567088283914909
3.7957657657657657	0.25551631895242083
3.7964864864864865	0.2543274536991066
3.797207207207207	0.25314223913481254
3.797927927927928	0.25196068158033713
3.7986486486486486	0.2507827871747018
3.7993693693693693	0.24960856187584796
3.80009009009009	0.24843801146136013
3.8008108108108107	0.24727114152919086
3.8015315315315314	0.24610795749840453
3.802252252252252	0.24494846460993375
3.802972972972973	0.24379266792734913
3.8036936936936936	0.24264057233764078
3.8044144144144143	0.24149218255201332
3.805135135135135	0.24034750310669303
3.8058558558558557	0.23920653836374695
3.8065765765765764	0.23806929251191372
3.807297297297297	0.23693576956744683
3.808018018018018	0.23580597337496825
3.8087387387387386	0.2346799076083343
3.8094594594594593	0.23355757577151162
3.81018018018018	0.23243898119946596
3.8109009009009007	0.23132412705905442
3.8116216216216214	0.23021301634994118
3.8123423423423426	0.22910565190550927
3.8130630630630633	0.22800203639379446
3.813783783783784	0.2269021723184155
3.8145045045045047	0.22580606201952602
3.8152252252252254	0.22471370767476906
3.815945945945946	0.22362511130024354
3.816666666666667	0.222540274751473
3.8173873873873876	0.22145919972439537
3.8181081081081083	0.2203818877563482
3.818828828828829	0.21930834022706877
3.8195495495495497	0.21823855835970027
3.8202702702702704	0.2171725432218061
3.820990990990991	0.21611029572639098
3.821711711711712	0.21505181663292974
3.8224324324324326	0.21399710654840284
3.8231531531531533	0.2129461659283387
3.823873873873874	0.21189899507786245
3.8245945945945947	0.2108555941527513
3.8253153153153154	0.20981596316049564
3.826036036036036	0.20878010196136645
3.826756756756757	0.20774801026948803
3.8274774774774776	0.20671968765391754
3.8281981981981983	0.20569513353972405
3.828918918918919	0.20467434720908415
3.8296396396396397	0.2036573278023712
3.8303603603603604	0.20264407431925424
3.831081081081081	0.20163458561980122
3.831801801801802	0.20062886042558575
3.8325225225225226	0.1996268973207981
3.8332432432432433	0.19862869475336034
3.833963963963964	0.19763425103604482
3.8346846846846847	0.1966435643475963
3.8354054054054054	0.19565663273385736
3.836126126126126	0.19467345410889683
3.836846846846847	0.19369402625614138
3.8375675675675676	0.19271834682950942
3.8382882882882883	0.19174641335454912
3.839009009009009	0.19077822322957283
3.8397297297297297	0.1898137737268051
3.8404504504504504	0.18885306199352142
3.841171171171171	0.18789608505319433
3.841891891891892	0.18694283980664017
3.8426126126126126	0.18599332303316726
3.8433333333333333	0.18504753139172533
3.844054054054054	0.18410546142205605
3.8447747747747747	0.18316710954584473
3.8454954954954954	0.18223247206787258
3.846216216216216	0.18130154517716968
3.8469369369369373	0.18037432494816844
3.847657657657658	0.17945080734185734
3.8483783783783787	0.17853098820693483
3.8490990990990994	0.1776148632809633
3.84981981981982	0.17670242819152257
3.850540540540541	0.17579367845736352
3.8512612612612616	0.17488860948956095
3.8519819819819823	0.1739872165926658
3.852702702702703	0.17308949496585682
3.8534234234234237	0.172195439704091
3.8541441441441444	0.1713050457992535
3.854864864864865	0.1704183081413056
3.855585585585586	0.16953522151943298
3.8563063063063066	0.16865578062318728
3.8570270270270273	0.16777998004363606
3.857747747747748	0.16690781427450085
3.8584684684684687	0.16603927771329877
3.8591891891891894	0.1651743646624805
3.85990990990991	0.1643130693305669
3.860630630630631	0.1634553858332827
3.8613513513513515	0.16260130819468804
3.8620720720720723	0.16175083034830778
3.862792792792793	0.16090394613825768
3.8635135135135137	0.16006064932036834
3.8642342342342344	0.15922093356330597
3.864954954954955	0.15838479244969025
3.865675675675676	0.15755221947720927
3.8663963963963965	0.15672320805973194
3.8671171171171173	0.15589775152841287
3.867837837837838	0.1550758431328026
3.8685585585585587	0.15425747604194556
3.8692792792792794	0.1534426433454788
3.87	0.152631338054726
3.870720720720721	0.151823553103788
3.8714414414414415	0.15101928135062914
3.8721621621621622	0.15021851557815977
3.872882882882883	0.14942124849531466
3.8736036036036037	0.14862747273812704
3.8743243243243244	0.1478371808707988
3.875045045045045	0.14705036538676602
3.875765765765766	0.14626701870976008
3.8764864864864865	0.1454871331948643
3.8772072072072072	0.14471070112956627
3.877927927927928	0.14393771473480588
3.8786486486486487	0.14316816616601455
3.8793693693693694	0.14240204751415855
3.88009009009009	0.14163935080676807
3.880810810810811	0.1408800680089665
3.8815315315315315	0.14012419102449303
3.8822522522522522	0.13937171169672083
3.882972972972973	0.13862262180966947
3.8836936936936937	0.1378769130890126
3.8844144144144144	0.13713457720308
3.885135135135135	0.13639560576385443
3.885855855855856	0.13565999032796303
3.8865765765765765	0.13492772239766332
3.8872972972972972	0.1341987934218235
3.888018018018018	0.13347319479689737
3.8887387387387387	0.13275091786789436
3.8894594594594594	0.1320319539293397
3.89018018018018	0.13131629422623722
3.890900900900901	0.130603929955018
3.891621621621622	0.12989485226448663
3.8923423423423427	0.12918905225676486
3.8930630630630634	0.12848652098822091
3.893783783783784	0.1277872494704015
3.894504504504505	0.1270912286709532
3.8952252252252255	0.12639844951453996
3.8959459459459462	0.12570890288375017
3.896666666666667	0.12502257962000565
3.8973873873873877	0.1243394705244569
3.8981081081081084	0.12365956635887557
3.898828828828829	0.12298285784654042
3.89954954954955	0.12230933567311704
3.9002702702702705	0.12163899048753081
3.9009909909909912	0.12097181290283439
3.901711711711712	0.12030779349706802
3.9024324324324327	0.11964692281411435
3.9031531531531534	0.11898919136454629
3.903873873873874	0.11833458962646871
3.904594594594595	0.1176831080463539
3.9053153153153155	0.11703473703987038
3.906036036036036	0.11638946699270611
3.906756756756757	0.11574728826138161
3.9074774774774776	0.11510819117406411
3.9081981981981984	0.11447216603136749
3.908918918918919	0.1138392031071499
3.90963963963964	0.11320929264930374
3.9103603603603605	0.11258242488053949
3.911081081081081	0.11195858999916265
3.911801801801802	0.11133777817984461
3.9125225225225226	0.11071997957438656
3.9132432432432434	0.11010518431247726
3.913963963963964	0.10949338250244392
3.914684684684685	0.10888456423199686
3.9154054054054055	0.10827871956896734
3.916126126126126	0.10767583856203922
3.916846846846847	0.10707591124147366
3.9175675675675676	0.10647892761982823
3.9182882882882883	0.10588487769266616
3.919009009009009	0.10529375143926548
3.9197297297297298	0.10470553882331525
3.9204504504504505	0.10412022979360847
3.921171171171171	0.10353781428472769
3.921891891891892	0.10295828221772442
3.9226126126126126	0.10238162350079169
3.9233333333333333	0.10180782802993034
3.924054054054054	0.10123688568960873
3.9247747747747748	0.10066878635341601
3.9254954954954955	0.10010351988470893
3.926216216216216	0.09954107613725216
3.9269369369369374	0.09898144495585218
3.927657657657658	0.09842461617698478
3.9283783783783788	0.09787057962941605
3.9290990990990995	0.09731932513481716
3.92981981981982	0.09677084250837249
3.930540540540541	0.09622512155938166
3.9312612612612616	0.09568215209185503
3.9319819819819823	0.09514192390510287
3.932702702702703	0.09460442679431838
3.9334234234234238	0.09406965055115422
3.9341441441441445	0.09353758496429286
3.934864864864865	0.09300821982001131
3.935585585585586	0.09248154490273645
3.9363063063063066	0.0919575499956004
3.9370270270270273	0.09143622488098344
3.937747747747748	0.09091755934105393
3.9384684684684688	0.09040154315830147
3.9391891891891895	0.08988816611606378
3.93990990990991	0.08937741799904768
3.940630630630631	0.08886928859384395
3.9413513513513516	0.08836376768943599
3.9420720720720723	0.08786084507770263
3.942792792792793	0.08736051055391496
3.9435135135135138	0.08686275391722695
3.9442342342342345	0.08636756497116038
3.944954954954955	0.0858749335240838
3.945675675675676	0.08538484938968599
3.9463963963963966	0.08489730238744103
3.9471171171171173	0.08441228234307292
3.947837837837838	0.08392977908900888
3.9485585585585588	0.08344978246482967
3.9492792792792795	0.08297228231771364
3.95	0.08249726850287499
3.950720720720721	0.08202473088399645
3.9514414414414416	0.08155465933365615
3.9521621621621623	0.08108704373374906
3.952882882882883	0.08062187397590272
3.9536036036036037	0.0801591399618874
3.9543243243243245	0.0796988316040208
3.955045045045045	0.07924093882556729
3.955765765765766	0.0787854515611315
3.9564864864864866	0.0783323597570472
3.9572072072072073	0.07788165337175816
3.957927927927928	0.07743332237619871
3.9586486486486487	0.07698735675416388
3.9593693693693695	0.0765437465026769
3.96009009009009	0.07610248163235075
3.960810810810811	0.07566355216774467
3.9615315315315316	0.07522694814771527
3.9622522522522523	0.07479265962576272
3.962972972972973	0.07436067667037162
3.9636936936936937	0.07393098936534688
3.9644144144144144	0.07350358781014452
3.965135135135135	0.07307846212019743
3.965855855855856	0.07265560242723623
3.9665765765765766	0.07223499887960504
3.9672972972972973	0.07181664164257245
3.968018018018018	0.07140052089863813
3.9687387387387387	0.07098662684783202
3.9694594594594594	0.07057494970801367
3.97018018018018	0.070165479715162
3.970900900900901	0.06975820712366262
3.971621621621622	0.06935312220658964
3.9723423423423427	0.06895021525598505
3.9730630630630634	0.06854947658312883
3.973783783783784	0.06815089651880965
3.974504504504505	0.06775446541358635
3.9752252252252256	0.06736017363804991
3.9759459459459463	0.06696801158307643
3.976666666666667	0.06657796966007792
3.9773873873873877	0.06619003830124826
3.9781081081081084	0.06580420795980466
3.978828828828829	0.06542046911022503
3.97954954954955	0.06503881224848075
3.9802702702702706	0.06465922789226546
3.9809909909909913	0.06428170658121937
3.981711711711712	0.06390623887714962
3.9824324324324327	0.06353281536424625
3.9831531531531534	0.06316142664929426
3.983873873873874	0.06279206336188145
3.984594594594595	0.06242471615460228
3.9853153153153156	0.062059375703258056
3.9860360360360363	0.06169603270705125
3.986756756756757	0.061334677888779776
3.9874774774774777	0.0609753019950234
3.9881981981981984	0.0606178957963283
3.988918918918919	0.06026245008738744
3.98963963963964	0.05990895568721692
3.9903603603603606	0.059557403439328985
3.9910810810810813	0.059207784211900864
3.991801801801802	0.05886008889794018
3.9925225225225227	0.05851430841544672
3.9932432432432434	0.058170433707570406
3.993963963963964	0.05782845574276585
3.994684684684685	0.05748836551494328
3.9954054054054056	0.057150154043616015
3.9961261261261263	0.056813812374044766
3.996846846846847	0.056479331577376606
3.9975675675675677	0.05614670275078441
3.9982882882882884	0.055815917017599054
3.999009009009009	0.055486965527440146
3.99972972972973	0.05515983945634315
4.000450450450451	0.0548345300068828
4.001171171171172	0.05451102840829518
4.001891891891892	0.054189325916592826
4.002612612612613	0.05386941381468082
4.003333333333334	0.05355128341246601
4.004054054054055	0.053234926046967126
4.004774774774775	0.052920333082418225
4.005495495495496	0.05260749591037091
4.006216216216217	0.052296405949793144
4.006936936936937	0.05198705464716518
4.007657657657658	0.0516794334765724
4.008378378378379	0.05137353393979543
4.0090990990991	0.05106934756639722
4.00981981981982	0.05076686591380738
4.010540540540541	0.05046608056740366
4.011261261261262	0.05016698314059069
4.011981981981982	0.0498695652748759
4.012702702702703	0.04957381863994279
4.013423423423424	0.04927973493372186
4.0141441441441446	0.04898730588245713
4.014864864864865	0.04869652324077345
4.015585585585586	0.048407378791737884
4.016306306306307	0.048119864346920116
4.017027027027027	0.04783397174645012
4.017747747747748	0.04754969285907318
4.018468468468469	0.047267019582202585
4.0191891891891895	0.04698594384196976
4.01990990990991	0.046706457593272056
4.020630630630631	0.046428552819818135
4.021351351351352	0.04615222153417101
4.022072072072072	0.045877455777788734
4.022792792792793	0.0456042476210628
4.023513513513514	0.045332589163354337
4.0242342342342345	0.04506247253302796
4.024954954954955	0.0447938898874838
4.025675675675676	0.04452683341318575
4.026396396396397	0.04426129532569072
4.027117117117117	0.043997267869672556
4.027837837837838	0.04373474331894557
4.028558558558559	0.0434737139764855
4.0292792792792795	0.043214172174448576
4.03	0.0429561102741885
4.030720720720721	0.042699520666271425
4.031441441441442	0.042444395770488995
4.032162162162162	0.04219072803586945
4.032882882882883	0.041938509940686784
4.033603603603604	0.04168773399246803
4.0343243243243245	0.04143839272799874
4.035045045045045	0.0411904787133265
4.035765765765766	0.040943984543763044
4.036486486486487	0.04069890284388312
4.037207207207207	0.04045522626752439
4.037927927927928	0.04021294749778282
4.038648648648649	0.03997205924700773
4.0393693693693695	0.039732554256794915
4.04009009009009	0.039494425297978045
4.040810810810811	0.03925766517061849
4.041531531531532	0.03902226670399346
4.042252252252252	0.03878822275658266
4.042972972972973	0.0385555262160532
4.043693693693694	0.038324169999243166
4.0444144144144145	0.038094147052143486
4.045135135135135	0.037865450349878434
4.045855855855856	0.03763807289668455
4.046576576576577	0.03741200772588843
4.047297297297297	0.03718724789988178
4.048018018018018	0.0369637865100976
4.048738738738739	0.03674161667698246
4.0494594594594595	0.03652073154996861
4.05018018018018	0.0363011243074446
4.050900900900901	0.03608278815672448
4.051621621621622	0.0358657163340157
4.052342342342342	0.03564990210438581
4.053063063063063	0.035435338761727796
4.053783783783784	0.035222019628724205
4.0545045045045045	0.03500993805681008
4.055225225225225	0.03479908742613468
4.055945945945946	0.034589461145521944
4.056666666666667	0.034381052652429904
4.057387387387387	0.03417385541290887
4.058108108108108	0.033967862921558754
4.058828828828829	0.033763068701484135
4.0595495495495495	0.033559466304250524
4.06027027027027	0.033357049309837274
4.060990990990991	0.03315581132659058
4.061711711711712	0.03295574599117524
4.062432432432432	0.03275684696852532
4.063153153153153	0.03255910795179397
4.063873873873874	0.03236252266230211
4.064594594594595	0.03216708484948603
4.065315315315315	0.03197278829084534
4.066036036036037	0.03177962679188646
4.066756756756757	0.03158759418607092
4.067477477477478	0.03139668433475601
4.068198198198198	0.031206891127141475
4.06891891891892	0.03101820848020845
4.0696396396396395	0.030830630338664653
4.070360360360361	0.030644150674880837
4.071081081081081	0.030458763488835354
4.0718018018018025	0.03027446280804906
4.072522522522522	0.030091242687527196
4.073243243243244	0.029909097209693623
4.073963963963965	0.02972802048433075
4.074684684684685	0.029548006648513356
4.075405405405406	0.029369049866544972
4.076126126126127	0.02919114432989236
4.0768468468468475	0.029014284257119462
4.077567567567568	0.028838463893820727
4.078288288288289	0.028663677512553724
4.07900900900901	0.028489919412771156
4.07972972972973	0.028317183920752227
4.080450450450451	0.028145465389533362
4.081171171171172	0.02797475819883857
4.0818918918918925	0.027805056755008203
4.082612612612613	0.02763635549092909
4.083333333333334	0.027468648865962186
4.084054054054055	0.027301931365870606
4.084774774774775	0.027136197502746952
4.085495495495496	0.02697144181494012
4.086216216216217	0.026807658866981554
4.0869369369369375	0.02664484324951105
4.087657657657658	0.026482989579202046
4.088378378378379	0.026322092498686438
4.0890990990991	0.026162146676478936
4.08981981981982	0.026003146806900957
4.090540540540541	0.02584508761000411
4.091261261261262	0.025687963831493212
4.0919819819819825	0.025531770242648914
4.092702702702703	0.025376501640250078
4.093423423423424	0.025222152846494907
4.094144144144145	0.02506871870892344
4.094864864864865	0.02491619410033788
4.095585585585586	0.024764573918723498
4.096306306306307	0.02461385308716898
4.0970270270270275	0.024464026553786412
4.097747747747748	0.024315089291631002
4.098468468468469	0.0241670362986204
4.09918918918919	0.024019862597453756
4.09990990990991	0.023873563235530495
4.100630630630631	0.023728133284868745
4.101351351351352	0.02358356784202353
4.1020720720720725	0.023439862028004684
4.102792792792793	0.023297010988194488
4.103513513513514	0.023155009892265235
4.104234234234235	0.023013853934095743
4.104954954954955	0.02287353833168922
4.105675675675676	0.022734058327089357
4.106396396396397	0.022595409186296926
4.1071171171171175	0.02245758619918608
4.107837837837838	0.02232058467942042
4.108558558558559	0.02218439996436888
4.10927927927928	0.022049027415021443
4.11	0.021914462415904654
4.110720720720721	0.021780700374996995
4.111441441441442	0.021647736723644114
4.1121621621621625	0.021515566916473855
4.112882882882883	0.0213841864313112
4.113603603603604	0.021253590769093052
4.114324324324325	0.021123775453782887
4.115045045045045	0.02099473603228547
4.115765765765766	0.02086646807436067
4.116486486486487	0.02073896717253869
4.1172072072072075	0.02061222894203371
4.117927927927928	0.02048624902065819
4.118648648648649	0.020361023068736897
4.11936936936937	0.020236546769020935
4.12009009009009	0.020112815826601647
4.120810810810811	0.019989825968824464
4.121531531531532	0.01986757294520272
4.1222522522522524	0.019746052527331404
4.122972972972973	0.019625260508800865
4.123693693693694	0.019505192705110495
4.124414414414415	0.01938584495358238
4.125135135135135	0.01926721311327491
4.125855855855856	0.01914929306489652
4.126576576576577	0.019032080710718775
4.127297297297297	0.018915571974490716
4.128018018018018	0.01879976280135195
4.128738738738739	0.018684649157746362
4.12945945945946	0.018570227031335727
4.13018018018018	0.01845649243091332
4.130900900900901	0.01834344138631757
4.131621621621622	0.018231069948345734
4.132342342342342	0.018119374188667593
4.133063063063063	0.0180083501997392
4.133783783783784	0.01789799409471666
4.134504504504505	0.01778830200736997
4.135225225225225	0.0176792700919969
4.135945945945946	0.017570894523336936
4.136666666666667	0.017463171496485286
4.137387387387387	0.01735609722680708
4.138108108108108	0.017249667949851017
4.138828828828829	0.017143879921264333
4.13954954954955	0.017038729416706592
4.14027027027027	0.016934212731764216
4.140990990990991	0.01683032618186495
4.141711711711712	0.01672706610219243
4.142432432432432	0.016624428847600847
4.143153153153153	0.016522410792529734
4.143873873873874	0.016421008330918807
4.1445945945945954	0.016320217876122877
4.145315315315315	0.016220035860827466
4.146036036036037	0.016120458736962818
4.146756756756757	0.0160214829756209
4.147477477477478	0.01592310506696908
4.148198198198198	0.015825321520167603
4.14891891891892	0.015728128863283095
4.1496396396396396	0.015631523643206854
4.150360360360361	0.015535502425568632
4.151081081081081	0.015440061794654642
4.151801801801803	0.015345198353322088
4.152522522522522	0.015250908722917325
4.153243243243244	0.01515718954319074
4.153963963963965	0.01506403747221506
4.154684684684685	0.01497144918630109
4.155405405405406	0.01487942137991531
4.156126126126127	0.014787950765596952
4.156846846846848	0.01469703407387542
4.157567567567568	0.014606668053187822
4.158288288288289	0.0145168494697967
4.15900900900901	0.014427575107707926
4.15972972972973	0.01433884176858879
4.160450450450451	0.01425064627168634
4.161171171171172	0.014162985453745437
4.161891891891893	0.014075856168927963
4.162612612612613	0.013989255288731253
4.163333333333334	0.013903179701907171
4.164054054054055	0.013817626314381317
4.164774774774775	0.013732592049172425
4.165495495495496	0.01364807384631191
4.166216216216217	0.01356406866276369
4.166936936936938	0.013480573472344149
4.167657657657658	0.013397585265642319
4.168378378378379	0.013315101049940277
4.1690990990991	0.013233117849133749
4.16981981981982	0.013151632703652896
4.170540540540541	0.01307064267038335
4.171261261261262	0.012990144822587521
4.171981981981983	0.012910136249825682
4.172702702702703	0.012830614057878175
4.173423423423424	0.012751575368666914
4.174144144144145	0.012673017320177591
4.174864864864865	0.012594937066381966
4.175585585585586	0.012517331777160436
4.176306306306307	0.012440198638224776
4.1770270270270276	0.012363534851041141
4.177747747747748	0.012287337632753274
4.178468468468469	0.012211604216105959
4.17918918918919	0.01213633184936869
4.17990990990991	0.012061517796259585
4.180630630630631	0.011987159335869512
4.181351351351352	0.01191325376258647
4.1820720720720725	0.0118397983860202
4.182792792792793	0.011766790530927102
4.183513513513514	0.011694227537134989
4.184234234234235	0.011622106759468913
4.184954954954955	0.01155042556767638
4.185675675675676	0.011479181346353232
4.186396396396397	0.011408371494869706
4.1871171171171175	0.0113379934272967
4.187837837837838	0.011268044572332313
4.188558558558559	0.011198522373228614
4.18927927927928	0.011129424287718659
4.19	0.011060747787943756
4.190720720720721	0.010992490360380986
4.191441441441442	0.01092464950577095
4.1921621621621625	0.010857222739045781
4.192882882882883	0.010790207589257417
4.193603603603604	0.010723601599506161
4.194324324324325	0.010657402326869157
4.195045045045045	0.010591607342329848
4.195765765765766	0.010526214230706937
4.196486486486487	0.010461220590583981
4.1972072072072075	0.010396624034239159
4.197927927927928	0.010332422187575288
4.198648648648649	0.010268612690050123
4.19936936936937	0.010205193194606861
4.20009009009009	0.010142161367604952
4.200810810810811	0.010079514888751133
4.201531531531532	0.01001725145103073
4.2022522522522525	0.009955368760639214
4.202972972972973	0.009893864536914019
4.203693693693694	0.009832736512266611
4.204414414414415	0.009771982432114811
4.205135135135135	0.009711600054815464
4.205855855855856	0.009651587151597
4.206576576576577	0.009591941506492953
4.2072972972972975	0.009532660916275046
4.208018018018018	0.009473743190386888
4.208738738738739	0.00941518615087785
4.20945945945946	0.0093569876323372
4.21018018018018	0.009299145481828515
4.210900900900901	0.009241657558824333
4.211621621621622	0.009184521735141067
4.2123423423423425	0.009127735894874197
4.213063063063063	0.009071297934333693
4.213783783783784	0.009015205761979726
4.214504504504505	0.008959457298358618
4.215225225225225	0.00890405047603907
4.215945945945946	0.008848983239548684
4.216666666666667	0.008794253545310477
4.2173873873873875	0.008739859361580232
4.218108108108108	0.008685798668383517
4.218828828828829	0.00863206945745326
4.21954954954955	0.00857866973216753
4.22027027027027	0.008525597507487574
4.220990990990991	0.008472850809896107
4.221711711711712	0.008420427677335873
4.2224324324324325	0.008368326159148457
4.223153153153153	0.008316544316013362
4.223873873873874	0.008265080219887333
4.2245945945945955	0.008213931953943899
4.225315315315315	0.008163097612513506
4.226036036036037	0.008112575301022988
4.226756756756757	0.008062363135936801
4.227477477477478	0.008012459244696723
4.228198198198198	0.0079628617656637
4.22891891891892	0.007913568848057861
4.22963963963964	0.007864578651901141
4.230360360360361	0.007815889347957811
4.231081081081081	0.007767499117677338
4.231801801801803	0.007719406153135653
4.2325225225225225	0.007671608656978451
4.233243243243244	0.00762410484236299
4.233963963963965	0.007576892932901835
4.2346846846846855	0.007529971162605438
4.235405405405406	0.007483337775825846
4.236126126126127	0.007436991027200339
4.236846846846848	0.007390929181595362
4.237567567567568	0.007345150514050733
4.238288288288289	0.007299653309724077
4.23900900900901	0.007254435863835583
4.2397297297297305	0.007209496481612741
4.240450450450451	0.007164833478235864
4.241171171171172	0.0071204451787833176
4.241891891891893	0.007076329918177278
4.242612612612613	0.007032486041129687
4.243333333333334	0.006988911902088442
4.244054054054055	0.006945605865183852
4.2447747747747755	0.006902566304175324
4.245495495495496	0.006859791602398311
4.246216216216217	0.006817280152711501
4.246936936936938	0.006775030357444246
4.247657657657658	0.006733040628344252
4.248378378378379	0.006691309386525498
4.2490990990991	0.006649835062416408
4.2498198198198205	0.006608616095708269
4.250540540540541	0.006567650935303931
4.251261261261262	0.006526938039266524
4.251981981981983	0.006486475874768878
4.252702702702703	0.006446262918042723
4.253423423423424	0.00640629765432836
4.254144144144145	0.006366578577824526
4.2548648648648655	0.0063271041916385
4.255585585585586	0.006287873007736448
4.256306306306307	0.006248883546894005
4.257027027027028	0.006210134338647095
4.257747747747748	0.00617162392124299
4.258468468468469	0.006133350841591603
4.25918918918919	0.006095313655217021
4.2599099099099105	0.006057510926209264
4.260630630630631	0.006019941227176293
4.261351351351352	0.00598260313919628
4.262072072072073	0.0059454952517699056
4.262792792792793	0.005908616162773316
4.263513513513514	0.005871964478410881
4.264234234234235	0.005835538813168401
4.2649549549549555	0.005799337789766495
4.265675675675676	0.0057633600391142304
4.266396396396397	0.005727604200262962
4.267117117117118	0.005692068920360427
4.267837837837838	0.005656752854605039
4.268558558558559	0.005621654666200424
4.26927927927928	0.0055867730263101855
4.2700000000000005	0.005552106614012887
