#  N  a  err(a)  b  err(b)
512	10.55332999213324	0.18696209134535885
-41.61026209082326	0.7433638818028748
1024	14.985470329987029	0.2617908094891811
-59.36145640681661	1.0419614364418168
2048	22.03849515985741	0.3295287863247923
-87.8143787586528	1.3157224972677726
4096	29.406160010738493	0.6145115162863531
-117.65997354738478	2.461186790126547
8192	43.75449488531161	0.8333106969931279
-176.08086261502692	3.355952428571454
16384	60.61076158926601	0.9371490300967107
-245.03786809959396	3.7912387260347766
32768	104.07449556876537	3.7831448454144367
-422.8139484528798	15.37334571509654
