3.47	0.9999988365073781
3.4712512512512514	0.999998800862498
3.4725025025025027	0.9999987641255986
3.473753753753754	0.9999987262632256
3.475005005005005	0.9999986872408986
3.4762562562562564	0.9999986470230813
3.4775075075075077	0.9999986055731487
3.478758758758759	0.9999985628533535
3.48001001001001	0.9999985188247927
3.4812612612612615	0.9999984734473708
3.4825125125125127	0.9999984266797641
3.483763763763764	0.9999983784793832
3.485015015015015	0.9999983288023333
3.4862662662662665	0.9999982776033757
3.4875175175175177	0.999998224835885
3.488768768768769	0.9999981704518078
3.49002002002002	0.9999981144016189
3.4912712712712715	0.9999980566342749
3.4925225225225227	0.9999979970971695
3.493773773773774	0.9999979357360843
3.495025025025025	0.9999978724951405
3.4962762762762765	0.9999978073167463
3.4975275275275277	0.9999977401415467
3.498778778778779	0.9999976709083677
3.50003003003003	0.9999975995541616
3.5012812812812815	0.9999975260139484
3.5025325325325327	0.9999974502207584
3.503783783783784	0.9999973721055695
3.505035035035035	0.9999972915972455
3.5062862862862865	0.9999972086224709
3.5075375375375377	0.9999971231056837
3.508788788788789	0.9999970349690077
3.51004004004004	0.9999969441321803
3.5112912912912915	0.9999968505124804
3.5125425425425427	0.9999967540246527
3.513793793793794	0.9999966545808298
3.5150450450450452	0.9999965520904529
3.5162962962962965	0.9999964464601883
3.5175475475475477	0.9999963375938432
3.518798798798799	0.9999962253922787
3.5200500500500502	0.9999961097533174
3.5213013013013015	0.9999959905716529
3.5225525525525527	0.9999958677387517
3.523803803803804	0.9999957411427562
3.5250550550550552	0.9999956106683818
3.5263063063063065	0.9999954761968116
3.5275575575575577	0.9999953376055896
3.528808808808809	0.9999951947685074
3.5300600600600602	0.9999950475554911
3.5313113113113115	0.9999948958324817
3.5325625625625627	0.9999947394613129
3.533813813813814	0.9999945782995864
3.5350650650650652	0.9999944122005411
3.5363163163163165	0.9999942410129197
3.5375675675675677	0.9999940645808318
3.538818818818819	0.9999938827436109
3.5400700700700702	0.9999936953356685
3.5413213213213215	0.9999935021863436
3.5425725725725727	0.9999933031197471
3.543823823823824	0.9999930979546015
3.5450750750750752	0.9999928865040757
3.5463263263263265	0.9999926685756156
3.5475775775775777	0.999992443970768
3.548828828828829	0.9999922124850004
3.5500800800800802	0.9999919739075147
3.5513313313313315	0.9999917280210546
3.5525825825825827	0.9999914746017092
3.553833833833834	0.9999912134187074
3.5550850850850853	0.9999909442342095
3.5563363363363365	0.9999906668030893
3.5575875875875878	0.9999903808727114
3.558838838838839	0.9999900861827014
3.5600900900900903	0.9999897824647087
3.5613413413413415	0.9999894694421624
3.5625925925925928	0.9999891468300183
3.563843843843844	0.9999888143345012
3.5650950950950953	0.9999884716528362
3.5663463463463465	0.9999881184729738
3.5675975975975978	0.9999877544733042
3.568848848848849	0.9999873793223673
3.5701001001001003	0.9999869926785483
3.5713513513513515	0.9999865941897678
3.5726026026026028	0.9999861834931617
3.573853853853854	0.9999857602147496
3.5751051051051053	0.9999853239690959
3.5763563563563565	0.9999848743589573
3.5776076076076078	0.9999844109749229
3.578858858858859	0.9999839333950395
3.5801101101101103	0.9999834411844293
3.5813613613613615	0.999982933894893
3.5826126126126128	0.9999824110645017
3.583863863863864	0.9999818722171776
3.5851151151151153	0.9999813168622589
3.5863663663663665	0.9999807444940547
3.5876176176176178	0.9999801545913838
3.588868868868869	0.9999795466171001
3.5901201201201203	0.9999789200176046
3.5913713713713715	0.999978274222341
3.5926226226226228	0.9999776086432759
3.593873873873874	0.9999769226743646
3.5951251251251253	0.9999762156909984
3.5963763763763765	0.9999754870494367
3.5976276276276278	0.9999747360862214
3.598878878878879	0.9999739621175721
3.6001301301301303	0.9999731644387643
3.6013813813813815	0.9999723423234884
3.602632632632633	0.9999714950231886
3.603883883883884	0.9999706217663803
3.6051351351351353	0.9999697217579504
3.6063863863863865	0.999968794178431
3.607637637637638	0.9999678381832565
3.608888888888889	0.9999668529019926
3.6101401401401403	0.9999658374375456
3.6113913913913915	0.9999647908653455
3.612642642642643	0.9999637122325055
3.613893893893894	0.9999626005569535
3.6151451451451453	0.9999614548265401
3.6163963963963965	0.9999602739981165
3.617647647647648	0.9999590569965862
3.618898898898899	0.9999578027139264
3.6201501501501503	0.99995651000818
3.6214014014014015	0.9999551777024165
3.622652652652653	0.999953804583662
3.623903903903904	0.9999523894017951
3.6251551551551553	0.9999509308684098
3.6264064064064065	0.9999494276556438
3.627657657657658	0.9999478783949701
3.628908908908909	0.999946281675953
3.6301601601601603	0.9999446360449641
3.6314114114114115	0.999942940003862
3.632662662662663	0.9999411920086272
3.633913913913914	0.9999393904679607
3.6351651651651653	0.9999375337418344
3.6364164164164166	0.999935620140002
3.637667667667668	0.9999336479204598
3.638918918918919	0.9999316152878645
3.6401701701701703	0.9999295203918993
3.6414214214214216	0.9999273613255932
3.642672672672673	0.9999251361235857
3.643923923923924	0.9999228427603414
3.6451751751751753	0.9999204791483075
3.6464264264264266	0.9999180431360171
3.647677677677678	0.999915532506133
3.648928928928929	0.9999129449734327
3.6501801801801803	0.9999102781827317
3.6514314314314316	0.9999075297067419
3.652682682682683	0.9999046970438678
3.653933933933934	0.9999017776159315
3.6551851851851853	0.9998987687658307
3.6564364364364366	0.9998956677551256
3.657687687687688	0.9998924717615492
3.658938938938939	0.9998891778764452
3.6601901901901903	0.9998857831021246
3.6614414414414416	0.999882284349144
3.662692692692693	0.9998786784334988
3.663943943943944	0.9998749620737319
3.6651951951951953	0.9998711318879552
3.6664464464464466	0.9998671843907768
3.667697697697698	0.999863115990138
3.668948948948949	0.9998589229840521
3.6702002002002003	0.999854601557244
3.6714514514514516	0.9998501477776877
3.672702702702703	0.9998455575930367
3.673953953953954	0.9998408268269476
3.6752052052052053	0.9998359511752911
3.6764564564564566	0.999830926202246
3.677707707707708	0.9998257473362763
3.678958958958959	0.9998204098659835
3.6802102102102103	0.9998149089358355
3.6814614614614616	0.9998092395417616
3.682712712712713	0.9998033965266171
3.683963963963964	0.9997973745755064
3.6852152152152153	0.999791168210967
3.6864664664664666	0.9997847717880041
3.687717717717718	0.9997781794889757
3.688968968968969	0.9997713853183212
3.6902202202202203	0.9997643830971306
3.6914714714714716	0.999757166457548
3.692722722722723	0.999749728837004
3.693973973973974	0.9997420634722743
3.6952252252252253	0.9997341633933581
3.6964764764764766	0.9997260214171668
3.697727727727728	0.9997176301410267
3.698978978978979	0.9997089819359785
3.7002302302302303	0.9997000689398785
3.7014814814814816	0.999690883050287
3.702732732732733	0.9996814159171418
3.703983983983984	0.99967165893521
3.7052352352352353	0.9996616032363103
3.7064864864864866	0.9996512396813001
3.707737737737738	0.9996405588518189
3.708988988988989	0.999629551041782
3.7102402402402404	0.9996182062486167
3.7114914914914916	0.9996065141642339
3.712742742742743	0.9995944641657235
3.713993993993994	0.9995820453057727
3.7152452452452454	0.999569246302791
3.7164964964964966	0.999556055530738
3.717747747747748	0.9995424610086442
3.718998998998999	0.9995284503898142
3.7202502502502504	0.9995140109507051
3.7215015015015016	0.9994991295794688
3.722752752752753	0.9994837927641483
3.724004004004004	0.9994679865805188
3.7252552552552554	0.9994516966795616
3.7265065065065066	0.9994349082745622
3.727757757757758	0.9994176061278183
3.729009009009009	0.9993997745369491
3.7302602602602604	0.9993813973207923
3.7315115115115116	0.9993624578048783
3.732762762762763	0.9993429388064661
3.734014014014014	0.9993228226191329
3.7352652652652654	0.9993020909968985
3.7365165165165166	0.9992807251378768
3.737767767767768	0.9992587056674348
3.739019019019019	0.9992360126208503
3.7402702702702704	0.9992126254254478
3.7415215215215216	0.9991885228822028
3.742772772772773	0.9991636831467967
3.744024024024024	0.9991380837101045
3.7452752752752754	0.9991117013781023
3.7465265265265266	0.9990845122511762
3.747777777777778	0.9990564917028144
3.749029029029029	0.9990276143576661
3.7502802802802804	0.9989978540689488
3.7515315315315316	0.9989671838951857
3.752782782782783	0.9989355760762508
3.754034034034034	0.9989030020087071
3.7552852852852854	0.9988694322204144
3.7565365365365366	0.9988348363443857
3.757787787787788	0.9987991830918724
3.759039039039039	0.9987624402246568
3.7602902902902904	0.9987245745265256
3.7615415415415416	0.9986855517739093
3.762792792792793	0.9986453367056527
3.764044044044044	0.9986038929919049
3.7652952952952954	0.9985611832020929
3.7665465465465466	0.9985171687719614
3.767797797797798	0.9984718099696485
3.769049049049049	0.9984250658607721
3.7703003003003004	0.9983768942724995
3.7715515515515516	0.9983272517565732
3.772802802802803	0.9982760935512623
3.774054054054054	0.9982233735422129
3.7753053053053054	0.9981690442221645
3.7765565565565566	0.9981130566495061
3.777807807807808	0.9980553604056361
3.779059059059059	0.9979959035510971
3.7803103103103104	0.9979346325804519
3.7815615615615616	0.9978714923758675
3.782812812812813	0.997806426159374
3.784064064064064	0.9977393754437611
3.7853153153153154	0.9976702799820797
3.7865665665665666	0.9975990777157107
3.787817817817818	0.9975257047209646
3.789069069069069	0.9974500951541742
3.7903203203203204	0.9973721811952428
3.7915715715715717	0.9972918929896077
3.792822822822823	0.9972091585885795
3.794074074074074	0.9971239038880194
3.7953253253253254	0.9970360525653088
3.7965765765765767	0.9969455260145741
3.797827827827828	0.9968522432801221
3.799079079079079	0.9967561209880423
3.8003303303303304	0.9966570732759359
3.8015815815815817	0.9965550117207223
3.802832832832833	0.9964498452644835
3.804084084084084	0.9963414801382994
3.8053353353353354	0.9962298197840253
3.8065865865865867	0.9961147647739715
3.807837837837838	0.9959962127284313
3.809089089089089	0.9958740582310189
3.8103403403403404	0.9957481927417609
3.8115915915915917	0.9956185045079006
3.812842842842843	0.9954848784723662
3.814094094094094	0.9953471961798511
3.8153453453453454	0.9952053356804644
3.8165965965965967	0.9950591714308991
3.817847847847848	0.9949085741930717
3.819099099099099	0.9947534109301875
3.8203503503503504	0.9945935447001807
3.8216016016016017	0.9944288345464865
3.822852852852853	0.9942591353860937
3.824104104104104	0.9940842978948392
3.8253553553553554	0.9939041683898922
3.8266066066066067	0.9937185887093887
3.827857857857858	0.9935273960891723
3.829109109109109	0.9933304230365986
3.8303603603603604	0.9931274972013643
3.8316116116116117	0.9929184412433215
3.832862862862863	0.9927030726972421
3.834114114114114	0.9924812038344941
3.8353653653653654	0.9922526415216008
3.8366166166166167	0.9920171870756517
3.837867867867868	0.991774636116538
3.839119119119119	0.9915247784159876
3.8403703703703704	0.9912673977433814
3.8416216216216217	0.9910022717083306
3.842872872872873	0.9907291716000061
3.844124124124124	0.9904478622232084
3.8453753753753754	0.9901581017311735
3.8466266266266267	0.9898596414551205
3.847877877877878	0.9895522257305448
3.849129129129129	0.9892355917202686
3.8503803803803804	0.9889094692342739
3.8516316316316317	0.988573580546337
3.852882882882883	0.9882276402075076
3.854134134134134	0.9878713548564666
3.8553853853853854	0.9875044230268206
3.8566366366366367	0.9871265349513881
3.857887887887888	0.9867373723635544
3.859139139139139	0.9863366082957677
3.8603903903903904	0.985923906875279
3.8616416416416417	0.9854989231172239
3.862892892892893	0.985061302715165
3.864144144144144	0.9846106818292318
3.8653953953953955	0.9841466868719954
3.8666466466466467	0.9836689342922494
3.867897897897898	0.9831770303568682
3.869149149149149	0.9826705709309451
3.8704004004004005	0.9821491412564156
3.8716516516516517	0.9816123157294119
3.872902902902903	0.9810596576765922
3.874154154154154	0.9804907191307289
3.8754054054054055	0.9799050406058502
3.8766566566566567	0.9793021508722631
3.877907907907908	0.9786815667318046
3.879159159159159	0.9780427927936968
3.8804104104104105	0.9773853212514111
3.8816616616616617	0.9767086316609763
3.882912912912913	0.9760121907211905
3.884164164164164	0.9752954520562414
3.8854154154154155	0.9745578560012549
3.8866666666666667	0.9737988293913492
3.887917917917918	0.9730177853547876
3.889169169169169	0.9722141231108756
3.8904204204204205	0.971387227773283
3.8916716716716717	0.9705364701595075
3.892922922922923	0.9696612066072537
3.894174174174174	0.9687607787985247
3.8954254254254255	0.9678345135922933
3.8966766766766767	0.9668817228666425
3.897927927927928	0.9659017033713382
3.8991791791791792	0.9648937365918233
3.9004304304304305	0.963857088625696
3.9016816816816817	0.9627910100727669
3.902932932932933	0.9616947359398647
3.9041841841841842	0.9605674855615922
3.9054354354354355	0.9594084625383145
3.9066866866866867	0.958216854692692
3.907937937937938	0.9569918340461572
3.9091891891891892	0.9557325568167583
3.9104404404404405	0.9544381634398882
3.9116916916916917	0.9531077786134364
3.912942942942943	0.951740511368999
3.9141941941941942	0.9503354551707975
3.9154454454454455	0.9488916880440581
3.9166966966966967	0.9474082727346135
3.917947947947948	0.9458842569015838
3.9191991991991992	0.9443186733450195
3.9204504504504505	0.9427105402704379
3.9217017017017017	0.9410588615922622
3.922952952952953	0.9393626272781669
3.9242042042042042	0.9376208137364257
3.9254554554554555	0.935832384248346
3.9267067067067067	0.9339962894479458
3.927957957957958	0.9321114678510155
3.9292092092092092	0.9301768464357665
3.9304604604604605	0.9281913412772295
3.9317117117117117	0.9261538582376321
3.932962962962963	0.9240632937149078
3.9342142142142142	0.9219185354515473
3.9354654654654655	0.9197184634059113
3.9367167167167167	0.9174619506881475
3.937967967967968	0.91514786456275
3.9392192192192192	0.9127750675197964
3.9404704704704705	0.9103424184167607
3.9417217217217217	0.9078487736927753
3.942972972972973	0.9052929886570412
3.9442242242242243	0.9026739188530359
3.9454754754754755	0.8999904214999501
3.9467267267267268	0.8972413570126972
3.947977977977978	0.8944255906016153
3.9492292292292293	0.8915419939527836
3.9504804804804805	0.8885894469896947
3.9517317317317318	0.8855668397167178
3.952982982982983	0.8824730741445962
3.9542342342342343	0.8793070662978556
3.9554854854854855	0.8760677483037751
3.9567367367367368	0.8727540705621398
3.957987987987988	0.869365003994742
3.9592392392392393	0.8658995423731023
3.9604904904904905	0.8623567047225869
3.9617417417417418	0.8587355378005597
3.962992992992993	0.855035118645857
3.9642442442442443	0.8512545571962998
3.9654954954954955	0.8473929989705609
3.9667467467467468	0.8434496278100885
3.967997997997998	0.8394236686763616
3.9692492492492493	0.8353143904980957
3.9705005005005005	0.8311211090625653
3.9717517517517518	0.8268431899445278
3.973003003003003	0.8224800514657682
3.9742542542542543	0.8180311676775798
3.9755055055055055	0.8134960713580243
3.9767567567567568	0.8088743570151573
3.978008008008008	0.8041656838868348
3.9792592592592593	0.7993697789272249
3.9805105105105105	0.7944864397694839
3.9817617617617618	0.7895155376536653
3.983013013013013	0.7844570203083014
3.9842642642642643	0.7793109147737637
3.9855155155155155	0.7740773301549478
3.986766766766767	0.7687564602905911
3.988018018018018	0.763348586326049
3.9892692692692693	0.7578540791762403
3.9905205205205205	0.7522734018650954
3.991771771771772	0.7466071117278665
3.993023023023023	0.7408558624624156
3.9942742742742743	0.7350204060157812
3.9955255255255255	0.7291015942922364
3.996776776776777	0.7231003806694147
3.998028028028028	0.7170178213091697
3.9992792792792793	0.7108550762503839
4.000530530530531	0.7046134102712309
4.001781781781782	0.6982941935091407
4.003033033033033	0.6918989018272074
4.004284284284284	0.6854291169167133
4.005535535535536	0.6788865261262044
4.006786786786787	0.6722729220085522
4.008038038038038	0.6655902015785172
4.009289289289289	0.6588403652744964
4.010540540540541	0.652025515619352
4.011791791791792	0.6451478555765506
4.013043043043043	0.6382096865992647
4.014294294294294	0.6312134063715581
4.015545545545546	0.6241615062422763
4.016796796796797	0.6170565683538256
4.018048048048048	0.6099012624696678
4.019299299299299	0.6026983425059504
4.020550550550551	0.5954506427744043
4.021801801801802	0.5881610739450825
4.023053053053053	0.5808326187394055
4.024304304304304	0.5734683273653444
4.025555555555556	0.5660713127082937
4.026806806806807	0.5586447452924419
4.028058058058058	0.5511918480291512
4.029309309309309	0.5437158907699656
4.030560560560561	0.5362201846832703
4.031811811811812	0.5287080764745338
4.033063063063063	0.5211829424713265
4.034314314314314	0.5136481825950611
4.035565565565566	0.5061072142420928
4.036816816816817	0.49856346609752744
4.038068068068068	0.4910203719053969
4.039319319319319	0.48348136421936433
4.040570570570571	0.47594986815797746
4.041821821821822	0.46842929518867515
4.043073073073073	0.4609230369643975
4.044324324324324	0.45343445923652886
4.045575575575576	0.4459668958671109
4.046826826826827	0.4385236429628479
4.048078078078078	0.4311079531524508
4.049329329329329	0.4237230300281722
4.050580580580581	0.416372022771043
4.051831831831832	0.4090580209783558
4.053083083083083	0.4017840497105865
4.054334334334334	0.3945530647736133
4.055585585585586	0.3873679482506097
4.056836836836837	0.3802315042964805
4.058088088088088	0.3731464552061689
4.059339339339339	0.36611543776656236
4.060590590590591	0.35914099990006926
4.061841841841842	0.3522255976063006
4.063093093093093	0.34537159220668145
4.064344344344344	0.3385812478951983
4.065595595595596	0.3318567295968652
4.066846846846847	0.32520010113394343
4.068098098098098	0.31861332369846945
4.069349349349349	0.31209825462820273
4.070600600600601	0.30565664648170526
4.071851851851852	0.2992901464069696
4.073103103103103	0.29300029579682113
4.074354354354354	0.28678853022319684
4.075605605605606	0.2806561796413476
4.076856856856857	0.27460446885407896
4.078108108108108	0.26863451822534007
4.079359359359359	0.2627473446317132
4.080610610610611	0.25694386263978364
4.081861861861862	0.2512248858966845
4.083113113113113	0.24559112872090183
4.084364364364364	0.24004320787991637
4.085615615615616	0.23458164454115032
4.086866866866867	0.22920686638237225
4.088118118118118	0.22391920984786454
4.089369369369369	0.2187189225365147
4.090620620620621	0.21360616570819158
4.091871871871872	0.20858101689485362
4.093123123123123	0.20364347260311208
4.094374374374374	0.19879345109535143
4.095625625625626	0.19403079523668632
4.096876876876877	0.18935527539558458
4.098128128128128	0.18476659238631626
4.099379379379379	0.18026438044200646
4.100630630630631	0.1758482102074018
4.101881881881882	0.17151759174113448
4.103133133133133	0.16727197751771847
4.104384384384384	0.16311076542021216
4.105635635635636	0.15903330171489666
4.106886886886887	0.1550388840000198
4.108138138138138	0.15112676412119852
4.109389389389389	0.14729615104667096
4.110640640640641	0.14354621369614903
4.111891891891892	0.1398760837175923
4.113143143143143	0.13628485820679395
4.114394394394394	0.1327716023652117
4.115645645645646	0.12933535209198746
4.116896896896897	0.12597511650660884
4.118148148148148	0.12268988039916594
4.119399399399399	0.11947860660562294
4.120650650650651	0.11634023830595483
4.121901901901902	0.11327370124342274
4.123153153153153	0.11027790586367106
4.124404404404404	0.10735174937270278
4.125655655655656	0.10449411771312773
4.126906906906907	0.10170388745840625
4.128158158158158	0.09897992762512388
4.129409409409409	0.09632110140361104
4.130660660660661	0.093726267807468
4.131911911911912	0.09119428324278898
4.133163163163163	0.08872400299810462
4.134414414414414	0.08631428265624146
4.135665665665666	0.0839639794294926
4.136916916916917	0.08167195341958103
4.138168168168168	0.07943706880412205
4.139419419419419	0.07725819495133396
4.140670670670671	0.07513420746489825
4.141921921921922	0.07306398916088835
4.143173173173173	0.07104643097883884
4.144424424424424	0.06908043282901662
4.145675675675676	0.0671649043780462
4.146926926926927	0.0652987657750139
4.148178178178178	0.06348094832026444
4.149429429429429	0.06171039507907963
4.150680680680681	0.05998606144241767
4.151931931931932	0.05830691563691567
4.153183183183183	0.056671939186310756
4.154434434434434	0.0550801273264639
4.155685685685686	0.053530489376080057
4.156936936936937	0.05202204906523686
4.158188188188188	0.050553844823760234
4.159439439439439	0.0491249300314902
4.160690690690691	0.04773437323237741
4.161941941941942	0.04638125831434915
4.163193193193193	0.04506468465679983
4.164444444444444	0.043783767247549586
4.165695695695696	0.042537636771009135
4.166946946946947	0.04132543966926961
4.168198198198198	0.040146338177766076
4.169449449449449	0.038999510337110514
4.170700700700701	0.037884149982626875
4.171951951951952	0.036799466713063174
4.173203203203203	0.035744685839902125
4.174454454454454	0.03471904831863356
4.175705705705706	0.033721810663290976
4.176956956956957	0.03275224484549849
4.178208208208208	0.031809638179222784
4.179459459459459	0.030893293192370008
4.180710710710711	0.030002527486310195
4.181961961961962	0.029136673584360166
4.183213213213213	0.028295078770208277
4.184464464464464	0.027477104917214626
4.185715715715716	0.02668212830946863
4.186966966966967	0.025909539455439636
4.188218218218218	0.025158742895014123
4.189469469469469	0.024429157000668913
4.190720720720721	0.023720213773484544
4.191971971971972	0.02303135863466284
4.193223223223223	0.0223620502131763
4.194474474474474	0.021711760130136752
4.195725725725726	0.021079972780440444
4.196976976976977	0.020466185112195123
4.198228228228228	0.01986990640442583
4.199479479479479	0.01929065804350461
4.200730730730731	0.018727973298733026
4.201981981981982	0.018181397097459816
4.203233233233233	0.01765048580011038
4.204484484484484	0.01713480697546128
4.205735735735736	0.016633939176478336
4.206986986986987	0.01614747171700454
4.208238238238238	0.015675004449565745
4.209489489489489	0.015216147544548404
4.210740740740741	0.01477052127096665
4.211991991991992	0.014337755779031623
4.213243243243243	0.01391749088470714
4.214494494494494	0.013509375856432037
4.215745745745746	0.013113069204156691
4.216996996996997	0.012728238470839433
4.218248248248248	0.012354560026524639
4.219499499499499	0.011991718865122725
4.220750750750751	0.011639408403984973
4.222002002002002	0.011297330286364765
4.223253253253253	0.010965194186841791
4.224504504504504	0.010642717619776766
4.225755755755756	0.010329625750852863
4.227007007007007	0.010025651211751146
4.228258258258258	0.00973053391799996
4.229509509509509	0.009444020890030208
4.230760760760761	0.009165866077459856
4.232012012012012	0.008895830186624328
4.233263263263263	0.008633680511364122
4.234514514514514	0.008379190767075042
4.235765765765766	0.008132140928019851
4.237017017017017	0.00789231706789535
4.238268268268268	0.007659511203645124
4.239519519519519	0.007433521142503906
4.240770770770771	0.007214150332254596
4.242022022022022	0.007001207714675607
4.243273273273273	0.006794507582153704
4.2445245245245244	0.006593869437434506
4.245775775775776	0.006399117856479271
4.247027027027027	0.006210082354394297
4.248278278278278	0.006026597254397845
4.2495295295295294	0.005848501559786872
4.250780780780781	0.0056756388288656725
4.252032032032032	0.005507857052792372
4.253283283283283	0.005345008536304533
4.2545345345345345	0.005186949781278504
4.255785785785786	0.005033541373079995
4.257037037037037	0.004884647869657626
4.258288288288288	0.004740137693336566
4.2595395395395395	0.004599883025263868
4.260790790790791	0.0044637597024601225
4.262042042042042	0.004331647117427383
4.263293293293293	0.004203428120268397
4.2645445445445445	0.004078988923267806
4.265795795795796	0.003958219007888497
4.267047047047047	0.0038410110341341214
4.268298298298298	0.0037272607522300335
4.2695495495495495	0.003616866916576812
4.270800800800801	0.0035097312019267877
4.272052052052052	0.00340575812173782
4.273303303303303	0.0033048549486563226
4.2745545545545545	0.0032069316370851365
4.275805805805806	0.003111900747788287
4.277057057057057	0.0030196773744883116
4.278308308308308	0.0029301790724100955
4.2795595595595595	0.0028433257887285107
4.280810810810811	0.0027590397948742246
4.282062062062062	0.002677245620655155
4.283313313313313	0.002597869990150739
4.2845645645645645	0.0025208417593371394
4.285815815815816	0.0024460918554018
4.287067067067067	0.0023735532177064614
4.288318318318318	0.0023031607403587086
4.2895695695695695	0.00223485121635278
4.290820820820821	0.002168563283240781
4.292072072072072	0.002104237370296171
4.293323323323323	0.002041815647132357
4.2945745745745745	0.0019812419737399176
4.295825825825826	0.0019224618519064125
4.297077077077077	0.0018654223779835026
4.298328328328328	0.0018100721969670271
4.2995795795795795	0.0017563614578563558
4.300830830830831	0.001704241770259845
4.302082082082082	0.001653666162213919
4.303333333333333	0.0016045890391842234
4.3045845845845845	0.001556966144217946
4.305835835835836	0.0015107545192168971
4.307087087087087	0.0014659124673016388
4.308338338338338	0.0014223995162378222
4.3095895895895895	0.0013801763828963716
4.310840840840841	0.0013392049387201976
4.312092092092092	0.0012994481761696582
4.313343343343343	0.0012608701761212175
4.3145945945945945	0.00122343607619307
4.315845845845846	0.0011871120399730515
4.317097097097097	0.0011518652271235977
4.318348348348348	0.0011176637643405525
4.3195995995995995	0.0010844767171420612
4.320850850850851	0.0010522740624651767
4.322102102102102	0.0010210266620473648
4.323353353353353	0.0009907062365718082
4.3246046046046045	0.0009612853405553544
4.325855855855856	0.0009327373379582855
4.327107107107107	0.0009050363784961204
4.328358358358358	0.0008781573746336214
4.3296096096096095	0.000852075979242507
4.330860860860861	0.0008267685639038135
4.332112112112112	0.0008022121978371692
4.333363363363363	0.000778384627439124
4.3346146146146145	0.0007552642564138829
4.335865865865866	0.0007328301264793211
4.337117117117117	0.0007110618986322618
4.338368368368368	0.0006899398349571939
4.3396196196196195	0.0006694447809631034
4.340870870870871	0.0006495581484334203
4.342122122122122	0.0006302618987744829
4.343373373373373	0.0006115385268483989
4.3446246246246245	0.0005933710452765556
4.345875875875876	0.0005757429692003279
4.347127127127127	0.0005586383014859129
4.348378378378378	0.0005420415183606377
4.3496296296296295	0.0005259375554684312
4.350880880880881	0.0005103117943324232
4.352132132132132	0.0004951500492129698
4.353383383383383	0.0004804385543497886
4.3546346346346345	0.000466163951577196
4.355885885885886	0.00045231327830168235
4.357137137137137	0.00043887395583136945
4.358388388388388	0.00042583377804723864
4.3596396396396395	0.0004131809004062919
4.360890890890891	0.0004009038292670368
4.362142142142142	0.00038899141152795705
4.363393393393393	0.0003774328245699479
4.3646446446446445	0.0003662175664938984
4.365895895895896	0.0003553354466449596
4.367147147147147	0.0003447765764149794
4.368398398398398	0.00033453136031524547
4.3696496496496495	0.0003245904873115619
4.370900900900901	0.00031494492241415065
4.372152152152152	0.00030558589851478
4.373403403403403	0.00029650490846411606
4.3746546546546545	0.0002876936973821893
4.375905905905906	0.0002791442551952875
4.377157157157157	0.00027084880939250665
4.378408408408408	0.00026279981799572056
4.3796596596596595	0.00025498996273664394
4.380910910910911	0.000247412142435006
4.382162162162162	0.00024005946657189078
4.383413413413413	0.00023292524905253718
4.3846646646646645	0.00022600300215316795
4.385915915915916	0.0002192864306463287
4.387167167167167	0.00021276942609959126
4.388418418418418	0.00020644606134246913
4.3896696696696695	0.0002003105850967381
4.390920920920921	0.00019435741676524822
4.392172172172172	0.00018858114137465152
4.393423423423423	0.00018297650466746315
4.3946746746746745	0.00017753840833918124
4.395925925925926	0.00017226190541609867
4.397177177177177	0.0001671421957697228
4.398428428428428	0.00016217462176377925
4.3996796796796795	0.0001573546640299157
4.400930930930931	0.00015267793736830975
4.402182182182182	0.00014814018676949912
4.403433433433433	0.00014373728355387679
4.4046846846846845	0.00013946522162539598
4.405935935935936	0.00013532011383611306
4.407187187187187	0.00013129818845829703
4.408438438438438	0.00012739578576094512
4.4096896896896896	0.00012360935468763547
4.410940940940941	0.00011993544963272147
4.412192192192192	0.00011637072731296243
4.413443443443443	0.00011291194373178352
4.4146946946946946	0.00010955595123343899
4.415945945945946	0.00010629969564441952
4.417197197197197	0.00010314021349952273
4.418448448448448	0.00010007462935009518
4.4196996996997	9.71001531520253e-05
4.420950950950951	9.421407773112582e-05
4.422202202202202	9.14137763236153e-05
4.423453453453453	8.869670018948717e-05
4.424704704704705	8.606037629660912e-05
4.425955955955956	8.350240507348334e-05
4.427207207207207	8.10204582285899e-05
4.428458458458458	7.861227663439501e-05
4.42970970970971	7.627566827408292e-05
4.430960960960961	7.400850624918336e-05
4.432212212212212	7.180872684624979e-05
4.433463463463463	6.967432766088577e-05
4.434714714714715	6.76033657773969e-05
4.435965965965966	6.559395600244633e-05
4.437217217217217	6.364426915107749e-05
4.438468468468468	6.175253038358723e-05
4.43971971971972	5.99170175917408e-05
4.440970970970971	5.813605983285156e-05
4.442222222222222	5.6408035810323815e-05
4.443473473473473	5.47313723992638e-05
4.444724724724725	5.3104543215856627e-05
4.445975975975976	5.152606722918033e-05
4.447227227227227	4.9994507414219294e-05
4.448478478478478	4.8508469444838766e-05
4.44972972972973	4.706660042556559e-05
4.450980980980981	4.566758766099678e-05
4.452232232232232	4.431015746173352e-05
4.453483483483483	4.2993073985756235e-05
4.454734734734735	4.1715138114193066e-05
4.455985985985986	4.0475186360459814e-05
4.457237237237237	3.927208981177984e-05
4.458488488488488	3.8104753102126416e-05
4.45973973973974	3.69721134156582e-05
4.460990990990991	3.5873139519741125e-05
4.462242242242242	3.4806830826677494e-05
4.463493493493493	3.3772216483293214e-05
4.464744744744745	3.276835448755884e-05
4.465995995995996	3.1794330831440463e-05
4.467247247247247	3.084925866920075e-05
4.468498498498498	2.993227751039718e-05
4.46974974974975	2.9042552436846472e-05
4.471001001001001	2.817927334284234e-05
4.472252252252252	2.734165419793515e-05
4.473503503503503	2.6528932331605766e-05
4.474754754754755	2.5740367739185536e-05
4.476006006006006	2.4975242408390175e-05
4.477257257257257	2.4232859665854532e-05
4.478508508508508	2.3512543543076204e-05
4.47975975975976	2.2813638161193363e-05
4.481011011011011	2.2135507134036226e-05
4.482262262262262	2.1477532988908645e-05
4.483513513513513	2.083911660457523e-05
4.484764764764765	2.0219676665942348e-05
4.486016016016016	1.9618649134942326e-05
4.487267267267267	1.903548673712854e-05
4.488518518518518	1.846965846352663e-05
4.48976976976977	1.7920649087282083e-05
4.491021021021021	1.7387958694671167e-05
4.492272272272272	1.687110223003844e-05
4.493523523523523	1.6369609054257744e-05
4.494774774774775	1.58830225163092e-05
4.496026026026026	1.5410899537586816e-05
4.497277277277277	1.4952810208554408e-05
4.498528528528528	1.4508337397383096e-05
4.49977977977978	1.4077076370221517e-05
4.501031031031031	1.365863442274487e-05
4.502282282282282	1.3252630522652987e-05
4.503533533533533	1.2858694962787514e-05
4.504784784784785	1.2476469024560518e-05
4.506036036036036	1.2105604651380589e-05
4.507287287287287	1.1745764131783956e-05
4.508538538538538	1.1396619791978346e-05
4.50978978978979	1.1057853697526632e-05
4.511041041041041	1.0729157363892265e-05
4.512292292292292	1.041023147558612e-05
4.513543543543543	1.0100785613658806e-05
4.514794794794795	9.800537991291266e-06
4.516046046046046	9.50921519724243e-06
4.517297297297297	9.226551946920017e-06
4.518548548548548	8.952290840848633e-06
4.5197997997998	8.686182130315884e-06
4.521051051051051	8.427983489982712e-06
4.522302302302302	8.177459797250577e-06
4.523553553553553	7.934382918185298e-06
4.524804804804805	7.698531499803189e-06
4.526056056056056	7.469690768529948e-06
4.527307307307307	7.247652334648521e-06
4.528558558558558	7.032214002558452e-06
4.52980980980981	6.823179586674468e-06
4.531061061061061	6.62035873279626e-06
4.532312312312312	6.423566744786581e-06
4.533563563563563	6.2326244164003255e-06
4.534814814814815	6.047357868111901e-06
4.536066066066066	5.867598388791963e-06
4.537317317317317	5.693182282089126e-06
4.538568568568568	5.523950717377262e-06
4.53981981981982	5.35974958513252e-06
4.541071071071071	5.2004293566096795e-06
4.542322322322322	5.045844947687129e-06
4.543573573573573	4.89585558675966e-06
4.544824824824825	4.750324686556999e-06
4.546076076076076	4.609119719773054e-06
4.547327327327327	4.472112098389943e-06
4.548578578578578	4.339177056589734e-06
4.54982982982983	4.210193537145653e-06
4.551081081081081	4.085044081190875e-06
4.552332332332332	3.963614721262119e-06
4.553583583583583	3.845794877522811e-06
4.554834834834835	3.731477257071078e-06
4.556086086086086	3.6205577562399265e-06
4.557337337337337	3.512935365801608e-06
4.558588588588588	3.4085120789886954e-06
4.55983983983984	3.30719280225018e-06
4.561091091091091	3.2088852686592705e-06
4.562342342342342	3.113499953895299e-06
4.563593593593593	3.020949994722122e-06
4.564844844844845	2.9311511098906268e-06
4.566096096096096	2.8440215233915317e-06
4.567347347347347	2.759481889989415e-06
4.568598598598598	2.677455222970038e-06
4.56984984984985	2.597866824035386e-06
4.571101101101101	2.5206442152824135e-06
4.572352352352352	2.445717073203434e-06
4.573603603603603	2.373017164648231e-06
4.574854854854855	2.302478284689712e-06
4.576106106106106	2.2340361963363828e-06
4.577357357357357	2.167628572036633e-06
4.578608608608608	2.103194936921712e-06
4.57985985985986	2.040676613735844e-06
4.581111111111111	1.980016669403199e-06
4.582362362362362	1.9211598631829614e-06
4.583613613613613	1.864052596365424e-06
4.584864864864865	1.808642863463408e-06
4.586116116116116	1.7548802048544393e-06
4.587367367367367	1.702715660830478e-06
4.588618618618618	1.6521017270134655e-06
4.58986986986987	1.6029923110961945e-06
4.591121121121121	1.5553426908689955e-06
4.592372372372372	1.5091094734939477e-06
4.593623623623623	1.464250555989624e-06
4.594874874874875	1.4207250868904772e-06
4.596126126126126	1.3784934290458577e-06
4.597377377377377	1.337517123524715e-06
4.598628628628628	1.297758854593224e-06
4.59987987987988	1.2591824157333916e-06
4.601131131131131	1.2217526766719988e-06
4.602382382382382	1.18543555138915e-06
4.603633633633633	1.1501979670780356e-06
4.604884884884885	1.1160078340272086e-06
4.606136136136136	1.0828340163983469e-06
4.607387387387387	1.0506463038722407e-06
4.608638638638638	1.0194153841378494e-06
4.60988988988989	9.891128161989952e-07
4.611141141141141	9.597110044746457e-07
4.612392392392392	9.311831736689316e-07
4.613643643643643	9.035033443880177e-07
4.614894894894895	8.766463094820567e-07
4.616146146146146	8.505876110901546e-07
4.617397397397397	8.253035183677666e-07
4.618648648648648	8.007710058759486e-07
4.6198998998999	7.769677326132671e-07
4.621151151151151	7.538720216707878e-07
4.622402402402402	7.31462840491903e-07
4.623653653653653	7.097197817187632e-07
4.624904904904905	6.886230446082975e-07
4.626156156156156	6.68153417000477e-07
4.627407407407407	6.482922578225933e-07
4.628658658658658	6.290214801135831e-07
4.62990990990991	6.103235345529933e-07
4.631161161161161	5.921813934795398e-07
4.632412412412412	5.745785353846787e-07
4.633663663663663	5.574989298671065e-07
4.634914914914915	5.409270230345203e-07
4.636166166166166	5.248477233393062e-07
4.637417417417417	5.09246387835231e-07
4.638668668668668	4.941088088426542e-07
4.63991991991992	4.79421201010147e-07
4.641171171171171	4.651701887607007e-07
4.642422422422422	4.51342794111071e-07
4.643673673673673	4.3792642485319263e-07
4.644924924924925	4.2490886308692905e-07
4.646176176176176	4.1227825409368396e-07
4.647427427427427	4.000230955407217e-07
4.648678678678678	3.881322270063907e-07
4.64992992992993	3.7659481981673455e-07
4.651181181181181	3.6540036718420826e-07
4.652432432432432	3.545386746395012e-07
4.653683683683683	3.4399985074778096e-07
4.654934934934935	3.3377429810088986e-07
4.656186186186186	3.2385270457737037e-07
4.657437437437437	3.14226034862172e-07
4.658688688688688	3.048855222185141e-07
4.65993993993994	2.958226605042948e-07
4.661191191191191	2.87029196425881e-07
4.662442442442442	2.784971220220544e-07
4.663693693693693	2.7021866737144134e-07
4.664944944944945	2.6218629351668427e-07
4.666196196196196	2.5439268559900316e-07
4.667447447447447	2.468307461967471e-07
4.668698698698698	2.39493588861998e-07
4.66994994994995	2.3237453184932751e-07
4.671201201201201	2.2546709203093272e-07
4.672452452452452	2.1876497899266876e-07
4.673703703703703	2.1226208930552857e-07
4.674954954954955	2.059525009674798e-07
4.676206206206206	1.9983046801046897e-07
4.677457457457457	1.9389041526775749e-07
4.678708708708708	1.8812693329675582e-07
4.67995995995996	1.825347734528449e-07
4.681211211211211	1.771088431095842e-07
4.682462462462462	1.718442010210222e-07
4.683713713713713	1.6673605282182379e-07
4.684964964964965	1.617797466612173e-07
4.686216216216216	1.5697076896668608e-07
4.687467467467467	1.5230474033359108e-07
4.688718718718718	1.4777741153697389e-07
4.68996996996997	1.433846596619191e-07
4.691221221221221	1.391224843489421e-07
4.692472472472472	1.3498700415097577e-07
4.693723723723723	1.3097445299864757e-07
4.694974974974975	1.2708117677063518e-07
4.696226226226226	1.23303629965969e-07
4.697477477477477	1.1963837247524422e-07
4.698728728728728	1.1608206644781018e-07
4.69997997997998	1.1263147325209075e-07
4.701231231231231	1.0928345052625959e-07
4.702482482482482	1.0603494931657863e-07
4.703733733733733	1.0288301130080105e-07
4.704984984984985	9.982476609411569e-08
4.706236236236236	9.685742863517282e-08
4.707487487487487	9.397829664980543e-08
4.708738738738738	9.118474819014282e-08
4.70998998998999	8.847423924688047e-08
4.711241241241241	8.584430143252555e-08
4.712492492492492	8.32925397335038e-08
4.713743743743743	8.081663032908748e-08
4.714994994994995	7.841431847515433e-08
4.716246246246246	7.608341645086949e-08
4.717497497497497	7.38218015663758e-08
4.718748748748748	7.162741422972464e-08
4.72	6.949825607125939e-08
