3.55	0.9844180984322584
3.5508708708708707	0.984276493594117
3.5517417417417416	0.984133622624064
3.5526126126126125	0.9839894745797868
3.5534834834834834	0.9838440384313145
3.5543543543543543	0.9836973030604442
3.555225225225225	0.9835492572601632
3.556096096096096	0.9833998897340726
3.5569669669669666	0.9832491890958085
3.5578378378378375	0.9830971438684617
3.5587087087087084	0.982943742483997
3.5595795795795793	0.9827889732826715
3.56045045045045	0.9826328245124507
3.561321321321321	0.9824752843284258
3.562192192192192	0.9823163407922277
3.563063063063063	0.9821559818714422
3.5639339339339338	0.9819941954390234
3.5648048048048047	0.9818309692727061
3.5656756756756756	0.9816662910544197
3.5665465465465465	0.9815001483696985
3.5674174174174174	0.9813325287070939
3.5682882882882883	0.9811634194575849
3.569159159159159	0.9809928079139898
3.57003003003003	0.9808206812703755
3.5709009009009005	0.9806470266214682
3.5717717717717714	0.9804718309620644
3.5726426426426423	0.9802950811864403
3.573513513513513	0.9801167640877623
3.574384384384384	0.9799368663574974
3.575255255255255	0.9797553745848256
3.576126126126126	0.9795722752560485
3.576996996996997	0.979387554754003
3.5778678678678677	0.9792011993574725
3.5787387387387386	0.9790131952406005
3.5796096096096095	0.9788235284723036
3.5804804804804804	0.978632185015686
3.5813513513513513	0.978439150727456
3.582222222222222	0.9782444113573407
3.583093093093093	0.9780479525475057
3.583963963963964	0.9778497598319713
3.5848348348348344	0.9776498186360371
3.5857057057057053	0.9774481142756989
3.5865765765765762	0.9772446319570762
3.587447447447447	0.9770393567758356
3.588318318318318	0.9768322737166183
3.589189189189189	0.9766233676524688
3.59006006006006	0.9764126233442673
3.5909309309309307	0.9762000254401615
3.5918018018018016	0.9759855584750045
3.5926726726726725	0.9757692068697917
3.5935435435435434	0.9755509549311027
3.5944144144144143	0.9753307868505444
3.5952852852852852	0.9751086867041988
3.596156156156156	0.9748846384520724
3.597027027027027	0.9746586259375496
3.597897897897898	0.9744306328868487
3.5987687687687684	0.9742006429084836
3.5996396396396393	0.973968639492725
3.60051051051051	0.9737346060110709
3.601381381381381	0.9734985257157163
3.602252252252252	0.9732603817390305
3.603123123123123	0.9730201570930364
3.603993993993994	0.9727778346688961
3.6048648648648647	0.9725333972364001
3.6057357357357356	0.9722868274434611
3.6066066066066065	0.972038107815615
3.6074774774774774	0.9717872207555246
3.6083483483483483	0.9715341485424903
3.609219219219219	0.9712788733319657
3.61009009009009	0.9710213771550799
3.610960960960961	0.9707616419181638
3.611831831831832	0.9704996494022862
3.6127027027027023	0.9702353812627925
3.6135735735735732	0.9699688190288531
3.614444444444444	0.9696999441030163
3.615315315315315	0.9694287377607693
3.616186186186186	0.9691551811501083
3.617057057057057	0.968879255291112
3.6179279279279277	0.968600941075527
3.6187987987987986	0.9683202192663578
3.6196696696696695	0.9680370704974682
3.6205405405405404	0.9677514752731892
3.6214114114114113	0.9674634139679338
3.622282282282282	0.9671728668258268
3.623153153153153	0.966879813960336
3.624024024024024	0.9665842353539198
3.624894894894895	0.9662861108576781
3.625765765765766	0.9659854201910206
3.6266366366366363	0.9656821429413369
3.627507507507507	0.965376258563684
3.628378378378378	0.9650677463804813
3.629249249249249	0.9647565855812171
3.63012012012012	0.9644427552221659
3.6309909909909908	0.9641262342261192
3.6318618618618617	0.9638070013821262
3.6327327327327326	0.963485035345247
3.6336036036036035	0.9631603146363199
3.6344744744744744	0.9628328176417383
3.6353453453453453	0.9625025226132452
3.636216216216216	0.9621694076677358
3.637087087087087	0.9618334507870778
3.637957957957958	0.9614946298179456
3.638828828828829	0.961152922471665
3.6396996996996993	0.9608083063240779
3.64057057057057	0.9604607588154161
3.641441441441441	0.9601102572501977
3.642312312312312	0.9597567787971313
3.643183183183183	0.9594003004890427
3.644054054054054	0.959040799222813
3.6449249249249247	0.9586782517593382
3.6457957957957956	0.9583126347235009
3.6466666666666665	0.9579439246041627
3.6475375375375374	0.9575720977541746
3.6484084084084083	0.9571971303904024
3.649279279279279	0.956818998593775
3.65015015015015	0.9564376783093465
3.651021021021021	0.9560531453463835
3.651891891891892	0.9556653753784663
3.652762762762763	0.9552743439436137
3.6536336336336337	0.9548800264444285
3.654504504504504	0.9544823981482606
3.655375375375375	0.9540814341873951
3.656246246246246	0.953677109559259
3.657117117117117	0.9532693991266532
3.6579879879879877	0.9528582776180032
3.6588588588588586	0.952443719627636
3.6597297297297295	0.9520256996160776
3.6606006006006004	0.9516041919103779
3.6614714714714713	0.9511791707044548
3.6623423423423422	0.9507506100594669
3.663213213213213	0.9503184839042113
3.664084084084084	0.9498827660355428
3.664954954954955	0.9494434301188244
3.665825825825826	0.9490004496883998
3.6666966966966967	0.9485537981480959
3.667567567567567	0.9481034487717508
3.668438438438438	0.9476493747037696
3.669309309309309	0.9471915489597096
3.67018018018018	0.9467299444268942
3.671051051051051	0.9462645338650535
3.6719219219219217	0.9457952899069981
3.6727927927927926	0.9453221850593212
3.6736636636636635	0.94484519170313
3.6745345345345344	0.9443642820948125
3.6754054054054053	0.9438794283668297
3.676276276276276	0.9433906025285467
3.677147147147147	0.942897776467091
3.678018018018018	0.9424009219482461
3.678888888888889	0.94190001061738
3.6797597597597598	0.9413950140004044
3.6806306306306307	0.9408859035047724
3.6815015015015016	0.940372650420508
3.682372372372372	0.9398552259212746
3.683243243243243	0.9393336010654734
3.684114114114114	0.9388077467973893
3.6849849849849847	0.9382776339483622
3.6858558558558556	0.9377432332380041
3.6867267267267265	0.9372045152754507
3.6875975975975974	0.9366614505606523
3.6884684684684683	0.9361140094857063
3.689339339339339	0.9355621623362257
3.69021021021021	0.9350058792927518
3.691081081081081	0.9344451304322037
3.691951951951952	0.9338798857293742
3.692822822822823	0.9333101150584622
3.6936936936936937	0.9327357881946519
3.6945645645645646	0.9321568748157344
3.695435435435435	0.9315733445037694
3.696306306306306	0.9309851667467947
3.697177177177177	0.9303923109405792
3.6980480480480478	0.9297947463904223
3.6989189189189187	0.9291924423129936
3.6997897897897896	0.9285853678382285
3.7006606606606605	0.9279734920112596
3.7015315315315314	0.9273567837944043
3.7024024024024023	0.926735212069195
3.703273273273273	0.9261087456384588
3.704144144144144	0.9254773532284495
3.705015015015015	0.9248410034910209
3.705885885885886	0.9241996650058611
3.7067567567567568	0.9235533062827657
3.7076276276276277	0.9229018957639716
3.7084984984984986	0.9222454018265359
3.7093693693693695	0.9215837927847688
3.71024024024024	0.9209170368927219
3.711111111111111	0.9202451023467233
3.7119819819819817	0.9195679572879711
3.7128528528528526	0.9188855698051794
3.7137237237237235	0.91819790793728
3.7145945945945944	0.9175049396761734
3.7154654654654653	0.9168066329695456
3.716336336336336	0.9161029557237288
3.717207207207207	0.9153938758066288
3.718078078078078	0.9146793610507017
3.718948948948949	0.9139593792559917
3.71981981981982	0.913233898193227
3.7206906906906907	0.9125028856069701
3.7215615615615616	0.911766309218832
3.7224324324324325	0.9110241367307383
3.723303303303303	0.9102763358282645
3.724174174174174	0.9095228741840178
3.7250450450450447	0.9087637194610947
3.7259159159159156	0.9079988393165846
3.7267867867867865	0.9072282014051453
3.7276576576576574	0.9064517733826313
3.7285285285285283	0.9056695229097897
3.7293993993993992	0.9048814176560178
3.73027027027027	0.9040874253031764
3.731141141141141	0.9032875135494756
3.732012012012012	0.9024816501134135
3.732882882882883	0.9016698027377877
3.7337537537537537	0.9008519391937613
3.7346246246246246	0.9000280272849983
3.7354954954954955	0.8991980348518637
3.736366366366366	0.8983619297756807
3.737237237237237	0.8975196799830608
3.738108108108108	0.8966712534502944
3.7389789789789787	0.8958166182078042
3.7398498498498496	0.894955742344667
3.7407207207207205	0.8940885940132015
3.7415915915915914	0.8932151414336149
3.7424624624624623	0.892335352898723
3.743333333333333	0.8914491967787284
3.744204204204204	0.8905566415260692
3.745075075075075	0.8896576556803327
3.745945945945946	0.8887522078732288
3.7468168168168168	0.8878402668336398
3.7476876876876877	0.8869218013927224
3.7485585585585586	0.8859967804890885
3.7494294294294295	0.8850651731740401
3.7503003003003004	0.8841269486168764
3.751171171171171	0.8831820761102653
3.7520420420420417	0.8822305250756765
3.7529129129129126	0.8812722650688817
3.7537837837837835	0.8803072657855232
3.7546546546546544	0.8793354970667383
3.7555255255255253	0.8783569289048557
3.756396396396396	0.8773715314491548
3.757267267267267	0.8763792750116827
3.758138138138138	0.8753801300731443
3.759009009009009	0.8743740672888453
3.75987987987988	0.8733610574947052
3.7607507507507507	0.8723410717133316
3.7616216216216216	0.8713140811601501
3.7624924924924925	0.8702800572496056
3.7633633633633634	0.8692389716014136
3.764234234234234	0.8681907960468839
3.7651051051051048	0.8671355026352872
3.7659759759759757	0.8660730636403028
3.7668468468468466	0.8650034515665034
3.7677177177177175	0.8639266391559136
3.7685885885885884	0.8628425993946137
3.7694594594594593	0.8617513055194109
3.77033033033033	0.8606527310245551
3.771201201201201	0.8595468496685171
3.772072072072072	0.8584336354808221
3.772942942942943	0.8573130627689247
3.7738138138138138	0.856185106125153
3.7746846846846847	0.8550497404336874
3.7755555555555556	0.8539069408776
3.7764264264264265	0.8527566829459429
3.7772972972972974	0.8515989424408759
3.7781681681681683	0.8504336954848535
3.7790390390390387	0.8492609185278457
3.7799099099099096	0.8480805883546125
3.7807807807807805	0.846892682092016
3.7816516516516514	0.8456971772163808
3.7825225225225223	0.844494051560885
3.783393393393393	0.8432832833230034
3.784264264264264	0.8420648510719759
3.785135135135135	0.8408387337563253
3.786006006006006	0.8396049107113972
3.786876876876877	0.8383633616669427
3.7877477477477477	0.8371140667547334
3.7886186186186186	0.8358570065161968
3.7894894894894895	0.8345921619100941
3.7903603603603604	0.8333195143202132
3.7912312312312313	0.8320390455630932
3.7921021021021017	0.8307507378957744
3.7929729729729726	0.8294545740235617
3.7938438438438435	0.828150537107815
3.7947147147147144	0.8268386107737586
3.7955855855855853	0.8255187791182969
3.7964564564564562	0.8241910267178535
3.797327327327327	0.8228553386362224
3.798198198198198	0.821511700432418
3.799069069069069	0.8201600981685492
3.79993993993994	0.8188005184176809
3.8008108108108107	0.8174329482717173
3.8016816816816816	0.8160573753492689
3.8025525525525525	0.8146737878035301
3.8034234234234234	0.8132821743301518
3.8042942942942943	0.8118825241750984
3.805165165165165	0.8104748271425126
3.806036036036036	0.8090590736025481
3.8069069069069066	0.8076352544992149
3.8077777777777775	0.8062033613581824
3.8086486486486484	0.8047633862945851
3.8095195195195193	0.8033153220207905
3.81039039039039	0.8018591618541588
3.811261261261261	0.8003948997247604
3.812132132132132	0.7989225301830752
3.813003003003003	0.7974420484076596
3.8138738738738738	0.7959534502127679
3.8147447447447447	0.7944567320559515
3.8156156156156156	0.7929518910456019
3.8164864864864865	0.7914389249484656
3.8173573573573574	0.7899178321970965
3.8182282282282283	0.7883886118972717
3.819099099099099	0.7868512638353522
3.8199699699699696	0.7853057884855799
3.8208408408408405	0.7837521870173265
3.8217117117117114	0.7821904613022739
3.8225825825825823	0.780620613921537
3.823453453453453	0.7790426481727064
3.824324324324324	0.7774565680768354
3.825195195195195	0.7758623783853363
3.826066066066066	0.7742600845868173
3.826936936936937	0.7726496929138196
3.8278078078078077	0.7710312103494843
3.8286786786786786	0.7694046446341312
3.8295495495495495	0.7677700042717338
3.8304204204204204	0.7661272985363217
3.8312912912912913	0.7644765374782626
3.832162162162162	0.7628177319304661
3.8330330330330327	0.7611508935144641
3.833903903903904	0.7594760346463959
3.8347747747747745	0.7577931685428848
3.8356456456456454	0.7561023092267862
3.8365165165165163	0.7544034715328348
3.837387387387387	0.7526966711131603
3.838258258258258	0.7509819244426893
3.839129129129129	0.7492592488244035
3.84	0.747528662394489
3.8408708708708708	0.745790184127328
3.8417417417417417	0.7440438338403771
3.8426126126126126	0.7422896321988821
3.8434834834834835	0.7405276007204646
3.8443543543543544	0.7387577617795599
3.8452252252252253	0.7369801386116905
3.846096096096096	0.7351947553176075
3.846966966966967	0.7334016368672519
3.8478378378378375	0.7316008091035792
3.8487087087087084	0.729792298746191
3.8495795795795793	0.7279761333948375
3.85045045045045	0.7261523415327117
3.851321321321321	0.7243209525296017
3.852192192192192	0.7224819966448441
3.853063063063063	0.7206355050301114
3.853933933933934	0.7187815097320192
3.8548048048048047	0.7169200436945318
3.8556756756756756	0.7150511407612035
3.8565465465465465	0.7131748356772046
3.8574174174174174	0.7112911640911774
3.8582882882882883	0.7094001625568733
3.859159159159159	0.7075018685346067
3.86003003003003	0.7055963203925052
3.8609009009009005	0.703683557407544
3.861771771771772	0.7017636197663844
3.8626426426426423	0.6998365485660049
3.8635135135135132	0.6979023858141058
3.864384384384384	0.6959611744293127
3.865255255255255	0.6940129582411639
3.866126126126126	0.6920577819898642
3.866996996996997	0.690095691325839
3.8678678678678677	0.688126732809044
3.8687387387387386	0.686150953908065
3.8696096096096095	0.6841684029989887
3.8704804804804804	0.6821791293640317
3.8713513513513513	0.6801831831899607
3.8722222222222222	0.6781806155662562
3.873093093093093	0.6761714784830658
3.873963963963964	0.6741558248289014
3.874834834834835	0.6721337083881116
3.8757057057057054	0.6701051838381197
3.8765765765765763	0.6680703067464051
3.877447447447447	0.6660291335672618
3.878318318318318	0.6639817216383056
3.879189189189189	0.6619281291767478
3.88006006006006	0.6598684152754083
3.8809309309309308	0.6578026398985096
3.8818018018018017	0.6557308638771991
3.8826726726726726	0.6536531489048534
3.8835435435435435	0.6515695575321113
3.8844144144144144	0.6494801531616793
3.8852852852852853	0.6473850000428888
3.886156156156156	0.6452841632659934
3.887027027027027	0.6431777087562418
3.887897897897898	0.6410657032676821
3.8887687687687684	0.6389482143767451
3.8896396396396393	0.63682531047555
3.8905105105105102	0.6346970607650081
3.891381381381381	0.632563535247638
3.892252252252252	0.6304248047201743
3.893123123123123	0.6282809407659061
3.893993993993994	0.6261320157467912
3.8948648648648647	0.6239781027953292
3.8957357357357356	0.6218192758061792
3.8966066066066065	0.6196556094275661
3.8974774774774774	0.6174871790524215
3.8983483483483483	0.6153140608093178
3.899219219219219	0.6131363315531454
3.90009009009009	0.610954068855573
3.900960960960961	0.608767350995281
3.9018318318318315	0.6065762569479505
3.902702702702703	0.604380866376045
3.9035735735735733	0.6021812596183677
3.904444444444444	0.5999775176793829
3.905315315315315	0.5977697222183378
3.906186186186186	0.595557955538166
3.907057057057057	0.5933423005741645
3.9079279279279278	0.5911228408824849
3.9087987987987987	0.5888996606283947
3.9096696696696696	0.5866728445743514
3.9105405405405405	0.5844424780678772
3.9114114114114114	0.5822086470292196
3.9122822822822823	0.5799714379388458
3.913153153153153	0.5777309378247194
3.914024024024024	0.5754872342494192
3.914894894894895	0.5732404152970498
3.915765765765766	0.5709905695599929
3.9166366366366363	0.5687377861254828
3.917507507507507	0.5664821545619972
3.918378378378378	0.5642237649055007
3.919249249249249	0.5619627076455153
3.92012012012012	0.5596990737110433
3.920990990990991	0.5574329544563228
3.9218618618618617	0.5551644416464563
3.9227327327327326	0.5528936274428715
3.9236036036036035	0.5506206043886707
3.9244744744744744	0.5483454653938203
3.9253453453453453	0.5460683037202293
3.926216216216216	0.5437892129667035
3.927087087087087	0.5415082870537642
3.927957957957958	0.5392256202083802
3.928828828828829	0.5369413069485613
3.9296996996996993	0.5346554420678821
3.9305705705705707	0.5323681206198669
3.931441441441441	0.5300794379023327
3.932312312312312	0.5277894894415954
3.933183183183183	0.5254983709766347
3.934054054054054	0.5232061784431532
3.9349249249249247	0.5209130079575843
3.9357957957957956	0.5186189558010345
3.9366666666666665	0.5163241184031492
3.9375375375375374	0.5140285923259533
3.9384084084084083	0.5117324742476141
3.9392792792792792	0.5094358609461926
3.94015015015015	0.5071388492833315
3.941021021021021	0.5048415361879308
3.941891891891892	0.5025440186398007
3.942762762762763	0.5002463936532762
3.9436336336336337	0.4979487582608482
3.944504504504504	0.4956512094967601
3.945375375375375	0.4933538443806236
3.946246246246246	0.491056759901029
3.947117117117117	0.4887600529991781
3.947987987987988	0.4864638205525131
3.9488588588588587	0.4841681593583965
3.9497297297297296	0.48187316611779174
3.9506006006006005	0.47957893741899765
3.9514714714714714	0.4772855697214215
3.9523423423423423	0.474993159339382
3.953213213213213	0.4727018024259901
3.954084084084084	0.47041159495705853
3.954954954954955	0.46812263271510474
3.955825825825826	0.46583501127339405
3.9566966966966968	0.46354882598007635
3.9575675675675672	0.46126417194240327
3.9584384384384386	0.4589811440110122
3.959309309309309	0.4566998367643303
3.96018018018018	0.4544203444930383
3.961051051051051	0.4521427611846812
3.9619219219219217	0.44986718050834107
3.9627927927927926	0.4475936957994587
3.9636636636636635	0.44532240004474327
3.9645345345345344	0.4430533858672324
3.9654054054054053	0.44078674551145347
3.966276276276276	0.4385225708287358
3.967147147147147	0.4362609532626588
3.968018018018018	0.4340019838346267
3.968888888888889	0.4317457531296143
3.96975975975976	0.42949235128203805
3.9706306306306307	0.42724186796180985
3.9715015015015016	0.4249943923605259
3.972372372372372	0.42275001317783867
3.973243243243243	0.42050881860798806
3.974114114114114	0.4182708963265159
3.9749849849849848	0.4160363334771399
3.9758558558558557	0.41380521665882475
3.9767267267267266	0.4115776319130376
3.9775975975975975	0.40935366471117546
3.9784684684684684	0.40713339994221004
3.9793393393393393	0.4049169219005011
3.98021021021021	0.40270431427383635
3.981081081081081	0.4004956601316483
3.981951951951952	0.3982910419134531
3.982822822822823	0.39609054141749844
3.9836936936936937	0.393894239789606
3.9845645645645646	0.39170221751225365
3.985435435435435	0.38951455439384886
3.9863063063063064	0.3873313295582396
3.987177177177177	0.38515262143444634
3.988048048048048	0.382978507746604
3.9889189189189187	0.3808090655041452
3.9897897897897896	0.37864437099221315
3.9906606606606605	0.3764844997622887
3.9915315315315314	0.37432952662306695
3.9924024024024023	0.3721795256315664
3.993273273273273	0.3700345700844589
3.994144144144144	0.3678947325096609
3.995015015015015	0.3657600846581375
3.995885885885886	0.36363069749597293
3.996756756756757	0.3615066411966582
3.9976276276276277	0.3593879851336356
3.998498498498498	0.35727479787308875
3.9993693693693695	0.35516714716695796
4.00024024024024	0.35306509994622787
4.001111111111111	0.3509687223144233
4.001981981981982	0.3488780795414033
4.002852852852853	0.3467932360573342
4.0037237237237235	0.34471425544697437
4.004594594594595	0.34264120044415497
4.005465465465465	0.3405741329265403
4.006336336336336	0.3385131139106094
4.007207207207207	0.3364582035468993
4.008078078078078	0.3344094611154927
4.008948948948949	0.3323669450217351
4.009819819819819	0.3303307127922196
4.010690690690691	0.32830082107098996
4.011561561561561	0.3262773256160129
4.0124324324324325	0.3242602812958592
4.013303303303303	0.3222497420866664
4.014174174174174	0.32024576106930014
4.015045045045045	0.31824839042678704
4.015915915915916	0.316257681441958
4.016786786786787	0.31427368449535176
4.017657657657658	0.31229644906332904
4.018528528528528	0.3103260237164426
4.019399399399399	0.30836245611801605
4.02027027027027	0.30640579302296744
4.021141141141141	0.30445608027686105
4.022012012012012	0.3025133628151628
4.022882882882882	0.3005776846627561
4.023753753753754	0.2986490889336409
4.024624624624624	0.2967276178308829
4.025495495495496	0.29481331264675503
4.026366366366366	0.29290621376311665
4.027237237237237	0.29100636065198293
4.028108108108108	0.2891137918763265
4.028978978978979	0.2872285450910644
4.02984984984985	0.28535065704427215
4.030720720720721	0.28348016357857814
4.031591591591591	0.28161709963278186
4.032462462462463	0.2797614992436376
4.033333333333333	0.27791339554787814
4.034204204204205	0.2760728207843716
4.035075075075075	0.2742398062965252
4.0359459459459455	0.2724143825348307
4.036816816816817	0.270596579059615
4.037687687687687	0.2687864245439694
4.038558558558559	0.2669839467768416
4.039429429429429	0.2651891726663217
4.0403003003003	0.2634021282430772
4.041171171171171	0.2616228386639769
4.042042042042042	0.2598513282158577
4.042912912912913	0.25808762031947524
4.043783783783784	0.25633173753358335
4.0446546546546545	0.25458370155920473
4.045525525525526	0.25284353324401615
4.046396396396396	0.2511112525869111
4.047267267267268	0.24938687874268384
4.048138138138138	0.24767043002687653
4.0490090090090085	0.2459619239207443
4.04987987987988	0.24426137707636836
4.05075075075075	0.2425688053219005
4.051621621621622	0.2408842236669228
4.052492492492492	0.23920764630795238
4.0533633633633634	0.2375390866340409
4.054234234234234	0.2358785572325249
4.055105105105105	0.2342260698948581
4.055975975975976	0.2325816356225811
4.056846846846847	0.23094526463337797
4.0577177177177175	0.2293169663672573
4.058588588588589	0.22769674949281427
4.059459459459459	0.22608462191361106
4.060330330330331	0.2244805907746316
4.061201201201201	0.2228846624688475
4.0620720720720715	0.22129684264385432
4.062942942942943	0.21971713620859967
4.063813813813813	0.218145547340204
4.064684684684685	0.2165820794908356
4.065555555555555	0.21502673539468498
4.0664264264264265	0.21347951707499033
4.067297297297297	0.2119404258511509
4.068168168168168	0.2104094623458866
4.069039039039039	0.20888662649247927
4.06990990990991	0.2073719175420539
4.0707807807807805	0.20586533407093496
4.071651651651652	0.2043668739880372
4.072522522522522	0.20287653454232515
4.073393393393394	0.201394312330301
4.074264264264264	0.1999202033035567
4.075135135135135	0.19845420277634362
4.076006006006006	0.1969963054332043
4.076876876876877	0.19554650533662635
4.077747747747748	0.1941047959347307
4.078618618618618	0.19267117006898832
4.0794894894894895	0.19124561998196887
4.08036036036036	0.18982813732511436
4.081231231231231	0.18841871316652423
4.082102102102102	0.18701733799877526
4.082972972972973	0.18562400174674126
4.083843843843844	0.1842386937754446
4.084714714714715	0.1828614028978969
4.085585585585585	0.18149211738297644
4.086456456456457	0.1801308249632843
4.087327327327327	0.17877751284302726
4.088198198198198	0.17743216770588507
4.089069069069069	0.1760947757228883
4.08993993993994	0.17476532256029192
4.090810810810811	0.17344379338743973
4.091681681681681	0.17213017288462204
4.092552552552553	0.17082444525092758
4.093423423423423	0.16952659421208632
4.094294294294294	0.16823660302828355
4.095165165165165	0.16695445450198357
4.096036036036036	0.16568013098571
4.096906906906907	0.16441361438982743
4.097777777777778	0.16315488619028518
4.098648648648648	0.16190392743635354
4.09951951951952	0.1606607187583196
4.10039039039039	0.1594252403751717
4.101261261261262	0.15819747210224047
4.102132132132132	0.15697739335882482
4.103003003003003	0.1557649831757713
4.103873873873874	0.15456022020303523
4.104744744744744	0.15336308271719382
4.105615615615616	0.15217354862892818
4.106486486486486	0.15099159549047614
4.107357357357357	0.1498172005030282
4.108228228228228	0.1486503405241009
4.109099099099099	0.14749099207485317
4.10996996996997	0.14633913134737375
4.110840840840841	0.1451947342119103
4.1117117117117115	0.14405777622406682
4.112582582582583	0.14292823263194052
4.113453453453453	0.1418060783832248
4.114324324324325	0.14069128813224926
4.115195195195195	0.13958383624698467
4.116066066066066	0.13848369681597875
4.116936936936937	0.1373908436552625
4.117807807807807	0.1363052503151819
4.118678678678679	0.13522689008718922
4.119549549549549	0.13415573601057834
4.1204204204204204	0.13309176087915653
4.121291291291291	0.13203493724787246
4.122162162162162	0.13098523743937407
4.123033033033033	0.12994263355052169
4.123903903903904	0.1289070974588302
4.1247747747747745	0.12787860082886549
4.125645645645646	0.12685711511856484
4.126516516516516	0.12584261158551768
4.127387387387388	0.12483506129316496
4.128258258258258	0.12383443511695409
4.129129129129129	0.12284070375041864
4.13	0.12185383771120847
4.13087087087087	0.12087380734704563
4.131741741741742	0.1199005828416251
4.132612612612612	0.11893413422045197
4.1334834834834835	0.11797443135660773
4.134354354354354	0.11702144397646451
4.135225225225225	0.1160751416653185
4.136096096096096	0.11513549387298296
4.136966966966967	0.11420246991928619
4.1378378378378375	0.11327603899953463
4.138708708708709	0.11235617018988774
4.139579579579579	0.11144283245268354
4.140450450450451	0.11053599464168654
4.141321321321321	0.10963562550728215
4.1421921921921925	0.1087416937015937
4.143063063063063	0.10785416778354563
4.143933933933933	0.10697301622385133
4.144804804804805	0.10609820740993818
4.145675675675676	0.10522970965081668
4.1465465465465465	0.10436749118186846
4.147417417417417	0.10351152016957575
4.148288288288288	0.10266176471619096
4.149159159159159	0.10181819286433548
4.15003003003003	0.10098077260153031
4.150900900900901	0.1001494718646708
4.151771771771772	0.09932425854442635
4.152642642642642	0.09850510048958562
4.153513513513514	0.09769196551132722
4.154384384384384	0.09688482138743633
4.1552552552552555	0.09608363586644707
4.156126126126126	0.09528837667173211
4.156996996996996	0.09449901150551594
4.157867867867868	0.09371550805283763
4.158738738738739	0.09293783398544356
4.15960960960961	0.09216595696561833
4.16048048048048	0.09139984464995267
4.161351351351351	0.09063946469305169
4.162222222222222	0.08988478475118208
4.163093093093093	0.08913577248585196
4.163963963963964	0.08839239556733873
4.164834834834835	0.08765462167814678
4.165705705705705	0.0869224185164149
4.166576576576577	0.08619575379925125
4.167447447447447	0.08547459526602694
4.168318318318319	0.08475891068158757
4.169189189189189	0.08404866783942905
4.17006006006006	0.08334383456479735
4.170930930930931	0.08264437871774283
4.171801801801802	0.08195026819610758
4.172672672672673	0.081261470938465
4.173543543543543	0.08057795492699445
4.174414414414414	0.07989968819030566
4.175285285285285	0.0792266388062078
4.176156156156156	0.07855877490441544
4.177027027027027	0.077896064669216
4.177897897897898	0.07723847634206182
4.1787687687687685	0.07658597822412988
4.17963963963964	0.0759385386788121
4.18051051051051	0.07529612613416417
4.181381381381382	0.07465870908529372
4.182252252252252	0.07402625609670506
4.183123123123123	0.07339873580458478
4.183993993993994	0.07277611691904479
4.184864864864865	0.07215836822630746
4.185735735735736	0.07154545859084914
4.186606606606606	0.07093735695748776
4.1874774774774774	0.07033403235342457
4.188348348348348	0.06973545389024262
4.189219219219219	0.06914159076584836
4.19009009009009	0.06855241226637579
4.190960960960961	0.06796788776803647
4.1918318318318315	0.06738798673893086
4.192702702702703	0.06681267874080735
4.193573573573573	0.06624193343078359
4.194444444444445	0.0656757205630166
4.195315315315315	0.06511400999033613
4.196186186186186	0.06455677166582809
4.197057057057057	0.06400397564438248
4.197927927927928	0.06345559208419015
4.198798798798799	0.0629115912482113
4.199669669669669	0.062371943505586266
4.2005405405405405	0.06183661933302055
4.201411411411412	0.06130558931612271
4.202282282282282	0.0607788241507037
4.203153153153153	0.06025629464403692
4.204024024024024	0.059737971716081625
4.2048948948948945	0.059223826400668755
4.205765765765766	0.05871382984664555
4.206636636636636	0.058207953318989626
4.207507507507508	0.057706168199878304
4.208378378378378	0.057208445989734444
4.2092492492492495	0.05671475830822131
4.21012012012012	0.056225076895218454
4.210990990990991	0.05573937361175108
4.211861861861862	0.0552576204408941
4.212732732732732	0.054779789488636946
4.2136036036036035	0.05430585298471939
4.214474474474475	0.053835783283434815
4.215345345345345	0.0533695528644002
4.216216216216216	0.05290713433329536
4.217087087087087	0.052448500422570675
4.217957957957958	0.051993623992130686
4.218828828828829	0.051542478029975344
4.219699699699699	0.05109503565282627
4.220570570570571	0.05065127010671287
4.221441441441441	0.05021115476753775
4.2223123123123125	0.049774663141608444
4.223183183183183	0.04934176886614714
4.224054054054054	0.04891244570976808
4.224924924924925	0.04848666757293376
4.225795795795795	0.04806440848838047
4.226666666666667	0.04764564262151963
4.227537537537538	0.04723034427081836
4.228408408408408	0.046818487868148025
4.229279279279279	0.046410047979111656
4.23015015015015	0.04600499930335017
4.231021021021021	0.0456033166748225
4.231891891891892	0.04520497506206124
4.232762762762762	0.044809949568410085
4.233633633633634	0.04441821543223415
4.234504504504504	0.04402974802711345
4.235375375375376	0.04364452286201021
4.236246246246246	0.04326251558141996
4.237117117117117	0.04288370196549749
4.237987987987988	0.042508057930167514
4.238858858858859	0.04213555952720927
4.23972972972973	0.04176618294433098
4.240600600600601	0.04139990450521356
4.241471471471471	0.04103670066954738
4.242342342342342	0.04067654803304208
4.243213213213213	0.04031942332742303
4.244084084084084	0.03996530342040991
4.244954954954955	0.03961416531567547
4.2458258258258255	0.03926598615279164
4.246696696696697	0.038920743207154836
4.247567567567567	0.038578413889899736
4.248438438438439	0.038238975747791476
4.249309309309309	0.03790240646311097
4.25018018018018	0.03756868385351428
4.251051051051051	0.037237785871888036
4.251921921921922	0.03690969060618218
4.252792792792793	0.036584376279234186
4.253663663663664	0.03626182124857525
4.2545345345345345	0.035942004006227095
4.255405405405405	0.03562490317848177
4.256276276276276	0.03531049752567125
4.257147147147147	0.03499876594192458
4.258018018018018	0.03468968745490901
4.2588888888888885	0.03438324122556661
4.25975975975976	0.034079406547829386
4.26063063063063	0.033778162848332856
4.261501501501502	0.0334794896861109
4.262372372372372	0.033183366752284955
4.263243243243243	0.03288977386973879
4.264114114114114	0.0325986909927866
4.264984984984985	0.032310098206827516
4.265855855855856	0.03202397572799392
4.266726726726727	0.03174030390278674
4.2675975975975975	0.031459063207705036
4.268468468468468	0.0311802342488635
4.269339339339339	0.03090379776160235
4.270210210210211	0.030629734610090442
4.271081081081081	0.030358025786918343
4.2719519519519515	0.030088652412681292
4.272822822822823	0.0298215957355593
4.273693693693693	0.029556837130886596
4.274564564564565	0.029294358100712993
4.275435435435435	0.029034140273360997
4.2763063063063065	0.028776165402972745
4.277177177177177	0.028520415369053417
4.278048048048048	0.02826687217600507
4.278918918918919	0.02801551795265746
4.27978978978979	0.027766334951788523
4.2806606606606605	0.027519305549645164
4.281531531531531	0.027274412245450682
4.282402402402402	0.027031637660913373
4.283273273273274	0.026790964539726632
4.284144144144144	0.026552375747064243
4.285015015015015	0.026315854269070658
4.285885885885886	0.02608138321234718
4.286756756756756	0.025848945803433776
4.287627627627628	0.025618525388284668
4.288498498498498	0.025390105431742572
4.2893693693693695	0.025163669517004942
4.29024024024024	0.024939201345091984
4.291111111111111	0.024716684734303697
4.291981981981982	0.024496103619680524
4.292852852852853	0.024277442052454995
4.293723723723724	0.024060684199503895
4.294594594594595	0.023845814342794404
4.295465465465465	0.023632816878829965
4.296336336336337	0.023421676318090646
4.297207207207207	0.02321237728447342
4.298078078078078	0.02300490451472749
4.298948948948949	0.022799242857888775
4.299819819819819	0.022595377274712284
4.300690690690691	0.022393292837099968
4.301561561561561	0.02219297472753044
4.302432432432433	0.021994408238482786
4.303303303303303	0.021797578771861805
4.304174174174174	0.021602471838419023
4.305045045045045	0.02140907305717457
4.305915915915916	0.021217368154835246
4.306786786786787	0.021027342965213653
4.307657657657658	0.020838983428643765
4.308528528528528	0.02065227559139777
4.3093993993994	0.020467205605099587
4.31027027027027	0.020283759726139956
4.311141141141141	0.020101924315087904
4.312012012012012	0.019921685836104392
4.3128828828828825	0.019743030856353913
4.313753753753754	0.01956594604541498
4.314624624624624	0.019390418174692135
4.315495495495496	0.019216434116825453
4.316366366366366	0.019043980845102056
4.317237237237237	0.018873045432865294
4.318108108108108	0.018703615052926108
4.318978978978979	0.018535676976972244
4.31984984984985	0.018369218574979872
4.320720720720721	0.018204227314622592
4.3215915915915915	0.01804069076068477
4.322462462462463	0.017878596574470065
4.323333333333333	0.017717932513215597
4.324204204204204	0.017558686429502687
4.325075075075075	0.017400846270670223
4.325945945945946	0.017244400078228406
4.326816816816817	0.017089335987272743
4.327687687687687	0.016935642225898818
4.328558558558559	0.016783307114618416
4.329429429429429	0.016632319065776665
4.3303003003003	0.016482666582968965
4.331171171171171	0.01633433826046086
4.332042042042042	0.016187322782606546
4.332912912912913	0.01604160892327152
4.333783783783784	0.015897185545253475
4.3346546546546545	0.015754041599706833
4.335525525525526	0.015612166125566691
4.336396396396396	0.015471548248975871
4.337267267267267	0.015332177182711812
4.338138138138138	0.015194042225615906
4.339009009009009	0.015057132762024346
4.33987987987988	0.014921438261200001
4.34075075075075	0.014786948276766061
4.341621621621622	0.014653652446141198
4.342492492492492	0.014521540489977556
4.3433633633633635	0.014390602211598382
4.344234234234234	0.014260827496439497
4.345105105105105	0.014132206311490828
4.345975975975976	0.014004728704741365
4.346846846846847	0.013878384804624456
4.3477177177177175	0.013753164819466526
4.348588588588589	0.013629059036936201
4.349459459459459	0.013506057823496979
4.35033033033033	0.013384151623860505
4.351201201201201	0.013263330960442426
4.3520720720720725	0.013143586432821026
4.352942942942943	0.013024908717197206
4.353813813813813	0.01290728856585566
4.354684684684685	0.012790716806630359
4.355555555555555	0.012675184342370858
4.3564264264264265	0.012560682150410509
4.357297297297297	0.012447201282038089
4.358168168168168	0.012334732861970317
4.359039039039039	0.012223268087827992
4.35990990990991	0.012112798229613054
4.360780780780781	0.012003314629189332
4.361651651651652	0.011894808699764236
4.362522522522522	0.011787271925374262
4.363393393393394	0.011680695860371074
4.364264264264264	0.011575072128912161
4.3651351351351355	0.011470392424451706
4.366006006006006	0.011366648509235624
4.366876876876876	0.011263832213797719
4.367747747747748	0.011161935436459079
4.368618618618618	0.011060950142829942
4.36948948948949	0.010960868365313235
4.37036036036036	0.010861682202611762
4.371231231231231	0.010763383819236657
4.372102102102102	0.010665965445019637
4.372972972972973	0.010569419374626177
4.373843843843844	0.010473737967073168
4.374714714714715	0.010378913645247156
4.375585585585585	0.010284938895426697
4.376456456456457	0.010191806266805981
4.377327327327327	0.010099508371022217
4.3781981981981986	0.010008037881684384
4.379069069069069	0.009917387533905735
4.3799399399399395	0.00982755012383778
4.380810810810811	0.00973851850820757
4.381681681681681	0.009650285603857629
4.382552552552553	0.00956284438728743
4.383423423423423	0.009476187894199206
4.384294294294294	0.00939030921904454
4.385165165165165	0.009305201514575012
4.386036036036036	0.009220857991394287
4.386906906906907	0.009137271917513871
4.387777777777778	0.009054436617910427
4.3886486486486485	0.008972345474086714
4.38951951951952	0.008890991923634132
4.39039039039039	0.008810369459798859
4.391261261261262	0.008730471631049605
4.392132132132132	0.008651292040648966
4.3930030030030025	0.008572824346226504
4.393873873873874	0.008495062259354749
4.394744744744745	0.008417999545128344
4.395615615615616	0.00834163002174493
4.396486486486486	0.008265947560088945
4.397357357357357	0.008190946083318187
4.398228228228228	0.00811661956645302
4.399099099099099	0.00804296203596759
4.39996996996997	0.007969967569384482
4.400840840840841	0.007897630294871054
4.4017117117117115	0.007825944390839237
4.402582582582583	0.007754904085547016
4.403453453453453	0.00768450365670342
4.404324324324325	0.00761473743107491
4.405195195195195	0.007545599784095756
4.4060660660660655	0.00747708513947959
4.406936936936937	0.007409187968834316
4.407807807807808	0.007341902791279465
4.408678678678679	0.0072752241730658414
4.409549549549549	0.007209146727197716
4.4104204204204205	0.007143665113057745
4.411291291291291	0.007078774036034435
4.412162162162162	0.007014468247151614
4.413033033033033	0.006950742542701208
4.413903903903904	0.00688759176387745
4.4147747747747745	0.0068250107964148675
4.415645645645646	0.006762994570227449
4.416516516516516	0.00670153805905132
4.417387387387388	0.0066406362800890415
4.418258258258258	0.006580284293657127
4.4191291291291295	0.006520477202835238
4.42	0.006461210153118574
