3.55	0.9999307501925472
3.5508708708708707	0.9999294083612525
3.5517417417417416	0.9999280405315946
3.5526126126126125	0.9999266461999209
3.5534834834834834	0.9999252248528249
3.5543543543543543	0.9999237759669571
3.555225225225225	0.9999222990088324
3.556096096096096	0.9999207934346348
3.5569669669669666	0.999919258690016
3.5578378378378375	0.9999176942098928
3.5587087087087084	0.999916099418239
3.5595795795795793	0.9999144737278737
3.56045045045045	0.9999128165402448
3.561321321321321	0.9999111272452099
3.562192192192192	0.9999094052208114
3.563063063063063	0.9999076498330479
3.5639339339339338	0.9999058604356416
3.5648048048048047	0.9999040363698
3.5656756756756756	0.9999021769639742
3.5665465465465465	0.999900281533613
3.5674174174174174	0.9998983493809095
3.5682882882882883	0.9998963797945454
3.569159159159159	0.9998943720494307
3.57003003003003	0.9998923254064355
3.5709009009009005	0.9998902391121195
3.5717717717717714	0.9998881123984554
3.5726426426426423	0.9998859444825452
3.573513513513513	0.9998837345663343
3.574384384384384	0.9998814818363178
3.575255255255255	0.9998791854632405
3.576126126126126	0.9998768446017944
3.576996996996997	0.9998744583903064
3.5778678678678677	0.9998720259504227
3.5787387387387386	0.9998695463867857
3.5796096096096095	0.999867018786706
3.5804804804804804	0.9998644422198261
3.5813513513513513	0.9998618157377797
3.582222222222222	0.9998591383738431
3.583093093093093	0.9998564091425801
3.583963963963964	0.9998536270394811
3.5848348348348344	0.9998507910405926
3.5857057057057053	0.9998479001021429
3.5865765765765762	0.9998449531601589
3.587447447447447	0.9998419491300743
3.588318318318318	0.9998388869063328
3.589189189189189	0.9998357653619816
3.59006006006006	0.9998325833482588
3.5909309309309307	0.9998293396941708
3.5918018018018016	0.999826033206063
3.5926726726726725	0.9998226626671826
3.5935435435435434	0.9998192268372309
3.5944144144144143	0.9998157244519099
3.5952852852852852	0.999812154222457
3.596156156156156	0.9998085148351736
3.597027027027027	0.9998048049509428
3.597897897897898	0.9998010232047381
3.5987687687687684	0.9997971682051231
3.5996396396396393	0.9997932385337422
3.60051051051051	0.9997892327447989
3.601381381381381	0.9997851493645274
3.602252252252252	0.999780986890652
3.603123123123123	0.9997767437918357
3.603993993993994	0.9997724185071202
3.6048648648648647	0.9997680094453535
3.6057357357357356	0.9997635149846066
3.6066066066066065	0.9997589334715797
3.6074774774774774	0.999754263220997
3.6083483483483483	0.9997495025149882
3.609219219219219	0.9997446496024606
3.61009009009009	0.9997397026984574
3.610960960960961	0.999734659983504
3.611831831831832	0.9997295196029424
3.6127027027027023	0.9997242796662519
3.6135735735735732	0.9997189382463573
3.614444444444444	0.9997134933789237
3.615315315315315	0.9997079430616376
3.616186186186186	0.9997022852534747
3.617057057057057	0.9996965178739526
3.6179279279279277	0.9996906388023707
3.6187987987987986	0.9996846458770337
3.6196696696696695	0.999678536894462
3.6205405405405404	0.9996723096085857
3.6214114114114113	0.9996659617299233
3.622282282282282	0.9996594909247452
3.623153153153153	0.9996528948142209
3.624024024024024	0.9996461709735501
3.624894894894895	0.9996393169310755
3.625765765765766	0.9996323301673817
3.6266366366366363	0.9996252081143744
3.627507507507507	0.9996179481543416
3.628378378378378	0.9996105476189999
3.629249249249249	0.9996030037885193
3.63012012012012	0.9995953138905302
3.6309909909909908	0.999587475099113
3.6318618618618617	0.9995794845337659
3.6327327327327326	0.9995713392583551
3.6336036036036035	0.9995630362800441
3.6344744744744744	0.999554572548201
3.6353453453453453	0.9995459449532886
3.636216216216216	0.9995371503257297
3.637087087087087	0.9995281854347516
3.637957957957958	0.999519046987211
3.638828828828829	0.9995097316263925
3.6396996996996993	0.9995002359307879
3.64057057057057	0.9994905564128489
3.641441441441441	0.999480689517719
3.642312312312312	0.9994706316219389
3.643183183183183	0.9994603790321296
3.644054054054054	0.9994499279836466
3.6449249249249247	0.9994392746392137
3.6457957957957956	0.9994284150875254
3.6466666666666665	0.9994173453418277
3.6475375375375374	0.9994060613384672
3.6484084084084083	0.9993945589354165
3.649279279279279	0.9993828339107693
3.65015015015015	0.9993708819612074
3.651021021021021	0.9993586987004397
3.651891891891892	0.9993462796576089
3.652762762762763	0.9993336202756715
3.6536336336336337	0.9993207159097444
3.654504504504504	0.9993075618254204
3.655375375375375	0.9992941531970534
3.656246246246246	0.9992804851060089
3.657117117117117	0.9992665525388844
3.6579879879879877	0.9992523503856918
3.6588588588588586	0.9992378734380096
3.6597297297297295	0.9992231163870979
3.6606006006006004	0.9992080738219781
3.6614714714714713	0.9991927402274765
3.6623423423423422	0.999177109982231
3.663213213213213	0.9991611773566601
3.664084084084084	0.9991449365108936
3.664954954954955	0.9991283814926644
3.665825825825826	0.99911150623516
3.6666966966966967	0.9990943045548346
3.667567567567567	0.999076770149179
3.668438438438438	0.9990588965944487
3.669309309309309	0.9990406773433501
3.67018018018018	0.9990221057226826
3.671051051051051	0.9990031749309356
3.6719219219219217	0.9989838780358424
3.6727927927927926	0.9989642079718866
3.6736636636636635	0.9989441575377618
3.6745345345345344	0.9989237193937854
3.6754054054054053	0.9989028860592614
3.676276276276276	0.9988816499097958
3.677147147147147	0.9988600031745618
3.678018018018018	0.9988379379335126
3.678888888888889	0.9988154461145431
3.6797597597597598	0.998792519490599
3.6806306306306307	0.998769149676731
3.6815015015015016	0.9987453281270954
3.682372372372372	0.998721046131897
3.683243243243243	0.998696294814278
3.684114114114114	0.9986710651271462
3.6849849849849847	0.9986453478499457
3.6858558558558556	0.9986191335853686
3.6867267267267265	0.9985924127560041
3.6875975975975974	0.998565175600926
3.6884684684684683	0.9985374121722181
3.689339339339339	0.9985091123314345
3.69021021021021	0.9984802657459946
3.691081081081081	0.9984508618855115
3.691951951951952	0.9984208900180543
3.692822822822823	0.998390339206339
3.6936936936936937	0.9983591983038514
3.6945645645645646	0.9983274559508987
3.695435435435435	0.9982951005705869
3.696306306306306	0.9982621203647272
3.697177177177177	0.998228503309665
3.6980480480480478	0.9981942371520349
3.6989189189189187	0.998159309404436
3.6997897897897896	0.9981237073410294
3.7006606606606605	0.9980874179930567
3.7015315315315314	0.9980504281442748
3.7024024024024023	0.9980127243263088
3.703273273273273	0.9979742928139215
3.704144144144144	0.9979351196201954
3.705015015015015	0.9978951904916292
3.705885885885886	0.9978544909031443
3.7067567567567568	0.9978130060530028
3.7076276276276277	0.9977707208576326
3.7084984984984986	0.9977276199463603
3.7093693693693695	0.9976836876560486
3.71024024024024	0.9976389080256391
3.711111111111111	0.9975932647905963
3.7119819819819817	0.997546741377252
3.7128528528528526	0.9974993208970498
3.7137237237237235	0.9974509861406878
3.7145945945945944	0.9974017195721538
3.7154654654654653	0.9973515033226596
3.716336336336336	0.9973003191844637
3.717207207207207	0.9972481486045871
3.718078078078078	0.9971949726784173
3.718948948948949	0.9971407721432007
3.71981981981982	0.9970855273714196
3.7206906906906907	0.9970292183640538
3.7215615615615616	0.9969718247437236
3.7224324324324325	0.9969133257477143
3.723303303303303	0.9968537002208779
3.724174174174174	0.996792926608413
3.7250450450450447	0.9967309829485175
3.7259159159159156	0.9966678468649166
3.7267867867867865	0.9966034955592602
3.7276576576576574	0.9965379058033902
3.7285285285285283	0.9964710539314752
3.7293993993993992	0.9964029158320095
3.73027027027027	0.996333466939678
3.731141141141141	0.9962626822270796
3.732012012012012	0.9961905361963125
3.732882882882883	0.996117002870416
3.7337537537537537	0.9960420557846683
3.7346246246246246	0.9959656679777378
3.7354954954954955	0.9958878119826854
3.736366366366366	0.9958084598178186
3.737237237237237	0.9957275829773903
3.738108108108108	0.9956451524221459
3.7389789789789787	0.9955611385697118
3.7398498498498496	0.9954755112848278
3.7407207207207205	0.9953882398694174
3.7415915915915914	0.9952992930524953
3.7424624624624623	0.9952086389799132
3.743333333333333	0.9951162452039358
3.744204204204204	0.9950220786726508
3.745075075075075	0.9949261057192064
3.745945945945946	0.9948282920508794
3.7468168168168168	0.9947286027379654
3.7476876876876877	0.9946270022024943
3.7485585585585586	0.9945234542067686
3.7494294294294295	0.9944179218417191
3.7503003003003004	0.9943103675150784
3.751171171171171	0.9942007529393744
3.7520420420420417	0.9940890391197312
3.7529129129129126	0.9939751863414881
3.7537837837837835	0.9938591541576247
3.7546546546546544	0.9937409013759978
3.7555255255255253	0.9936203860463821
3.756396396396396	0.9934975654473177
3.757267267267267	0.9933723960727604
3.758138138138138	0.9932448336185346
3.759009009009009	0.9931148329685834
3.75987987987988	0.9929823481810208
3.7607507507507507	0.9928473324739794
3.7616216216216216	0.9927097382112521
3.7624924924924925	0.9925695168877305
3.7633633633633634	0.9924266191146354
3.764234234234234	0.9922809946045373
3.7651051051051048	0.9921325921561707
3.7659759759759757	0.9919813596390331
3.7668468468468466	0.9918272439777779
3.7677177177177175	0.9916701911363894
3.7685885885885884	0.9915101461021487
3.7694594594594593	0.9913470528693825
3.77033033033033	0.9911808544229991
3.771201201201201	0.9910114927218072
3.772072072072072	0.9908389086816226
3.772942942942943	0.9906630421581544
3.7738138138138138	0.9904838319296788
3.7746846846846847	0.9903012156794955
3.7755555555555556	0.9901151299781683
3.7764264264264265	0.9899255102655503
3.7772972972972974	0.9897322908325944
3.7781681681681683	0.9895354048029482
3.7790390390390387	0.9893347841143374
3.7799099099099096	0.989130359499734
3.7807807807807805	0.9889220604683153
3.7816516516516514	0.9887098152862116
3.7825225225225223	0.9884935509570466
3.783393393393393	0.9882731932022691
3.784264264264264	0.9880486664412833
3.785135135135135	0.9878198937713742
3.786006006006006	0.9875867969474349
3.786876876876877	0.9873492963614967
3.7877477477477477	0.9871073110220654
3.7886186186186186	0.9868607585332669
3.7894894894894895	0.9866095550738081
3.7903603603603604	0.9863536153757527
3.7912312312312313	0.9860928527031213
3.7921021021021017	0.9858271788303146
3.7929729729729726	0.985556504020372
3.7938438438438435	0.9852807370030651
3.7947147147147144	0.9849997849528339
3.7955855855855853	0.9847135534665706
3.7964564564564562	0.984421946541264
3.797327327327327	0.9841248665514989
3.798198198198198	0.9838222142268312
3.799069069069069	0.9835138886290398
3.79993993993994	0.9831997871292629
3.8008108108108107	0.9828798053850313
3.8016816816816816	0.9825538373172059
3.8025525525525525	0.9822217750868307
3.8034234234234234	0.981883509071908
3.8042942942942943	0.9815389278441145
3.805165165165165	0.9811879181454614
3.806036036036036	0.9808303648649158
3.8069069069069066	0.9804661510149975
3.8077777777777775	0.9800951577083576
3.8086486486486484	0.9797172641343641
3.8095195195195193	0.9793323475356984
3.81039039039039	0.9789402831849853
3.811261261261261	0.978540944361472
3.812132132132132	0.9781342023277708
3.813003003003003	0.9777199263066838
3.8138738738738738	0.9772979834581337
3.8147447447447447	0.9768682388562111
3.8156156156156156	0.9764305554663649
3.8164864864864865	0.9759847941227603
3.8173573573573574	0.9755308135058163
3.8182282282282283	0.9750684701199536
3.819099099099099	0.9745976182715789
3.8199699699699696	0.9741181100473226
3.8208408408408405	0.9736297952925623
3.8217117117117114	0.9731325215902585
3.8225825825825823	0.9726261342401276
3.823453453453453	0.9721104762381865
3.824324324324324	0.9715853882566945
3.825195195195195	0.9710507086245251
3.826066066066066	0.9705062733080055
3.826936936936937	0.9699519158922493
3.8278078078078077	0.9693874675630223
3.8286786786786786	0.9688127570891817
3.8295495495495495	0.9682276108057176
3.8304204204204204	0.9676318525974396
3.8312912912912913	0.9670253038833546
3.832162162162162	0.9664077836017676
3.8330330330330327	0.9657791081961544
3.833903903903904	0.9651390916018484
3.8347747747747745	0.9644875452335917
3.8356456456456454	0.9638242779739884
3.8365165165165163	0.9631490961629202
3.837387387387387	0.9624618035879635
3.838258258258258	0.9617622014758699
3.839129129129129	0.9610500884851537
3.84	0.9603252606998458
3.8408708708708708	0.9595875116244744
3.8417417417417417	0.9588366321803192
3.8426126126126126	0.9580724107030062
3.8434834834834835	0.9572946329415062
3.8443543543543544	0.9565030820585906
3.8452252252252253	0.9556975386328119
3.846096096096096	0.9548777806620825
3.846966966966967	0.954043583568904
3.8478378378378375	0.9531947202073278
3.8487087087087084	0.9523309608717081
3.8495795795795793	0.9514520733073287
3.85045045045045	0.9505578227229675
3.851321321321321	0.9496479718054782
3.852192192192192	0.9487222807364606
3.853063063063063	0.9477805072111067
3.853933933933934	0.9468224064592902
3.8548048048048047	0.9458477312689834
3.8556756756756756	0.9448562320120902
3.8565465465465465	0.9438476566727672
3.8574174174174174	0.9428217508783197
3.8582882882882883	0.9417782579327679
3.859159159159159	0.9407169188531552
3.86003003003003	0.9396374724086912
3.8609009009009005	0.9385396551628274
3.861771771771772	0.9374232015183346
3.8626426426426423	0.9362878437654987
3.8635135135135132	0.9351333121334937
3.864384384384384	0.9339593348450529
3.865255255255255	0.9327656381745153
3.866126126126126	0.9315519465093376
3.866996996996997	0.9303179824151683
3.8678678678678677	0.9290634667045822
3.8687387387387386	0.9277881185095558
3.8696096096096095	0.9264916553577801
3.8704804804804804	0.925173793252913
3.8713513513513513	0.9238342467588457
3.8722222222222222	0.9224727290880813
3.873093093093093	0.921088952194325
3.873963963963964	0.919682626869356
3.874834834834835	0.9182534628442779
3.8757057057057054	0.9168011688952438
3.8765765765765763	0.9153254529537118
3.877447447447447	0.9138260222213493
3.878318318318318	0.9123025832896333
3.879189189189189	0.9107548422642381
3.88006006006006	0.9091825048942959
3.8809309309309308	0.9075852767065762
3.8818018018018017	0.9059628631446685
3.8826726726726726	0.9043149697132371
3.8835435435435435	0.902641302127393
3.8844144144144144	0.9009415664672438
3.8852852852852853	0.899215469337686
3.886156156156156	0.8974627180334672
3.887027027027027	0.895683020709565
3.887897897897898	0.8938760865569308
3.8887687687687684	0.8920416259836086
3.8896396396396393	0.8901793508012559
3.8905105105105102	0.888288974417104
3.891381381381381	0.8863702120313249
3.892252252252252	0.8844227808398542
3.893123123123123	0.8824464002426221
3.893993993993994	0.8804407920571962
3.8948648648648647	0.8784056807378207
3.8957357357357356	0.8763407935997964
3.8966066066066065	0.8742458610491697
3.8974774774774774	0.8721206168176895
3.8983483483483483	0.8699647982029459
3.899219219219219	0.8677781463136248
3.90009009009009	0.8655604063198113
3.900960960960961	0.8633113277082143
3.9018318318318315	0.8610306645422178
3.902702702702703	0.8587181757266443
3.9035735735735733	0.856373625277097
3.904444444444444	0.8539967825936929
3.905315315315315	0.8515874227390992
3.906186186186186	0.8491453267206209
3.907057057057057	0.8466702817762173
3.9079279279279278	0.8441620816641922
3.9087987987987987	0.8416205269563647
3.9096696696696696	0.8390454253344998
3.9105405405405405	0.8364365918897179
3.9114114114114114	0.8337938494246406
3.9122822822822823	0.8311170287580059
3.913153153153153	0.8284059690314283
3.914024024024024	0.8256605180180098
3.914894894894895	0.8228805324324933
3.915765765765766	0.8200658782425838
3.9166366366366363	0.8172164309810983
3.917507507507507	0.8143320760585787
3.918378378378378	0.8114127090759731
3.919249249249249	0.80845823613697
3.92012012012012	0.8054685741595901
3.920990990990991	0.8024436511865778
3.9218618618618617	0.7993834066941813
3.9227327327327326	0.7962877918988168
3.9236036036036035	0.7931567700611639
3.9244744744744744	0.7899903167872229
3.9253453453453453	0.7867884203257932
3.926216216216216	0.7835510818618829
3.927087087087087	0.7802783158055443
3.927957957957958	0.7769701500755625
3.928828828828829	0.7736266263774736
3.9296996996996993	0.7702478004753852
3.9305705705705707	0.766833742456979
3.931441441441441	0.7633845369912058
3.932312312312312	0.7599002835780223
3.933183183183183	0.7563810967896699
3.934054054054054	0.7528271065028526
3.9349249249249247	0.749238458121275
3.9357957957957956	0.7456153127879263
3.9366666666666665	0.7419578475865755
3.9375375375375374	0.7382662557318441
3.9384084084084083	0.7345407467473085
3.9392792792792792	0.7307815466310844
3.94015015015015	0.7269888980082831
3.941021021021021	0.7231630602698091
3.941891891891892	0.7193043096969787
3.942762762762763	0.7154129395713784
3.9436336336336337	0.7114892602694669
3.944504504504504	0.7075335993414468
3.945375375375375	0.7035463015738455
3.946246246246246	0.6995277290354264
3.947117117117117	0.6954782611059044
3.947987987987988	0.6913982944870739
3.9488588588588587	0.6872882431959695
3.9497297297297296	0.6831485385396315
3.9506006006006005	0.6789796290711525
3.9514714714714714	0.6747819805267105
3.9523423423423423	0.670556075743245
3.953213213213213	0.666302414556543
3.954084084084084	0.6620215136795378
3.954954954954955	0.6577139065605754
3.955825825825826	0.6533801432215207
3.9566966966966968	0.6490207900756148
3.9575675675675672	0.6446364297249484
3.9584384384384386	0.640227660737541
3.959309309309309	0.6357950974040599
3.96018018018018	0.6313393694741392
3.961051051051051	0.6268611218724846
3.9619219219219217	0.6223610143948078
3.9627927927927926	0.6178397213837968
3.9636636636636635	0.6132979313853636
3.9645345345345344	0.6087363467853716
3.9654054054054053	0.6041556834271742
3.966276276276276	0.5995566702103402
3.967147147147147	0.5949400486708981
3.968018018018018	0.590306572543561
3.968888888888889	0.5856570073064411
3.96975975975976	0.58099212970871
3.9706306306306307	0.5763127272817954
3.9715015015015016	0.5716195978347478
3.972372372372372	0.5669135489343514
3.973243243243243	0.5621953973706953
3.974114114114114	0.5574659686089269
3.9749849849849848	0.5527260962279258
3.9758558558558557	0.5479766213466624
3.9767267267267266	0.5432183920390918
3.9775975975975975	0.5384522627383892
3.9784684684684684	0.533679093631454
3.9793393393393393	0.5288997500445166
3.98021021021021	0.5241151018207979
3.981081081081081	0.5193260226911985
3.981951951951952	0.5145333896389122
3.982822822822823	0.5097380822589745
3.9836936936936937	0.5049409821137693
3.9845645645645646	0.5001429720854282
3.985435435435435	0.4953449357261716
3.9863063063063064	0.49054775660761074
3.987177177177177	0.4857523176700414
3.988048048048048	0.48095950057265796
3.9889189189189187	0.4761701850458374
3.9897897897897896	0.47138524824641675
3.9906606606606605	0.46660556411697024
3.9915315315315314	0.46183200275011205
3.9924024024024023	0.45706542975876263
3.993273273273273	0.45230670565339587
3.994144144144144	0.44755668522714603
3.995015015015015	0.4428162169497272
3.995885885885886	0.4380861423710963
3.996756756756757	0.43336729553567216
3.9976276276276277	0.42866050240798625
3.998498498498498	0.42396658031061907
3.9993693693693695	0.41928633737511783
4.00024024024024	0.4146205720067579
4.001111111111111	0.4099700723637471
4.001981981981982	0.4053356158516867
4.002852852852853	0.40071796863376835
4.0037237237237235	0.39611788515748864
4.004594594594595	0.3915361076982793
4.005465465465465	0.38697336592072407
4.006336336336336	0.3824303764576826
4.007207207207207	0.37790784250790865
4.008078078078078	0.37340645345247203
4.008948948948949	0.3689268844903197
4.009819819819819	0.36446979629336235
4.010690690690691	0.36003583468123984
4.011561561561561	0.35562563031611083
4.0124324324324325	0.3512397984174838
4.013303303303303	0.346878938497392
4.014174174174174	0.3425436341158456
4.015045045045045	0.3382344526567304
4.015915915915916	0.3339519451240474
4.016786786786787	0.3296966459585784
4.017657657657658	0.32546907287475146
4.018528528528528	0.3212697267177569
4.019399399399399	0.3170990913406154
4.02027027027027	0.3129576335011052
4.021141141141141	0.30884580277830737
4.022012012012012	0.30476403150843734
4.022882882882882	0.300712734739811
4.023753753753754	0.29669231020648584
4.024624624624624	0.29270313832034367
4.025495495495496	0.28874558218113905
4.026366366366366	0.2848199876042234
4.027237237237237	0.28092668316538294
4.028108108108108	0.27706598026249535
4.028978978978979	0.27323817319340027
4.02984984984985	0.26944353924960796
4.030720720720721	0.2656823388252456
4.031591591591591	0.2619548155408295
4.032462462462463	0.2582611963812006
4.033333333333333	0.25460169184722353
4.034204204204205	0.2509764961205627
4.035075075075075	0.2473857872410932
4.0359459459459455	0.24382972729624963
4.036816816816817	0.24030846262186045
4.037687687687687	0.23682212401382008
4.038558558558559	0.23337082695000955
4.039429429429429	0.22995467182194554
4.0403003003003	0.226573744175495
4.041171171171171	0.22322811496017128
4.042042042042042	0.2199178407863187
4.042912912912913	0.216642964189743
4.043783783783784	0.21340351390310408
4.0446546546546545	0.2101995051336057
4.045525525525526	0.20703093984634657
4.046396396396396	0.2038978070528807
4.047267267267268	0.20080008310434086
4.048138138138138	0.19773773198872466
4.0490090090090085	0.19471070563172158
4.04987987987988	0.19171894420065125
4.05075075075075	0.18876237641101026
4.051621621621622	0.18584091983509846
4.052492492492492	0.18295448121236094
4.0533633633633634	0.18010295676089733
4.054234234234234	0.17728623248978664
4.055105105105105	0.1745041845117365
4.055975975975976	0.17175667935573213
4.056846846846847	0.1690435742791997
4.0577177177177175	0.16636471757941643
4.058588588588589	0.1637199489037132
4.059459459459459	0.16110909955821504
4.060330330330331	0.15853199281469843
4.061201201201201	0.15598844421535646
4.0620720720720715	0.1534782618750878
4.062942942942943	0.1510012467810892
4.063813813813813	0.1485571930894659
4.064684684684685	0.14614588841859238
4.065555555555555	0.14376711413904492
4.0664264264264265	0.14142064565980492
4.067297297297297	0.13910625271062182
4.068168168168168	0.1368236996202625
4.069039039039039	0.1345727455905379
4.06990990990991	0.13235314496588688
4.0707807807807805	0.13016464749843315
4.071651651651652	0.12800699860830184
4.072522522522522	0.12587993963915883
4.073393393393394	0.12378320810878528
4.074264264264264	0.12171653795465905
4.075135135135135	0.11967965977438373
4.076006006006006	0.1176723010609602
4.076876876876877	0.11569418643279553
4.077747747747748	0.1137450378584016
4.078618618618618	0.11182457487574372
4.0794894894894895	0.10993251480621002
4.08036036036036	0.10806857296318062
4.081231231231231	0.10623246285514444
4.082102102102102	0.10442389638341938
4.082972972972973	0.10264258403441244
4.083843843843844	0.10088823506647998
4.084714714714715	0.09916055769135841
4.085585585585585	0.09745925925023699
4.086456456456457	0.0957840463844412
4.087327327327327	0.09413462520082806
4.088198198198198	0.0925107014318754
4.089069069069069	0.09091198059054921
4.08993993993994	0.08933816811999166
4.090810810810811	0.0877889695380645
4.091681681681681	0.08626409057683633
4.092552552552553	0.08476323731706455
4.093423423423423	0.08328611631774295
4.094294294294294	0.08183243474077181
4.095165165165165	0.08040190047085871
4.096036036036036	0.07899422223067706
4.096906906906907	0.07760910969141774
4.097777777777778	0.07624627357876576
4.098648648648648	0.07490542577442548
4.09951951951952	0.07358627941324515
4.10039039039039	0.07228854897606614
4.101261261261262	0.07101195037833889
4.102132132132132	0.0697562010546461
4.103003003003003	0.06852102003917722
4.103873873873874	0.06730612804228735
4.104744744744744	0.06611124752318849
4.105615615615616	0.06493610275890709
4.106486486486486	0.06378041990957685
4.107357357357357	0.06264392708015645
4.108228228228228	0.0615263543786852
4.109099099099099	0.06042743397114141
4.10996996996997	0.059346900133027264
4.110840840840841	0.05828448929773254
4.1117117117117115	0.057239940101810625
4.112582582582583	0.056212993427218715
4.113453453453453	0.05520339244064179
4.114324324324325	0.054210882629962376
4.115195195195195	0.053235211837992194
4.116066066066066	0.05227613029351735
4.116936936936937	0.051333390639780506
4.117807807807807	0.05040674796045064
4.118678678678679	0.04949595980318512
4.119549549549549	0.04860078620086166
4.1204204204204204	0.04772098969054375
4.121291291291291	0.046856335330288885
4.122162162162162	0.04600659071384639
4.123033033033033	0.045171525983345805
4.123903903903904	0.04435091384002885
4.1247747747747745	0.043544529553121804
4.125645645645646	0.04275215096689106
4.126516516516516	0.04197355850598371
4.127387387387388	0.041208535179093335
4.128258258258258	0.04045686658104066
4.129129129129129	0.03971834089331486
4.13	0.03899274888316084
4.13087087087087	0.038279883901249596
4.131741741741742	0.03757954187801698
4.132612612612612	0.03689152131871642
4.1334834834834835	0.036215623297241185
4.134354354354354	0.035551651448787566
4.135225225225225	0.0348994119613904
4.136096096096096	0.034258713566410234
4.136966966966967	0.03362936752800048
4.1378378378378375	0.033011187631623154
4.138708708708709	0.03240399017164599
4.139579579579579	0.03180759393808562
4.140450450450451	0.031221820202521348
4.141321321321321	0.030646492703247416
4.1421921921921925	0.030081437629685903
4.143063063063063	0.029526483606118387
4.143933933933933	0.028981461674763346
4.144804804804805	0.028446205278248236
4.145675675675676	0.027920550241511778
4.1465465465465465	0.027404334753165876
4.147417417417417	0.02689739934636193
4.148288288288288	0.026399586879190872
4.149159159159159	0.025910742514652814
4.15003003003003	0.025430713700218363
4.150900900900901	0.024959350147028464
4.151771771771772	0.024496503808745386
4.152642642642642	0.02404202886009688
4.153513513513514	0.02359578167512874
4.154384384384384	0.023157620805205018
4.1552552552552555	0.022727406956765266
4.156126126126126	0.022305002968880303
4.156996996996996	0.021890273790614607
4.157867867867868	0.021483086458227708
4.158738738738739	0.021083310072231787
4.15960960960961	0.020690815774326875
4.16048048048048	0.020305476724230196
4.161351351351351	0.01992716807642545
4.162222222222222	0.019555766956844675
4.163093093093093	0.01919115243949839
4.163963963963964	0.018833205523078718
4.164834834834835	0.01848180910753868
4.165705705705705	0.018136847970676603
4.166576576576577	0.017798208744727453
4.167447447447447	0.017465779892984663
4.168318318318319	0.017139451686456652
4.169189189189189	0.016819116180579945
4.17006006006006	0.016504667191988988
4.170930930930931	0.01619600027536646
4.171801801801802	0.015893012700373306
4.172672672672673	0.01559560342867745
4.173543543543543	0.015303673091083317
4.174414414414414	0.015017123964776507
4.175285285285285	0.014735859950691075
4.176156156156156	0.014459786551002118
4.177027027027027	0.014188810846760682
4.177897897897898	0.013922841475668236
4.1787687687687685	0.013661788610006269
4.17963963963964	0.013405563934717719
4.18051051051051	0.013154080625656218
4.181381381381382	0.01290725332799948
4.182252252252252	0.01266499813483914
4.183123123123123	0.01242723256594538
4.183993993993994	0.012193875546717668
4.184864864864865	0.011964847387317198
4.185735735735736	0.01174006976199398
4.186606606606606	0.011519465688603911
4.1874774774774774	0.011302959508324193
4.188348348348348	0.011090476865568957
4.189219219219219	0.01088194468810372
4.19009009009009	0.010677291167368194
4.190960960960961	0.010476445739002242
4.1918318318318315	0.010279339063582728
4.192702702702703	0.01008590300756775
4.193573573573573	0.00989607062445527
4.194444444444445	0.009709776136150539
4.195315315315315	0.00952695491455078
4.196186186186186	0.009347543463341296
4.197057057057057	0.009171479400008932
4.197927927927928	0.008998701438068772
4.198798798798799	0.008829149369509392
4.199669669669669	0.008662764047450878
4.2005405405405405	0.00849948736902142
4.201411411411412	0.00833926225844887
4.202282282282282	0.008182032650368161
4.203153153153153	0.008027743473342798
4.204024024024024	0.007876340633602789
4.2048948948948945	0.00772777099899618
4.205765765765766	0.007581982383153042
4.206636636636636	0.007438923529863723
4.207507507507508	0.007298544097666957
4.208378378378378	0.007160794644650883
4.2092492492492495	0.007025626613460984
4.21012012012012	0.00689299231651913
4.210990990990991	0.006762844921447707
4.211861861861862	0.006635138436701326
4.212732732732732	0.006509827697401582
4.2136036036036035	0.0063868683513757804
4.214474474474475	0.006266216845397577
4.215345345345345	0.00614783041162638
4.216216216216216	0.006031667054246113
4.217087087087087	0.005917685536300588
4.217957957957958	0.005805845366724544
4.218828828828829	0.005696106787566391
4.219699699699699	0.005588430761404641
4.220570570570571	0.005482778958952438
4.221441441441441	0.00537911374685141
4.2223123123123125	0.005277398175650333
4.223183183183183	0.005177595967969638
4.224054054054054	0.005079671506846287
4.224924924924925	0.004983589824261024
4.225795795795795	0.004889316589842598
4.226666666666667	0.004796818099749323
4.227537537537538	0.004706061265725019
4.228408408408408	0.004617013604327566
4.229279279279279	0.004529643226327372
4.23015015015015	0.0044439188262753344
4.231021021021021	0.004359809672237088
4.231891891891892	0.0042772855956911505
4.232762762762762	0.004196316981590871
4.233633633633634	0.004116874758585275
4.234504504504504	0.004038930389399997
4.235375375375376	0.0039624558613734415
4.236246246246246	0.0038874236771484025
4.237117117117117	0.003813806845515184
4.237987987987988	0.0037415788724063427
4.238858858858859	0.0036707137520384705
4.23972972972973	0.0036011859582018514
4.240600600600601	0.0035329704356934955
4.241471471471471	0.0034660425918935597
4.242342342342342	0.0034003782884815593
4.243213213213213	0.0033359538332916323
4.244084084084084	0.0032727459723046813
4.244954954954955	0.0032107318817742856
4.2458258258258255	0.0031498891604866018
4.246696696696697	0.0030901958221501375
4.247567567567567	0.003031630287915524
4.248438438438439	0.002974171379021269
4.249309309309309	0.002917798309565911
4.25018018018018	0.002862490679402695
4.251051051051051	0.002808228467156544
4.251921921921922	0.002754992023360113
4.252792792792793	0.002702762063708658
4.253663663663664	0.0026515196624300693
4.2545345345345345	0.002601246245770351
4.255405405405405	0.002551923585591007
4.256276276276276	0.0025035337930777997
4.257147147147147	0.0024560593125587376
4.258018018018018	0.0024094829154292156
4.2588888888888885	0.0023637876941837283
4.25975975975976	0.0023189570565508894
4.26063063063063	0.0022749747197319216
4.261501501501502	0.0022318247047393475
4.262372372372372	0.0021894913308357585
4.263243243243243	0.0021479592100695126
4.264114114114114	0.0021072132419074577
4.264984984984985	0.002067238607961664
4.265855855855856	0.0020280207668098025
4.266726726726727	0.001989545448906642
4.2675975975975975	0.0019517986515862958
4.268468468468468	0.001914766634152419
4.269339339339339	0.0018784359130561957
4.270210210210211	0.0018427932571599328
4.271081081081081	0.0018078256830849513
4.2719519519519515	0.00177352045064246
4.272822822822823	0.0017398650583461156
4.273693693693693	0.0017068472390049752
4.274564564564565	0.001674454955394863
4.275435435435435	0.00164267639600795
4.2763063063063065	0.0016114999708780882
4.277177177177177	0.0015809143074816728
4.278048048048048	0.0015509082467116487
4.278918918918919	0.0015214708389246097
4.27978978978979	0.0014925913400586934
4.2806606606606605	0.001464259207821913
4.281531531531531	0.0014364640979490269
4.282402402402402	0.0014091958605263021
4.283273273273274	0.0013824445363828791
4.284144144144144	0.001356200353547251
4.285015015015015	0.001330453723768216
4.285885885885886	0.001305195239098972
4.286756756756756	0.0012804156685433173
4.287627627627628	0.0012561059547626463
4.288498498498498	0.0012322572108432591
4.2893693693693695	0.0012088607171220982
4.29024024024024	0.0011859079180708322
4.291111111111111	0.0011633904192364195
4.291981981981982	0.0011412999842379248
4.292852852852853	0.0011196285318178013
4.293723723723724	0.0010983681329475384
4.294594594594595	0.0010775110079859604
4.295465465465465	0.0010570495238898553
4.296336336336337	0.0010369761914754817
4.297207207207207	0.001017283662730638
4.298078078078078	0.0009979647281757088
4.298948948948949	0.000979012314273493
4.299819819819819	0.0009604194808865768
4.300690690690691	0.0009421794187813422
4.301561561561561	0.0009242854471782026
4.302432432432433	0.0009067310113466105
4.303303303303303	0.000889509680244742
4.304174174174174	0.0008726151442024368
4.305045045045045	0.0008560412126471153
4.305915915915916	0.0008397818118714739
4.306786786786787	0.000823830982842679
4.307657657657658	0.0008081828790517476
4.308528528528528	0.0007928317644030128
4.3093993993994	0.000777772011142402
4.31027027027027	0.0007629980978242665
4.311141141141141	0.0007485046073157088
4.312012012012012	0.000734286224837998
4.3128828828828825	0.0007203377360443535
4.313753753753754	0.0007066540251331842
4.314624624624624	0.0006932300729966034
4.315495495495496	0.0006800609554031057
4.316366366366366	0.0006671418412142215
4.317237237237237	0.000654467990634066
4.318108108108108	0.0006420347534916874
4.318978978978979	0.0006298375675551695
4.31984984984985	0.0006178719568772652
4.320720720720721	0.0006061335301716812
4.3215915915915915	0.0005946179792197867
4.322462462462463	0.0005833210773067888
4.323333333333333	0.0005722386776872766
4.324204204204204	0.0005613667120792134
4.325075075075075	0.0005507011891861128
4.325945945945946	0.0005402381932467756
4.326816816816817	0.0005299738826121075
4.327687687687687	0.0005199044883484377
4.328558558558559	0.0005100263128670359
4.329429429429429	0.0005003357285792082
4.3303003003003	0.0004908291765764618
4.331171171171171	0.0004815031653354919
4.332042042042042	0.00047235426944721077
4.332912912912913	0.0004633791283697375
4.333783783783784	0.0004545744452045858
4.3346546546546545	0.0004459369854958768
4.335525525525526	0.0004374635760519309
4.336396396396396	0.0004291511037890675
4.337267267267267	0.00042099651459691524
4.338138138138138	0.00041299681222511426
4.339009009009009	0.00040514905719085415
4.33987987987988	0.0003974503657068823
4.34075075075075	0.00038989790862962217
4.341621621621622	0.000382488910427047
4.342492492492492	0.00037522064816595564
4.3433633633633635	0.00036809045051815225
4.344234234234234	0.00036109569678542295
4.345105105105105	0.00035423381594270757
4.345975975975976	0.0003475022856993612
4.346846846846847	0.0003408986315779231
4.3477177177177175	0.0003344204260103303
4.348588588588589	0.00032806528745101747
4.349459459459459	0.0003218308795067759
4.35033033033033	0.0003157149100829053
4.351201201201201	0.00030971513054547055
4.3520720720720725	0.0003038293348993363
4.352942942942943	0.00029805535898160776
4.353813813813813	0.00029239107967029746
4.354684684684685	0.00028683441410788456
4.355555555555555	0.0002813833189395011
4.3564264264264265	0.0002760357895654212
4.357297297297297	0.0002707898594077097
4.358168168168168	0.00026564359919058493
4.359039039039039	0.0002605951162344415
4.35990990990991	0.00025564255376309456
4.360780780780781	0.0002507840902241626
4.361651651651652	0.0002460179386221683
4.362522522522522	0.00024134234586430656
4.363393393393394	0.00023675559211847633
4.364264264264264	0.00023225599018347854
4.3651351351351355	0.00022784188487103756
4.366006006006006	0.00022351165239955042
4.366876876876876	0.00021926369979919483
4.367747747747748	0.00021509646432832786
4.368618618618618	0.00021100841290088362
4.36948948948949	0.00020699804152455223
4.37036036036036	0.0002030638747496114
4.371231231231231	0.00019920446512811484
4.372102102102102	0.00019541839268335398
4.372972972972973	0.00019170426438926626
4.373843843843844	0.00018806071365975001
4.374714714714715	0.00018448639984756612
4.375585585585585	0.0001809800077527664
4.376456456456457	0.00017754024714034222
4.377327327327327	0.0001741658522670564
4.3781981981981986	0.00017085558141716417
4.379069069069069	0.0001676082164469527
4.3799399399399395	0.00016442256233785402
4.380810810810811	0.00016129744675802917
4.381681681681681	0.00015823171963225276
4.382552552552553	0.00015522425271988566
4.383423423423423	0.0001522739392008858
4.384294294294294	0.0001493796932696024
4.385165165165165	0.0001465404497362908
4.386036036036036	0.00014375516363612981
4.386906906906907	0.0001410228098456797
4.387777777777778	0.00013834238270654388
4.3886486486486485	0.00013571289565620495
4.38951951951952	0.00013313338086580297
4.39039039039039	0.00013060288888481174
4.391261261261262	0.00012812048829239142
4.392132132132132	0.0001256852653553891
4.3930030030030025	0.00012329632369277723
4.393873873873874	0.00012095278394646471
4.394744744744745	0.00011865378345833724
4.395615615615616	0.00011639847595341422
4.396486486486486	0.00011418603122898932
4.397357357357357	0.00011201563484968144
4.398228228228228	0.0001098864878482541
4.399099099099099	0.0001077978064320874
4.39996996996997	0.00010574882169523374
4.400840840840841	0.00010373877933590168
4.4017117117117115	0.0001017669393793239
4.402582582582583	9.983257590583673e-05
4.403453453453453	9.793497678415034e-05
4.404324324324325	9.607344340964085e-05
4.405195195195195	9.424729044763274e-05
4.4060660660660655	9.245584558151179e-05
4.406936936936937	9.069844926563894e-05
4.407807807807808	8.897445448293889e-05
4.408678678678679	8.72832265070793e-05
4.409549549549549	8.562414266915827e-05
4.4104204204204205	8.399659212881813e-05
4.411291291291291	8.239997564970534e-05
4.412162162162162	8.083370537916319e-05
4.413033033033033	7.929720463213121e-05
4.413903903903904	7.778990767911596e-05
4.4147747747747745	7.631125953820722e-05
4.415645645645646	7.486071577100876e-05
4.416516516516516	7.34377422824677e-05
4.417387387387388	7.204181512447685e-05
4.418258258258258	7.067242030321976e-05
4.4191291291291295	6.932905359015194e-05
4.42	6.801122033658825e-05
