3.55	0.9999999415933144
3.5507207207207205	0.9999999397569815
3.5514414414414412	0.9999999378629133
3.552162162162162	0.9999999359092947
3.5528828828828827	0.9999999338942535
3.5536036036036034	0.9999999318158583
3.554324324324324	0.9999999296721177
3.555045045045045	0.9999999274609767
3.5557657657657655	0.9999999251803164
3.5564864864864862	0.9999999228279515
3.557207207207207	0.9999999204016267
3.5579279279279277	0.9999999178990174
3.5586486486486484	0.9999999153177247
3.559369369369369	0.9999999126552751
3.56009009009009	0.9999999099091169
3.5608108108108105	0.9999999070766183
3.5615315315315312	0.9999999041550646
3.562252252252252	0.9999999011416558
3.5629729729729727	0.9999998980335041
3.5636936936936934	0.9999998948276307
3.564414414414414	0.9999998915209634
3.565135135135135	0.9999998881103328
3.5658558558558555	0.9999998845924705
3.5665765765765762	0.9999998809640047
3.567297297297297	0.9999998772214587
3.5680180180180177	0.999999873361245
3.5687387387387384	0.9999998693796648
3.569459459459459	0.9999998652729015
3.5701801801801802	0.99999986103702
3.570900900900901	0.9999998566679605
3.5716216216216217	0.9999998521615358
3.5723423423423424	0.9999998475134267
3.573063063063063	0.9999998427191793
3.573783783783784	0.9999998377741984
3.5745045045045045	0.9999998326737454
3.5752252252252252	0.9999998274129316
3.575945945945946	0.9999998219867153
3.5766666666666667	0.9999998163898967
3.5773873873873874	0.9999998106171112
3.578108108108108	0.9999998046628271
3.578828828828829	0.9999997985213374
3.5795495495495495	0.9999997921867566
3.5802702702702702	0.9999997856530136
3.580990990990991	0.9999997789138468
3.5817117117117117	0.9999997719627978
3.5824324324324324	0.9999997647932046
3.583153153153153	0.9999997573981962
3.583873873873874	0.9999997497706854
3.5845945945945945	0.9999997419033624
3.585315315315315	0.999999733788687
3.586036036036036	0.9999997254188829
3.5867567567567566	0.9999997167859282
3.5874774774774774	0.9999997078815498
3.588198198198198	0.9999996986972135
3.588918918918919	0.9999996892241179
3.5896396396396395	0.9999996794531837
3.59036036036036	0.9999996693750474
3.591081081081081	0.9999996589800496
3.5918018018018016	0.9999996482582287
3.5925225225225224	0.9999996371993092
3.593243243243243	0.9999996257926923
3.593963963963964	0.9999996140274463
3.5946846846846845	0.9999996018922961
3.595405405405405	0.9999995893756112
3.596126126126126	0.9999995764653964
3.5968468468468466	0.9999995631492787
3.5975675675675673	0.9999995494144965
3.598288288288288	0.999999535247887
3.5990090090090088	0.9999995206358732
3.5997297297297295	0.999999505564451
3.60045045045045	0.9999994900191772
3.601171171171171	0.999999473985153
3.6018918918918916	0.9999994574470125
3.6026126126126123	0.9999994403889058
3.603333333333333	0.9999994227944847
3.6040540540540538	0.9999994046468877
3.6047747747747745	0.9999993859287226
3.605495495495495	0.9999993666220505
3.606216216216216	0.9999993467083683
3.6069369369369366	0.9999993261685918
3.6076576576576573	0.9999993049830361
3.608378378378378	0.9999992831313976
3.6090990990990988	0.9999992605927344
3.60981981981982	0.9999992373454466
3.6105405405405406	0.9999992133672542
3.6112612612612613	0.9999991886351778
3.611981981981982	0.9999991631255145
3.6127027027027028	0.9999991368138171
3.6134234234234235	0.9999991096748693
3.614144144144144	0.999999081682662
3.614864864864865	0.9999990528103683
3.6155855855855856	0.9999990230303183
3.6163063063063063	0.9999989923139714
3.617027027027027	0.9999989606318906
3.6177477477477478	0.9999989279537125
3.6184684684684685	0.9999988942481198
3.619189189189189	0.9999988594828098
3.61990990990991	0.9999988236244651
3.6206306306306306	0.9999987866387202
3.6213513513513513	0.9999987484901294
3.622072072072072	0.9999987091421322
3.6227927927927928	0.9999986685570189
3.6235135135135135	0.9999986266958946
3.624234234234234	0.9999985835186409
3.624954954954955	0.9999985389838782
3.6256756756756756	0.9999984930489263
3.6263963963963963	0.9999984456697627
3.627117117117117	0.999998396800981
3.6278378378378378	0.999998346395747
3.6285585585585585	0.9999982944057548
3.629279279279279	0.9999982407811789
3.63	0.9999981854706275
3.6307207207207206	0.9999981284210934
3.6314414414414413	0.9999980695779023
3.632162162162162	0.9999980088846613
3.6328828828828827	0.9999979462832047
3.6336036036036035	0.9999978817135377
3.634324324324324	0.9999978151137789
3.635045045045045	0.9999977464201024
3.6357657657657656	0.9999976755666751
3.6364864864864863	0.9999976024855937
3.637207207207207	0.9999975271068205
3.6379279279279277	0.999997449358116
3.6386486486486485	0.9999973691649688
3.639369369369369	0.9999972864505257
3.64009009009009	0.9999972011355164
3.6408108108108106	0.9999971131381793
3.6415315315315313	0.9999970223741814
3.642252252252252	0.999996928756539
3.6429729729729727	0.9999968321955327
3.6436936936936934	0.9999967325986236
3.644414414414414	0.9999966298703626
3.645135135135135	0.9999965239122997
3.6458558558558556	0.9999964146228896
3.6465765765765763	0.9999963018973953
3.647297297297297	0.9999961856277861
3.6480180180180177	0.999996065702635
3.6487387387387384	0.9999959420070118
3.649459459459459	0.9999958144223733
3.65018018018018	0.999995682826449
3.650900900900901	0.9999955470931244
3.6516216216216217	0.9999954070923198
3.6523423423423425	0.9999952626898666
3.653063063063063	0.9999951137473773
3.653783783783784	0.9999949601221138
3.6545045045045046	0.9999948016668507
3.6552252252252253	0.9999946382297333
3.655945945945946	0.9999944696541336
3.6566666666666667	0.999994295778499
3.6573873873873874	0.9999941164361974
3.658108108108108	0.9999939314553583
3.658828828828829	0.999993740658708
3.6595495495495496	0.9999935438633993
3.6602702702702703	0.9999933408808365
3.660990990990991	0.9999931315164944
3.6617117117117117	0.9999929155697328
3.6624324324324324	0.9999926928336029
3.663153153153153	0.9999924630946501
3.663873873873874	0.9999922261327094
3.6645945945945946	0.9999919817206936
3.6653153153153153	0.9999917296243761
3.666036036036036	0.9999914696021673
3.6667567567567567	0.9999912014048821
3.6674774774774774	0.9999909247755009
3.668198198198198	0.9999906394489247
3.668918918918919	0.99999034515172
3.6696396396396396	0.9999900416018568
3.6703603603603603	0.9999897285084388
3.671081081081081	0.9999894055714245
3.6718018018018017	0.9999890724813402
3.6725225225225224	0.999988728918982
3.673243243243243	0.9999883745551124
3.673963963963964	0.9999880090501422
3.6746846846846846	0.9999876320538069
3.6754054054054053	0.9999872432048306
3.676126126126126	0.9999868421305799
3.6768468468468467	0.9999864284467066
3.6775675675675674	0.99998600175678
3.678288288288288	0.9999855616519066
3.679009009009009	0.9999851077103387
3.6797297297297296	0.9999846394970703
3.6804504504504503	0.9999841565634199
3.681171171171171	0.9999836584466012
3.6818918918918917	0.99998314466928
3.6826126126126124	0.9999826147391154
3.683333333333333	0.9999820681482906
3.684054054054054	0.9999815043730238
3.6847747747747746	0.9999809228730685
3.6854954954954953	0.9999803230911947
3.686216216216216	0.9999797044526557
3.6869369369369367	0.9999790663646374
3.6876576576576574	0.9999784082156905
3.6883783783783786	0.9999777293751445
3.6890990990990993	0.9999770291925041
3.68981981981982	0.9999763069968256
3.6905405405405407	0.9999755620960743
3.6912612612612614	0.9999747937764623
3.691981981981982	0.9999740013017641
3.692702702702703	0.9999731839126114
3.6934234234234236	0.9999723408257666
3.6941441441441443	0.9999714712333715
3.694864864864865	0.9999705743021745
3.6955855855855857	0.9999696491727326
3.6963063063063064	0.9999686949585873
3.697027027027027	0.9999677107454169
3.697747747747748	0.9999666955901597
3.6984684684684686	0.9999656485201123
3.6991891891891893	0.9999645685319963
3.69990990990991	0.9999634545909996
3.7006306306306307	0.9999623056297839
3.7013513513513514	0.9999611205474632
3.702072072072072	0.9999598982085505
3.702792792792793	0.9999586374418686
3.7035135135135135	0.9999573370394313
3.7042342342342343	0.9999559957552844
3.704954954954955	0.9999546123043145
3.7056756756756757	0.9999531853610182
3.7063963963963964	0.9999517135582325
3.707117117117117	0.9999501954858271
3.707837837837838	0.9999486296893535
3.7085585585585585	0.9999470146686534
3.7092792792792793	0.9999453488764225
3.71	0.9999436307167298
3.7107207207207207	0.9999418585434887
3.7114414414414414	0.9999400306588841
3.712162162162162	0.9999381453117449
3.712882882882883	0.9999362006958699
3.7136036036036035	0.9999341949482979
3.7143243243243242	0.9999321261475268
3.715045045045045	0.9999299923116728
3.7157657657657657	0.9999277913965757
3.7164864864864864	0.9999255212938426
3.717207207207207	0.9999231798288305
3.717927927927928	0.9999207647585661
3.7186486486486485	0.9999182737695996
3.7193693693693692	0.9999157044757927
3.72009009009009	0.9999130544160356
3.7208108108108107	0.9999103210518926
3.7215315315315314	0.9999075017651753
3.722252252252252	0.9999045938554384
3.722972972972973	0.9999015945373962
3.7236936936936935	0.9998985009382615
3.7244144144144142	0.9998953100949971
3.725135135135135	0.999892018951483
3.7258558558558557	0.9998886243555956
3.7265765765765764	0.9998851230561944
3.727297297297297	0.999881511700013
3.728018018018018	0.9998777868284565
3.7287387387387385	0.9998739448742939
3.7294594594594592	0.999869982158251
3.73018018018018	0.9998658948854934
3.730900900900901	0.9998616791420022
3.731621621621622	0.9998573308908336
3.7323423423423425	0.999852845968263
3.7330630630630632	0.999848220079809
3.733783783783784	0.9998434487961303
3.7345045045045047	0.9998385275487977
3.7352252252252254	0.9998334516259306
3.735945945945946	0.9998282161677
3.736666666666667	0.9998228161616881
3.7373873873873875	0.9998172464381041
3.7381081081081082	0.9998115016648513
3.738828828828829	0.9998055763424386
3.7395495495495497	0.9997994647987327
3.7402702702702704	0.9997931611835487
3.740990990990991	0.9997866594630681
3.741711711711712	0.9997799534140863
3.7424324324324325	0.999773036618077
3.7431531531531532	0.9997659024550742
3.743873873873874	0.9997585440973606
3.7445945945945946	0.9997509545029611
3.7453153153153154	0.999743126408933
3.746036036036036	0.9997350523244452
3.746756756756757	0.9997267245236432
3.7474774774774775	0.9997181350382921
3.748198198198198	0.9997092756501883
3.748918918918919	0.9997001378833364
3.7496396396396396	0.9996907129958823
3.7503603603603604	0.9996809919717939
3.751081081081081	0.9996709655122836
3.751801801801802	0.999660624026965
3.7525225225225225	0.999649957624732
3.753243243243243	0.9996389561043556
3.753963963963964	0.9996276089447892
3.7546846846846846	0.9996159052951711
3.7554054054054054	0.9996038339645165
3.756126126126126	0.9995913834110903
3.7568468468468468	0.9995785417314494
3.7575675675675675	0.999565296649145
3.758288288288288	0.9995516355030746
3.759009009009009	0.9995375452354719
3.7597297297297296	0.9995230123795266
3.7604504504504503	0.9995080230466183
3.761171171171171	0.9994925629131568
3.7618918918918918	0.9994766172070143
3.7626126126126125	0.9994601706935374
3.763333333333333	0.9994432076611288
3.764054054054054	0.9994257119063809
3.7647747747747746	0.9994076667187514
3.7654954954954953	0.9993890548647667
3.766216216216216	0.999369858571736
3.7669369369369368	0.999350059510966
3.7676576576576575	0.9993296387804553
3.7683783783783786	0.9993085768870591
3.7690990990990993	0.999286853728103
3.76981981981982	0.9992644485724327
3.7705405405405408	0.9992413400408796
3.7712612612612615	0.9992175060861299
3.771981981981982	0.9991929239719728
3.772702702702703	0.9991675702519146
3.7734234234234236	0.9991414207471369
3.7741441441441443	0.9991144505237798
3.774864864864865	0.9990866338695332
3.7755855855855858	0.9990579442695088
3.7763063063063065	0.9990283543813782
3.777027027027027	0.998997836009754
3.777747747747748	0.9989663600797873
3.7784684684684686	0.9989338966099647
3.7791891891891893	0.9989004146840762
3.77990990990991	0.9988658824223346
3.7806306306306308	0.9988302669516156
3.7813513513513515	0.9987935343747989
3.782072072072072	0.9987556497391809
3.782792792792793	0.9987165770039323
3.7835135135135136	0.9986762790065742
3.7842342342342343	0.9986347174284438
3.784954954954955	0.9985918527591203
3.7856756756756758	0.9985476442597818
3.7863963963963965	0.9985020499254623
3.787117117117117	0.9984550264461785
3.787837837837838	0.9984065291668923
3.7885585585585586	0.9983565120462792
3.7892792792792793	0.9983049276142658
3.79	0.998251726928304
3.7907207207207207	0.9981968595283462
3.7914414414414415	0.9981402733904853
3.792162162162162	0.9980819148792223
3.792882882882883	0.9980217286983238
3.7936036036036036	0.9979596578402333
3.7943243243243243	0.99789564353399
3.795045045045045	0.9978296251916242
3.7957657657657657	0.9977615403529805
3.7964864864864865	0.9976913246289304
3.797207207207207	0.9976189116429292
3.797927927927928	0.9975442329708771
3.7986486486486486	0.9974672180792357
3.7993693693693693	0.9973877942613554
3.80009009009009	0.9973058865719703
3.8008108108108107	0.9972214177598093
3.8015315315315314	0.997134308198278
3.802252252252252	0.9970444758141603
3.802972972972973	0.9969518360142944
3.8036936936936936	0.9968563016101654
3.8044144144144143	0.9967577827403713
3.805135135135135	0.9966561867909046
3.8058558558558557	0.9965514183131995
3.8065765765765764	0.9964433789398899
3.807297297297297	0.9963319672982265
3.808018018018018	0.9962170789210949
3.8087387387387386	0.9960986061555824
3.8094594594594593	0.9959764380690384
3.81018018018018	0.995850460352566
3.8109009009009007	0.9957205552218987
3.8116216216216214	0.9955866013155963
3.8123423423423426	0.995448473590507
3.8130630630630633	0.9953060432144382
3.813783783783784	0.9951591774559782
3.8145045045045047	0.9950077395714122
3.8152252252252254	0.994851588688675
3.815945945945946	0.9946905796882838
3.816666666666667	0.9945245630811947
3.8173873873873876	0.9943533848835275
3.8181081081081083	0.9941768864881025
3.818828828828829	0.9939949045327376
3.8195495495495497	0.9938072707652483
3.8202702702702704	0.993613811905104
3.820990990990991	0.9934143495016827
3.821711711711712	0.9932086997890851
3.8224324324324326	0.9929966735374501
3.8231531531531533	0.9927780759007354
3.823873873873874	0.9925527062609153
3.8245945945945947	0.9923203580685593
3.8253153153153154	0.9920808186797521
3.826036036036036	0.9918338691893221
3.826756756756757	0.9915792842603505
3.8274774774774776	0.991316831949931
3.8281981981981983	0.9910462735311625
3.828918918918919	0.990767363311358
3.8296396396396397	0.990479848446454
3.8303603603603604	0.990183468751621
3.831081081081081	0.9898779565080712
3.831801801801802	0.9895630362660742
3.8325225225225226	0.989238424644192
3.8332432432432433	0.9889038301247619
3.833963963963964	0.9885589528456512
3.8346846846846847	0.988203484388333
3.8354054054054054	0.9878371075623258
3.836126126126126	0.9874594961860661
3.836846846846847	0.987070314864281
3.8375675675675676	0.986669218761949
3.8382882882882883	0.9862558533749481
3.839009009009009	0.985829854297503
3.8397297297297297	0.9853908469865583
3.8404504504504504	0.9849384465232249
3.841171171171171	0.9844722573714567
3.841891891891892	0.983991873134141
3.8426126126126126	0.983496876306795
3.8433333333333333	0.9829868380290984
3.844054054054054	0.9824613178344904
3.8447747747747747	0.9819198633981057
3.8454954954954954	0.9813620102833318
3.846216216216216	0.9807872816873071
3.8469369369369373	0.9801951881856961
3.847657657657658	0.9795852274771193
3.8483783783783787	0.9789568841276333
3.8490990990990994	0.9783096293156965
3.84981981981982	0.9776429205780894
3.850540540540541	0.9769562015572875
3.8512612612612616	0.9762489017508289
3.8519819819819823	0.9755204362632568
3.852702702702703	0.9747702055612496
3.8534234234234237	0.9739975952326072
3.8541441441441444	0.9732019757497955
3.854864864864865	0.9723827022387989
3.855585585585586	0.9715391142540909
3.8563063063063066	0.9706705355605614
3.8570270270270273	0.9697762739233117
3.857747747747748	0.9688556209062696
3.8584684684684687	0.9679078516806406
3.8591891891891894	0.9669322248442628
3.85990990990991	0.9659279822529957
3.860630630630631	0.964894348865335
3.8613513513513515	0.9638305326015084
3.8620720720720723	0.9627357242183627
3.862792792792793	0.9616090972014453
3.8635135135135137	0.9604498076757093
3.8642342342342344	0.9592569943363777
3.864954954954955	0.9580297784015523
3.865675675675676	0.9567672635882272
3.8663963963963965	0.9554685361134374
3.8671171171171173	0.9541326647223466
3.867837837837838	0.9527587007451451
3.8685585585585587	0.9513456781847057
3.8692792792792794	0.949892613837003
3.87	0.9483985074463978
3.870720720720721	0.9468623418979157
3.8714414414414415	0.9452830834487509
3.8721621621621622	0.943659682001271
3.872882882882883	0.9419910714198605
3.8736036036036037	0.9402761698940031
3.8743243243243244	0.9385138803500449
3.875045045045045	0.9367030909141374
3.875765765765766	0.9348426754288927
3.8764864864864865	0.9329314940263244
3.8772072072072072	0.9309683937596578
3.877927927927928	0.9289522092966507
3.8786486486486487	0.9268817636770147
3.8793693693693694	0.9247558691365821
3.88009009009009	0.9225733280008195
3.880810810810811	0.9203329336502717
3.8815315315315315	0.9180334715604798
3.8822522522522522	0.9156737204188656
3.882972972972973	0.9132524533209994
3.8836936936936937	0.9107684390485875
3.8844144144144144	0.9082204434313969
3.885135135135135	0.9056072307952427
3.885855855855856	0.9029275654979603
3.8865765765765765	0.9001802135551732
3.8872972972972972	0.8973639443574428
3.888018018018018	0.8944775324801781
3.8887387387387387	0.8915197595874449
3.8894594594594594	0.8884894164305361
3.89018018018018	0.8853853049418817
3.890900900900901	0.8822062404245443
3.891621621621622	0.8789510538371728
3.8923423423423427	0.875618594173989
3.8930630630630634	0.8722077309387998
3.893783783783784	0.8687173567117915
3.894504504504505	0.8651463898072278
3.8952252252252255	0.8614937770197477
3.8959459459459462	0.8577584964564102
3.896666666666667	0.8539395604510498
3.8973873873873877	0.8500360185569938
3.8981081081081084	0.8460469606134542
3.898828828828829	0.841971519880392
3.89954954954955	0.8378088762359259
3.9002702702702705	0.8335582594296937
3.9009909909909912	0.8292189523848886
3.901711711711712	0.8247902945409801
3.9024324324324327	0.8202716852284182
3.9031531531531534	0.8156625870659086
3.903873873873874	0.8109625293700939
3.904594594594595	0.8061711115668628
3.9053153153153155	0.8012880065926568
3.906036036036036	0.7963129642736132
3.906756756756757	0.7912458146696427
3.9074774774774776	0.7860864713699367
3.9081981981981984	0.7808349347258206
3.908918918918919	0.7754912950063173
3.90963963963964	0.7700557354613095
3.9103603603603605	0.7645285352767581
3.911081081081081	0.7589100724060521
3.911801801801802	0.753200826261379
3.9125225225225226	0.7474013802486413
3.9132432432432434	0.7415124241295071
3.913963963963964	0.7355347561940728
3.914684684684685	0.729469285227745
3.9154054054054055	0.7233170322561512
3.916126126126126	0.7170791320522092
3.916846846846847	0.7107568343899278
3.9175675675675676	0.7043515050300829
3.9182882882882883	0.6978646264235617
3.919009009009009	0.6912977981191111
3.9197297297297298	0.6846527368629672
3.9204504504504505	0.6779312763791251
3.921171171171171	0.6711353668200744
3.921891891891892	0.6642670738791977
3.9226126126126126	0.657328577557449
3.9233333333333333	0.6503221705784739
3.924054054054054	0.6432502564479821
3.9247747747747748	0.6361153471549185
3.9254954954954955	0.6289200605137534
3.926216216216216	0.6216671171492315
3.9269369369369374	0.6143593371266213
3.927657657657658	0.6069996362327619
3.9283783783783788	0.5995910219149275
3.9290990990990995	0.59213658888682
3.92981981981982	0.5846395144127641
3.930540540540541	0.5771030532832534
3.9312612612612616	0.5695305324970092
3.9319819819819823	0.5619253456663608
3.932702702702703	0.5542909471647683
3.9334234234234238	0.546630846036865
3.9341441441441445	0.5389485996930076
3.934864864864865	0.5312478074117698
3.935585585585586	0.5235321036751044
3.9363063063063066	0.515805151362048
3.9370270270270273	0.508070634827816
3.937747747747748	0.500332252895883
3.9384684684684688	0.49259371179138745
3.9391891891891895	0.48485871804437075
3.93990990990991	0.47713097139181027
3.940630630630631	0.46941415770727063
3.9413513513513516	0.46171194198685106
3.9420720720720723	0.4540279614197113
3.942792792792793	0.44636581857086877
3.9435135135135138	0.43872907470318534
3.9442342342342345	0.43112124326451035
3.944954954954955	0.4235457835647751
3.945675675675676	0.4160060946666886
3.9463963963963966	0.40850550951201187
3.9471171171171173	0.4010472893040689
3.947837837837838	0.3936346181653233
3.9485585585585588	0.3862705980871268
3.9492792792792795	0.37895824418687246
3.95	0.3717004802858644
3.950720720720721	0.3645001348192471
3.9514414414414416	0.35735993708733416
3.9521621621621623	0.35028251385567777
3.952882882882883	0.34327038630916656
3.9536036036036037	0.33632596736359976
3.9543243243243245	0.32945155933601317
3.955045045045045	0.32264935197337097
3.955765765765766	0.31592142083728225
3.9564864864864866	0.30926972604069886
3.9572072072072073	0.3026961113308969
3.957927927927928	0.2962023035114894
3.9586486486486487	0.289789912194774
3.9593693693693695	0.2834604298743967
3.96009009009009	0.2772152323070637
3.960810810810811	0.2710555791910689
3.9615315315315316	0.2649826151282468
3.9622522522522523	0.25899737085533064
3.962972972972973	0.25310076472987364
3.9636936936936937	0.247293604455355
3.9644144144144144	0.24157658902963453
3.965135135135135	0.23595031090058696
3.965855855855856	0.23041525831253407
3.9665765765765766	0.22497181782698755
3.9672972972972973	0.21962027700118647
3.968018018018018	0.21436082720811075
3.9687387387387387	0.2091935665816705
3.9694594594594594	0.20411850307121907
3.97018018018018	0.1991355575897835
3.970900900900901	0.19424456724086148
3.971621621621622	0.18944528860911147
3.9723423423423427	0.18473740110079706
3.9730630630630634	0.18012051032043078
3.973783783783784	0.17559415147068166
3.974504504504505	0.17115779276326645
3.9752252252252256	0.16681083882922043
3.9759459459459463	0.1625526341176423
3.976666666666667	0.15838246627271643
3.9773873873873877	0.15429956947953183
3.9781081081081084	0.15030312776993457
3.978828828828829	0.14639227828036913
3.97954954954955	0.14256611445434403
3.9802702702702706	0.1388236891829273
3.9809909909909913	0.13516401787723104
3.981711711711712	0.13158608146762976
3.9824324324324327	0.1280888293250213
3.9831531531531534	0.12467118210007935
3.983873873873874	0.12133203447703361
3.984594594594595	0.11807025783907557
3.9853153153153156	0.11488470284302416
3.9860360360360363	0.11177420190139209
3.986756756756757	0.10873757157045116
3.9874774774774777	0.10577361484339966
3.9881981981981984	0.10288112334805033
3.988918918918919	0.10005887944894457
3.98963963963964	0.09730565825409264
3.9903603603603606	0.09462022952688812
3.9910810810810813	0.09200135950403954
3.991801801801802	0.0894478126206339
3.9925225225225227	0.08695835314369008
3.9932432432432434	0.08453174671578169
3.993963963963964	0.08216676181048718
3.994684684684685	0.07986217110164183
3.9954054054054056	0.07761675274843693
3.9961261261261263	0.07542929159861701
3.996846846846847	0.07329858031208561
3.9975675675675677	0.0712234204073356
3.9982882882882884	0.06920262323318849
3.999009009009009	0.06723501086838295
3.99972972972973	0.06531941695159306
4.000450450450451	0.06345468744448333
4.001171171171172	0.06163968133042181
4.001891891891892	0.059873271251474666
4.002612612612613	0.05815434408629813
4.003333333333334	0.05648180147152558
4.004054054054055	0.054854560269221884
4.004774774774775	0.05327155298294377
4.005495495495496	0.05173172812490518
4.006216216216217	0.05023405053669156
4.006936936936937	0.04877750166594414
4.007657657657658	0.04736107980133081
4.008378378378379	0.04598380026810963
4.0090990990991	0.04464469558649853
4.00981981981982	0.04334281559500946
4.010540540540541	0.04207722754083633
4.011261261261262	0.040847016139317016
4.011981981981982	0.0396512836044199
4.012702702702703	0.03848914965213524
4.013423423423424	0.0373597514785736
4.0141441441441446	0.03626224371452411
4.014864864864865	0.03519579835811779
4.015585585585586	0.0341596046872076
4.016306306306307	0.03315286915298517
4.017027027027027	0.03217481525629308
4.017747747747748	0.031224683408022817
4.018468468468469	0.030301730774922576
4.0191891891891895	0.029405231112074506
4.01990990990991	0.02853447458323853
4.020630630630631	0.027688767570192955
4.021351351351352	0.026867432472159208
4.022072072072072	0.02606980749631206
4.022792792792793	0.025295246440348872
4.023513513513514	0.024543118468020222
4.0242342342342345	0.02381280787847786
4.024954954954955	0.02310371387024458
4.025675675675676	0.022415250300562472
4.026396396396397	0.021746845440829284
4.027117117117117	0.021097941728788205
4.027837837837838	0.020467995518094174
4.028558558558559	0.01985647682583494
4.0292792792792795	0.019262869078558207
4.03	0.018686668857298604
4.030720720720721	0.018127385642083226
4.031441441441442	0.017584541556348168
4.032162162162162	0.017057671111670652
4.032882882882883	0.016546320953190148
4.033603603603604	0.016050049606062808
4.0343243243243245	0.015568427223266255
4.035045045045045	0.015101035335045938
4.035765765765766	0.014647466600266966
4.036486486486487	0.014207324559920754
4.037207207207207	0.013780223392999117
4.037927927927928	0.013365787674942668
4.038648648648649	0.012963652138841904
4.0393693693693695	0.012573461439553983
4.04009009009009	0.012194869920880624
4.040810810810811	0.011827541385936323
4.041531531531532	0.011471148870820928
4.042252252252252	0.01112537442169671
4.042972972972973	0.010789908875354616
4.043693693693694	0.010464451643348562
4.0444144144144145	0.010148710499753924
4.045135135135135	0.009842401372606805
4.045855855855856	0.009545248139063786
4.046576576576577	0.00925698242431484
4.047297297297297	0.008977343404273105
4.048018018018018	0.00870607761205709
4.048738738738739	0.00844293874827357
4.0494594594594595	0.00818768749510271
4.05018018018018	0.007940091334179028
4.050900900900901	0.007699924368260918
4.051621621621622	0.00746696714666784
4.052342342342342	0.007241006494467737
4.053063063063063	0.0070218353453876834
4.053783783783784	0.0068092525784184555
4.0545045045045045	0.006603062858079745
4.055225225225225	0.00640307647830939
4.055945945945946	0.006209109209936981
4.056666666666667	0.006020982151699693
4.057387387387387	0.0058385215847545175
4.058108108108108	0.005661558830642612
4.058828828828829	0.00548993011265346
4.0595495495495495	0.005323476420541023
4.06027027027027	0.005162043378538898
4.060990990990991	0.005005481116621531
4.061711711711712	0.00485364414495729
4.062432432432432	0.004706391231498343
4.063153153153153	0.004563585282651565
4.063873873873874	0.0044250932269742785
4.064594594594595	0.004290785901837105
4.065315315315315	0.0041605379430004865
4.066036036036037	0.004034227677039831
4.066756756756757	0.0039117370165740505
4.067477477477478	0.0037929513582261286
4.068198198198198	0.00367775948327263
4.06891891891892	0.003566053460913271
4.0696396396396395	0.003457728554113542
4.070360360360361	0.0033526831279566236
4.071081081081081	0.0032508185604556883
4.0718018018018025	0.003152039155764325
4.072522522522522	0.0030562520597386244
4.073243243243244	0.002963367177787019
4.073963963963965	0.0028732970949652955
4.074684684684685	0.002785956998253501
4.075405405405406	0.002701264600971258
4.076126126126127	0.00261914006927472
4.0768468468468475	0.0025395059506870595
4.077567567567568	0.002462287104612068
4.078288288288289	0.0023874106347819796
4.07900900900901	0.002314805823591395
4.07972972972973	0.00224440406827001
4.080450450450451	0.0021761388188476917
4.081171171171172	0.002109945517866366
4.0818918918918925	0.0020457615417936287
4.082612612612613	0.001983526144095112
4.083333333333334	0.001923180399921389
4.084054054054055	0.0018646671523682098
4.084774774774775	0.0018079309602684196
4.085495495495496	0.0017529180474752414
4.086216216216217	0.00169957625359737
4.0869369369369375	0.0016478549861472058
4.087657657657658	0.0015977051740643947
4.088378378378379	0.0015490792225777415
4.0890990990991	0.0015019309693690699
4.08981981981982	0.0014562156420043913
4.090540540540541	0.0014118898165969747
4.091261261261262	0.0013689113776693075
4.0919819819819825	0.0013272394791807784
4.092702702702703	0.0012868345066890225
4.093423423423424	0.0012476580406135976
4.094144144144145	0.0012096728205714274
4.094864864864865	0.0011728427107541958
4.095585585585586	0.0011371326663186514
4.096306306306307	0.0011025087007612805
4.0970270270270275	0.0010689378542502056
4.097747747747748	0.0010363881628867237
4.098468468468469	0.0010048286288707312
4.09918918918919	0.0009742291915442767
4.09990990990991	0.0009445606992883626
4.100630630630631	0.00091579488224874
4.101351351351352	0.0008879043258670799
4.1020720720720725	0.0008608624451945124
4.102792792792793	0.0008346434599651537
4.103513513513514	0.0008092223704078389
4.104234234234235	0.00078457493377472
4.104954954954955	0.0007606776415664282
4.105675675675676	0.0007375076974332518
4.106396396396397	0.0007150429957331419
4.1071171171171175	0.0006932621007273948
4.107837837837838	0.0006721442263955442
4.108558558558559	0.0006516692168514837
4.10927927927928	0.0006318175273433297
4.11	0.0006125702058200218
4.110720720720721	0.0005939088750481451
4.111441441441442	0.000575815715262798
4.1121621621621625	0.0005582734473371368
4.112882882882883	0.0005412653164550676
4.113603603603604	0.0005247750762725808
4.114324324324325	0.0005087869735532788
4.115045045045045	0.0004932857332641727
4.115765765765766	0.00047825654411820013
4.116486486486487	0.0004636850445503028
4.1172072072072075	0.0004495573091142718
4.117927927927928	0.000435859835287952
4.118648648648649	0.00042257953067465805
4.11936936936937	0.000409703700589267
4.12009009009009	0.0003972200360173468
4.120810810810811	0.0003851166019364499
4.121531531531532	0.0003733818259887524
4.1222522522522524	0.0003620044874946189
4.122972972972973	0.0003509737067969626
4.123693693693694	0.00034027893492656017
4.124414414414415	0.00032990994357877146
4.125135135135135	0.0003198568153923955
4.125855855855856	0.00031010993452160277
4.126576576576577	0.0003006599774923386
4.127297297297297	0.0002914979043345238
4.128018018018018	0.00028261494998195285
4.128738738738739	0.0002740026159318322
4.12945945945946	0.00026565266215620515
4.13018018018018	0.0002575570992577247
4.130900900900901	0.00024970818086245914
4.131621621621622	0.00024209839624262858
4.132342342342342	0.00023472046316238884
4.133063063063063	0.00022756732093993196
4.133783783783784	0.0002206321237195141
4.134504504504505	0.00021390823394697482
4.135225225225225	0.00020738921604273726
4.135945945945946	0.00020106883026631427
4.136666666666667	0.00019494102676657126
4.137387387387387	0.00018899993981215914
4.138108108108108	0.00018323988219669663
4.138828828828829	0.0001776553398134425
4.13954954954955	0.00017224096639435909
4.14027027027027	0.00016699157840858626
4.140990990990991	0.0001619021501155956
4.141711711711712	0.00015696780876826437
4.142432432432432	0.00015218382996142214
4.143153153153153	0.00014754563312145274
4.143873873873874	0.00014304877713270005
4.1445945945945954	0.00013868895609654483
4.145315315315315	0.00013446199521917443
4.146036036036037	0.0001303638468240724
4.146756756756757	0.00012639058648562692
4.147477477477478	0.0001225384092799556
4.148198198198198	0.000118803626149716
4.14891891891892	0.00011518266037907768
4.1496396396396396	0.00011167204417594397
4.150360360360361	0.00010826841535775421
4.151081081081081	0.00010496851413812987
4.151801801801803	0.00010176918001097339
4.152522522522522	9.866734872933753e-05
4.153243243243244	9.566004937598244e-05
4.153963963963965	9.27444015230299e-05
4.154684684684685	8.991761247785455e-05
4.155405405405406	8.717697461271686e-05
4.156126126126127	8.451986277553939e-05
4.156846846846848	8.194373177938917e-05
4.157567567567568	7.944611396826335e-05
4.158288288288289	7.70246168569003e-05
4.15900900900901	7.467692084232463e-05
4.15972972972973	7.240077698498575e-05
4.160450450450451	7.019400485736526e-05
4.161171171171172	6.805449045800861e-05
4.161891891891893	6.598018418899612e-05
4.162612612612613	6.396909889492825e-05
4.163333333333334	6.201930796155841e-05
4.164054054054055	6.0128943472264294e-05
4.164774774774775	5.829619442059184e-05
4.165495495495496	5.651930497719508e-05
4.166216216216217	5.479657280948589e-05
4.166936936936938	5.3126347452418575e-05
4.167657657657658	5.150702872884623e-05
4.168378378378379	4.9937065217944475e-05
4.1690990990991	4.841495277024268e-05
4.16981981981982	4.6939233067846536e-05
4.170540540540541	4.550849222847891e-05
4.171261261261262	4.412135945200865e-05
4.171981981981983	4.2776505708168726e-05
4.172702702702703	4.1472642464230476e-05
4.173423423423424	4.020852045139454e-05
4.174144144144145	3.8982928468740226e-05
4.174864864864865	3.7794692223584156e-05
4.175585585585586	3.6642673207142206e-05
4.176306306306307	3.552576760442158e-05
4.1770270270270276	3.4442905237302015e-05
4.177747747747748	3.33930485397968e-05
4.178468468468469	3.237519156451499e-05
4.17918918918919	3.1388359019376746e-05
4.17990990990991	3.0431605333656153e-05
4.180630630630631	2.9504013752472892e-05
4.181351351351352	2.860469545884945e-05
4.1820720720720725	2.7732788722508594e-05
4.182792792792793	2.6887458074592308e-05
4.183513513513514	2.606789350751422e-05
4.184234234234235	2.5273309699180956e-05
4.184954954954955	2.4502945260840772e-05
4.185675675675676	2.3756062007840432e-05
4.186396396396397	2.3031944252593942e-05
4.1871171171171175	2.2329898119083094e-05
4.187837837837838	2.164925087824439e-05
4.188558558558559	2.0989350303593477e-05
4.18927927927928	2.0349564046480947e-05
4.19	1.972927903037799e-05
4.190720720720721	1.912790086361325e-05
4.191441441441442	1.8544853269999223e-05
4.1921621621621625	1.7979577536803526e-05
4.192882882882883	1.7431531979537024e-05
4.193603603603604	1.690019142304727e-05
4.194324324324325	1.6385046698417936e-05
4.195045045045045	1.5885604155200143e-05
4.195765765765766	1.5401385188499315e-05
4.196486486486487	1.4931925780472343e-05
4.1972072072072075	1.4476776055793394e-05
4.197927927927928	1.4035499850663461e-05
4.198648648648649	1.3607674294951252e-05
4.19936936936937	1.3192889407065437e-05
4.20009009009009	1.2790747701170609e-05
4.200810810810811	1.2400863806371297e-05
4.201531531531532	1.2022864097497512e-05
4.2022522522522525	1.1656386337143637e-05
4.202972972972973	1.1301079328610996e-05
4.203693693693694	1.0956602579427163e-05
4.204414414414415	1.0622625975117796e-05
4.205135135135135	1.0298829462919062e-05
4.205855855855856	9.98490274512781e-06
4.206576576576577	9.680544981795959e-06
4.2072972972972975	9.385464502484432e-06
4.208018018018018	9.09937852680093e-06
4.208738738738739	8.822012893452397e-06
4.20945945945946	8.553101797556686e-06
4.21018018018018	8.292387535956616e-06
4.210900900900901	8.03962026029654e-06
4.211621621621622	7.794557737623352e-06
4.2123423423423425	7.556965118282976e-06
4.213063063063063	7.326614710890053e-06
4.213783783783784	7.103285764155355e-06
4.214504504504505	6.886764255361943e-06
4.215225225225225	6.676842685287744e-06
4.215945945945946	6.473319879376942e-06
4.216666666666667	6.276000794972679e-06
4.2173873873873875	6.084696334422565e-06
4.218108108108108	5.89922316388091e-06
4.218828828828829	5.719403537632959e-06
4.21954954954955	5.545065127773066e-06
4.22027027027027	5.376040859073664e-06
4.220990990990991	5.212168748886871e-06
4.221711711711712	5.053291751925377e-06
4.2224324324324325	4.899257609774062e-06
4.223153153153153	4.749918704987375e-06
4.223873873873874	4.6051319196348135e-06
4.2245945945945955	4.4647584981559074e-06
4.225315315315315	4.328663914397272e-06
4.226036036036037	4.196717742698022e-06
4.226756756756757	4.068793532909936e-06
4.227477477477478	3.944768689221128e-06
4.228198198198198	3.824524352677451e-06
4.22891891891892	3.7079452872806527e-06
4.22963963963964	3.5949197695616135e-06
4.230360360360361	3.4853394815157773e-06
4.231081081081081	3.379099406805183e-06
4.231801801801803	3.276097730120315e-06
4.2325225225225225	3.1762357396139146e-06
4.233243243243244	3.079417732303137e-06
4.233963963963965	2.9855509223600994e-06
4.2346846846846855	2.8945453521938555e-06
4.235405405405406	2.8063138062444677e-06
4.236126126126127	2.720771727403957e-06
4.236846846846848	2.6378371359847695e-06
4.237567567567568	2.5574305511580354e-06
4.238288288288289	2.479474914786348e-06
4.23900900900901	2.4038955175780895e-06
4.2397297297297305	2.330619927492604e-06
4.240450450450451	2.259577920327237e-06
4.241171171171172	2.1907014124207273e-06
4.241891891891893	2.12392439540712e-06
4.242612612612613	2.059182872958718e-06
4.243333333333334	1.99641479945703e-06
4.244054054054055	1.9355600205330386e-06
4.2447747747747755	1.8765602154198051e-06
4.245495495495496	1.8193588410621735e-06
4.246216216216217	1.7639010779300307e-06
4.246936936936938	1.7101337774832367e-06
4.247657657657658	1.6580054112376007e-06
4.248378378378379	1.6074660213838325e-06
4.2490990990991	1.5584671729111657e-06
4.2498198198198205	1.510961907190516e-06
4.250540540540541	1.4649046969724053e-06
4.251261261261262	1.4202514027565735e-06
4.251981981981983	1.3769592304914737e-06
4.252702702702703	1.3349866905631153e-06
4.253423423423424	1.2942935580339546e-06
4.254144144144145	1.2548408340937402e-06
4.2548648648648655	1.2165907086853959e-06
4.255585585585586	1.1795065242699291e-06
4.256306306306307	1.1435527406961626e-06
4.257027027027028	1.1086949011409222e-06
4.257747747747748	1.0748995990875728e-06
4.258468468468469	1.0421344463110493e-06
4.25918918918919	1.010368041838733e-06
4.2599099099099105	9.795699418574367e-07
4.260630630630631	9.497106305376544e-07
4.261351351351352	9.207614917471245e-07
4.262072072072073	8.926947816266169e-07
4.262792792792793	8.654836020015197e-07
4.263513513513514	8.391018746041233e-07
4.264234234234235	8.135243160813898e-07
4.2649549549549555	7.887264137646424e-07
4.265675675675676	7.646844021778003e-07
4.266396396396397	7.41375240261675e-07
4.267117117117118	7.187765892924986e-07
4.267837837837838	6.968667914735257e-07
4.268558558558559	6.756248491791937e-07
4.26927927927928	6.55030404831968e-07
4.2700000000000005	6.350637213924762e-07
