3.55	0.9999999999978535
3.5507207207207205	0.999999999997754
3.5514414414414412	0.9999999999976501
3.552162162162162	0.9999999999975413
3.5528828828828827	0.9999999999974276
3.5536036036036034	0.9999999999973086
3.554324324324324	0.999999999997184
3.555045045045045	0.9999999999970537
3.5557657657657655	0.9999999999969174
3.5564864864864862	0.9999999999967746
3.557207207207207	0.9999999999966254
3.5579279279279277	0.999999999996469
3.5586486486486484	0.9999999999963056
3.559369369369369	0.9999999999961346
3.56009009009009	0.9999999999959557
3.5608108108108105	0.9999999999957685
3.5615315315315312	0.9999999999955727
3.562252252252252	0.9999999999953679
3.5629729729729727	0.9999999999951534
3.5636936936936934	0.9999999999949292
3.564414414414414	0.9999999999946945
3.565135135135135	0.9999999999944489
3.5658558558558555	0.999999999994192
3.5665765765765762	0.9999999999939231
3.567297297297297	0.9999999999936418
3.5680180180180177	0.9999999999933475
3.5687387387387384	0.9999999999930396
3.569459459459459	0.9999999999927174
3.5701801801801802	0.9999999999923803
3.570900900900901	0.9999999999920277
3.5716216216216217	0.9999999999916587
3.5723423423423424	0.9999999999912728
3.573063063063063	0.9999999999908686
3.573783783783784	0.9999999999904461
3.5745045045045045	0.999999999990004
3.5752252252252252	0.9999999999895413
3.575945945945946	0.9999999999890572
3.5766666666666667	0.9999999999885507
3.5773873873873874	0.9999999999880207
3.578108108108108	0.9999999999874662
3.578828828828829	0.9999999999868863
3.5795495495495495	0.9999999999862792
3.5802702702702702	0.9999999999856442
3.580990990990991	0.9999999999849798
3.5817117117117117	0.9999999999842846
3.5824324324324324	0.9999999999835572
3.583153153153153	0.999999999982796
3.583873873873874	0.9999999999819997
3.5845945945945945	0.9999999999811666
3.585315315315315	0.9999999999802951
3.586036036036036	0.9999999999793829
3.5867567567567566	0.9999999999784288
3.5874774774774774	0.9999999999774303
3.588198198198198	0.9999999999763858
3.588918918918919	0.9999999999752927
3.5896396396396395	0.9999999999741491
3.59036036036036	0.9999999999729527
3.591081081081081	0.9999999999717009
3.5918018018018016	0.999999999970391
3.5925225225225224	0.9999999999690206
3.593243243243243	0.9999999999675866
3.593963963963964	0.9999999999660865
3.5946846846846845	0.9999999999645168
3.595405405405405	0.9999999999628744
3.596126126126126	0.9999999999611562
3.5968468468468466	0.9999999999593583
3.5975675675675673	0.9999999999574771
3.598288288288288	0.9999999999555089
3.5990090090090088	0.9999999999534497
3.5997297297297295	0.9999999999512952
3.60045045045045	0.999999999949041
3.601171171171171	0.9999999999466824
3.6018918918918916	0.9999999999442146
3.6026126126126123	0.9999999999416327
3.603333333333333	0.9999999999389311
3.6040540540540538	0.9999999999361047
3.6047747747747745	0.9999999999331473
3.605495495495495	0.9999999999300531
3.606216216216216	0.9999999999268154
3.6069369369369366	0.9999999999234281
3.6076576576576573	0.9999999999198841
3.608378378378378	0.9999999999161759
3.6090990990990988	0.9999999999122964
3.60981981981982	0.999999999908237
3.6105405405405406	0.9999999999039897
3.6112612612612613	0.9999999998995461
3.611981981981982	0.9999999998948965
3.6127027027027028	0.999999999890032
3.6134234234234235	0.999999999884942
3.614144144144144	0.9999999998796167
3.614864864864865	0.999999999874045
3.6155855855855856	0.9999999998682152
3.6163063063063063	0.9999999998621156
3.617027027027027	0.9999999998557336
3.6177477477477478	0.9999999998490563
3.6184684684684685	0.9999999998420701
3.619189189189189	0.9999999998347604
3.61990990990991	0.9999999998271123
3.6206306306306306	0.9999999998191105
3.6213513513513513	0.9999999998107381
3.622072072072072	0.9999999998019782
3.6227927927927928	0.9999999997928128
3.6235135135135135	0.9999999997832234
3.624234234234234	0.9999999997731899
3.624954954954955	0.9999999997626923
3.6256756756756756	0.9999999997517086
3.6263963963963963	0.9999999997402165
3.627117117117117	0.9999999997281925
3.6278378378378378	0.9999999997156122
3.6285585585585585	0.9999999997024496
3.629279279279279	0.9999999996886775
3.63	0.9999999996742681
3.6307207207207206	0.999999999659192
3.6314414414414413	0.9999999996434179
3.632162162162162	0.9999999996269135
3.6328828828828827	0.9999999996096456
3.6336036036036035	0.9999999995915783
3.634324324324324	0.9999999995726747
3.635045045045045	0.9999999995528963
3.6357657657657656	0.9999999995322024
3.6364864864864863	0.9999999995105506
3.637207207207207	0.9999999994878968
3.6379279279279277	0.9999999994641944
3.6386486486486485	0.9999999994393951
3.639369369369369	0.9999999994134479
3.64009009009009	0.9999999993862996
3.6408108108108106	0.9999999993578947
3.6415315315315313	0.9999999993281754
3.642252252252252	0.9999999992970805
3.6429729729729727	0.9999999992645463
3.6436936936936934	0.9999999992305062
3.644414414414414	0.9999999991948907
3.645135135135135	0.9999999991576267
3.6458558558558556	0.9999999991186381
3.6465765765765763	0.9999999990778448
3.647297297297297	0.9999999990351633
3.6480180180180177	0.9999999989905066
3.6487387387387384	0.9999999989437829
3.649459459459459	0.9999999988948964
3.65018018018018	0.9999999988437474
3.650900900900901	0.999999998790231
3.6516216216216217	0.9999999987342376
3.6523423423423425	0.9999999986756527
3.653063063063063	0.9999999986143562
3.653783783783784	0.9999999985502224
3.6545045045045046	0.9999999984831205
3.6552252252252253	0.9999999984129126
3.655945945945946	0.9999999983394554
3.6566666666666667	0.999999998262598
3.6573873873873874	0.9999999981821834
3.658108108108108	0.9999999980980472
3.658828828828829	0.9999999980100165
3.6595495495495496	0.9999999979179113
3.6602702702702703	0.9999999978215433
3.660990990990991	0.9999999977207146
3.6617117117117117	0.9999999976152194
3.6624324324324324	0.9999999975048413
3.663153153153153	0.9999999973893545
3.663873873873874	0.9999999972685225
3.6645945945945946	0.9999999971420979
3.6653153153153153	0.9999999970098217
3.666036036036036	0.999999996871423
3.6667567567567567	0.9999999967266189
3.6674774774774774	0.9999999965751127
3.668198198198198	0.999999996416594
3.668918918918919	0.9999999962507382
3.6696396396396396	0.9999999960772061
3.6703603603603603	0.999999995895642
3.671081081081081	0.9999999957056744
3.6718018018018017	0.9999999955069143
3.6725225225225224	0.9999999952989549
3.673243243243243	0.99999999508137
3.673963963963964	0.9999999948537144
3.6746846846846846	0.9999999946155218
3.6754054054054053	0.9999999943663047
3.676126126126126	0.9999999941055526
3.6768468468468467	0.999999993832732
3.6775675675675674	0.9999999935472839
3.678288288288288	0.9999999932486241
3.679009009009009	0.999999992936141
3.6797297297297296	0.9999999926091947
3.6804504504504503	0.9999999922671162
3.681171171171171	0.9999999919092047
3.6818918918918917	0.9999999915347274
3.6826126126126124	0.9999999911429177
3.683333333333333	0.9999999907329732
3.684054054054054	0.9999999903040547
3.6847747747747746	0.9999999898552842
3.6854954954954953	0.9999999893857426
3.686216216216216	0.9999999888944685
3.6869369369369367	0.9999999883804561
3.6876576576576574	0.999999987842653
3.6883783783783786	0.9999999872799578
3.6890990990990993	0.999999986691219
3.68981981981982	0.9999999860752307
3.6905405405405407	0.9999999854307315
3.6912612612612614	0.9999999847564023
3.691981981981982	0.999999984050862
3.692702702702703	0.9999999833126666
3.6934234234234236	0.999999982540304
3.6941441441441443	0.9999999817321931
3.694864864864865	0.9999999808866794
3.6955855855855857	0.9999999800020316
3.6963063063063064	0.9999999790764384
3.697027027027027	0.9999999781080049
3.697747747747748	0.999999977094748
3.6984684684684686	0.9999999760345931
3.6991891891891893	0.9999999749253696
3.69990990990991	0.9999999737648064
3.7006306306306307	0.9999999725505274
3.7013513513513514	0.9999999712800461
3.702072072072072	0.9999999699507616
3.702792792792793	0.999999968559952
3.7035135135135135	0.9999999671047695
3.7042342342342343	0.9999999655822348
3.704954954954955	0.9999999639892307
3.7056756756756757	0.9999999623224954
3.7063963963963964	0.9999999605786163
3.707117117117117	0.9999999587540228
3.707837837837838	0.9999999568449794
3.7085585585585585	0.9999999548475769
3.7092792792792793	0.9999999527577261
3.71	0.9999999505711479
3.7107207207207207	0.9999999482833652
3.7114414414414414	0.999999945889694
3.712162162162162	0.9999999433852335
3.712882882882883	0.9999999407648554
3.7136036036036035	0.9999999380231949
3.7143243243243242	0.9999999351546383
3.715045045045045	0.9999999321533125
3.7157657657657657	0.9999999290130722
3.7164864864864864	0.9999999257274881
3.717207207207207	0.9999999222898326
3.717927927927928	0.9999999186930677
3.7186486486486485	0.9999999149298288
3.7193693693693692	0.9999999109924108
3.72009009009009	0.9999999068727519
3.7208108108108107	0.9999999025624173
3.7215315315315314	0.9999998980525817
3.722252252252252	0.9999998933340113
3.722972972972973	0.9999998883970449
3.7236936936936935	0.9999998832315743
3.7244144144144142	0.9999998778270232
3.725135135135135	0.9999998721723261
3.7258558558558557	0.999999866255905
3.7265765765765764	0.9999998600656461
3.727297297297297	0.9999998535888751
3.728018018018018	0.9999998468123311
3.7287387387387385	0.9999998397221391
3.7294594594594592	0.9999998323037823
3.73018018018018	0.9999998245420717
3.730900900900901	0.9999998164211155
3.731621621621622	0.999999807924286
3.7323423423423425	0.9999997990341867
3.7330630630630632	0.9999997897326147
3.733783783783784	0.9999997800005256
3.7345045045045047	0.9999997698179933
3.7352252252252254	0.9999997591641692
3.735945945945946	0.99999974801724
3.736666666666667	0.9999997363543824
3.7373873873873875	0.9999997241517175
3.7381081081081082	0.99999971138426
3.738828828828829	0.9999996980258695
3.7395495495495497	0.999999684049195
3.7402702702702704	0.9999996694256192
3.740990990990991	0.9999996541252012
3.741711711711712	0.9999996381166136
3.7424324324324325	0.9999996213670793
3.7431531531531532	0.9999996038423042
3.743873873873874	0.9999995855064069
3.7445945945945946	0.9999995663218448
3.7453153153153154	0.9999995462493385
3.746036036036036	0.99999952524779
3.746756756756757	0.9999995032741991
3.7474774774774775	0.9999994802835758
3.748198198198198	0.9999994562288471
3.748918918918919	0.9999994310607623
3.7496396396396396	0.99999940472779
3.7503603603603604	0.9999993771760143
3.751081081081081	0.9999993483490243
3.751801801801802	0.999999318187797
3.7525225225225225	0.9999992866305787
3.753243243243243	0.9999992536127569
3.753963963963964	0.9999992190667287
3.7546846846846846	0.9999991829217622
3.7554054054054054	0.999999145103852
3.756126126126126	0.999999105535567
3.7568468468468468	0.999999064135893
3.7575675675675675	0.9999990208200649
3.758288288288288	0.9999989754993956
3.759009009009009	0.9999989280810927
3.7597297297297296	0.9999988784680687
3.7604504504504503	0.9999988265587431
3.761171171171171	0.9999987722468332
3.7618918918918918	0.9999987154211377
3.7626126126126125	0.9999986559653083
3.763333333333333	0.9999985937576115
3.764054054054054	0.9999985286706795
3.7647747747747746	0.99999846057125
3.7654954954954953	0.9999983893198915
3.766216216216216	0.9999983147707208
3.7669369369369368	0.9999982367711012
3.7676576576576575	0.9999981551613323
3.7683783783783786	0.9999980697743217
3.7690990990990993	0.9999979804352438
3.76981981981982	0.9999978869611809
3.7705405405405408	0.9999977891607497
3.7712612612612615	0.9999976868337087
3.771981981981982	0.9999975797705485
3.772702702702703	0.9999974677520632
3.7734234234234236	0.9999973505489009
3.7741441441441443	0.9999972279210948
3.774864864864865	0.9999970996175717
3.7755855855855858	0.9999969653756372
3.7763063063063065	0.9999968249204395
3.777027027027027	0.9999966779644053
3.777747747747748	0.9999965242066513
3.7784684684684686	0.999996363332369
3.7791891891891893	0.999996195012179
3.77990990990991	0.9999960189014575
3.7806306306306308	0.9999958346396305
3.7813513513513515	0.9999956418494357
3.782072072072072	0.9999954401361499
3.782792792792793	0.999995229086781
3.7835135135135136	0.9999950082692227
3.7842342342342343	0.9999947772313696
3.784954954954955	0.9999945355001919
3.7856756756756758	0.9999942825807667
3.7863963963963965	0.999994017955265
3.787117117117117	0.9999937410818914
3.787837837837838	0.9999934513937753
3.7885585585585586	0.99999314829781
3.7892792792792793	0.999992831173439
3.79	0.9999924993713851
3.7907207207207207	0.9999921522123214
3.7914414414414415	0.9999917889854809
3.792162162162162	0.9999914089472016
3.792882882882883	0.9999910113194033
3.7936036036036036	0.9999905952879955
3.7943243243243243	0.9999901600012113
3.795045045045045	0.999989704567863
3.7957657657657657	0.9999892280555183
3.7964864864864865	0.9999887294885911
3.797207207207207	0.9999882078463453
3.797927927927928	0.9999876620608055
3.7986486486486486	0.9999870910145692
3.7993693693693693	0.9999864935385221
3.80009009009009	0.9999858684094434
3.8008108108108107	0.9999852143475026
3.8015315315315314	0.99998453001364
3.802252252252252	0.999983814006826
3.802972972972973	0.9999830648611928
3.8036936936936936	0.999982281043036
3.8044144144144143	0.9999814609476736
3.805135135135135	0.9999806028961628
3.8058558558558557	0.9999797051318642
3.8065765765765764	0.9999787658168459
3.807297297297297	0.9999777830281232
3.808018018018018	0.9999767547537224
3.8087387387387386	0.9999756788885636
3.8094594594594593	0.9999745532301539
3.81018018018018	0.9999733754740792
3.8109009009009007	0.999972143209289
3.8116216216216214	0.9999708539131642
3.8123423423423426	0.9999695049463534
3.8130630630630633	0.9999680935473746
3.813783783783784	0.9999666168269636
3.8145045045045047	0.9999650717621641
3.8152252252252254	0.9999634551901416
3.815945945945946	0.9999617638017145
3.816666666666667	0.9999599941345834
3.8173873873873876	0.9999581425662484
3.8181081081081083	0.9999562053066001
3.818828828828829	0.999954178390166
3.8195495495495497	0.9999520576680002
3.8202702702702704	0.9999498387991976
3.820990990990991	0.9999475172420161
3.821711711711712	0.9999450882445883
3.8224324324324326	0.9999425468352036
3.8231531531531533	0.9999398878121434
3.823873873873874	0.9999371057330437
3.8245945945945947	0.9999341949037681
3.8253153153153154	0.9999311493667667
3.826036036036036	0.9999279628888967
3.826756756756757	0.9999246289486813
3.8274774774774776	0.9999211407229787
3.8281981981981983	0.9999174910730382
3.828918918918919	0.9999136725299091
3.8296396396396397	0.99990967727918
3.8303603603603604	0.9999054971450088
3.831081081081081	0.9999011235734204
3.831801801801802	0.9998965476148315
3.8325225225225226	0.9998917599057672
3.8332432432432433	0.9998867506497386
3.833963963963964	0.9998815095972339
3.8346846846846847	0.99987602602479
3.8354054054054054	0.9998702887130958
3.836126126126126	0.9998642859240902
3.836846846846847	0.9998580053769996
3.8375675675675676	0.9998514342232755
3.8382882882882883	0.9998445590203736
3.839009009009009	0.9998373657043277
3.8397297297297297	0.9998298395610585
3.8404504504504504	0.9998219651963626
3.841171171171171	0.9998137265045189
3.841891891891892	0.9998051066354504
3.8426126126126126	0.9997960879603758
3.8433333333333333	0.9997866520358788
3.844054054054054	0.9997767795663283
3.8447747747747747	0.9997664503645678
3.8454954954954954	0.9997556433108009
3.846216216216216	0.9997443363095844
3.8469369369369373	0.9997325062448496
3.847657657657658	0.999720128932857
3.8483783783783787	0.9997071790729909
3.8490990990990994	0.9996936301962992
3.84981981981982	0.99967945461167
3.850540540540541	0.9996646233495443
3.8512612612612616	0.9996491061030472
3.8519819819819823	0.9996328711664255
3.852702702702703	0.9996158853706649
3.8534234234234237	0.9995981140161644
3.8541441441441444	0.9995795208023294
3.854864864864865	0.9995600677539501
3.855585585585586	0.999539715144217
3.8563063063063066	0.9995184214142199
3.8570270270270273	0.9994961430887794
3.857747747747748	0.9994728346884386
3.8584684684684687	0.9994484486374483
3.8591891891891894	0.9994229351675622
3.85990990990991	0.99939624221746
3.860630630630631	0.9993683153275971
3.8613513513513515	0.9993390975302818
3.8620720720720723	0.9993085292347679
3.862792792792793	0.9992765481071372
3.8635135135135137	0.9992430889447474
3.8642342342342344	0.9992080835450001
3.864954954954955	0.999171460568181
3.865675675675676	0.9991331453941117
3.8663963963963965	0.9990930599723415
3.8671171171171173	0.999051122665596
3.867837837837838	0.9990072480861879
3.8685585585585587	0.9989613469250875
3.8692792792792794	0.9989133257733291
3.87	0.9988630869354258
3.870720720720721	0.9988105282344488
3.8714414414414415	0.9987555428084108
3.8721621621621622	0.9986980188975847
3.872882882882883	0.9986378396223685
3.8736036036036037	0.9985748827512996
3.8743243243243244	0.9985090204587981
3.875045045045045	0.998440119072212
3.875765765765766	0.9983680388077141
3.8764864864864865	0.9982926334945884
3.8772072072072072	0.9982137502874262
3.877927927927928	0.9981312293657332
3.8786486486486487	0.9980449036204364
3.8793693693693694	0.9979545983267576
3.88009009009009	0.9978601308029015
3.880810810810811	0.997761310053999
3.8815315315315315	0.997657936400712
3.8822522522522522	0.9975498010919019
3.882972972972973	0.9974366859007389
3.8836936936936937	0.9973183627036143
3.8844144144144144	0.9971945930411952
3.885135135135135	0.9970651276609527
3.885855855855856	0.9969297060404653
3.8865765765765765	0.9967880558907921
3.8872972972972972	0.996639892639193
3.888018018018018	0.9964849188904471
3.8887387387387387	0.9963228238660246
3.8894594594594594	0.9961532828203336
3.89018018018018	0.9959759564332683
3.890900900900901	0.9957904901782609
3.891621621621622	0.9955965136650384
3.8923423423423427	0.9953936399562787
3.8930630630630634	0.995181464857347
3.893783783783784	0.9949595661783033
3.894504504504505	0.9947275029673645
3.8952252252252255	0.9944848147150102
3.8959459459459462	0.9942310205279318
3.896666666666667	0.9939656182720361
3.8973873873873877	0.993688083683727
3.8981081081081084	0.9933978694487217
3.898828828828829	0.9930944042476746
3.89954954954955	0.9927770917679238
3.9002702702702705	0.9924453096807188
3.9009909909909912	0.9920984085833311
3.901711711711712	0.9917357109055193
3.9024324324324327	0.9913565097798777
3.9031531531531534	0.990960067875688
3.903873873873874	0.9905456161959806
3.904594594594595	0.9901123528376139
3.9053153153153155	0.9896594417143076
3.906036036036036	0.9891860112426903
3.906756756756757	0.9886911529915837
3.9074774774774776	0.9881739202949041
3.9081981981981984	0.9876333268287595
3.908918918918919	0.9870683451535284
3.90963963963964	0.9864779052219419
3.9103603603603605	0.9858608928544449
3.911081081081081	0.9852161481834014
3.911801801801802	0.9845424640680309
3.9125225225225226	0.983838584482288
3.9132432432432434	0.9831032028783003
3.913963963963964	0.9823349605283733
3.914684684684685	0.9815324448490383
3.9154054054054055	0.980694187711094
3.916126126126126	0.9798186637401397
3.916846846846847	0.978904288612667
3.9175675675675676	0.9779494173534041
3.9182882882882883	0.9769523426402761
3.919009009009009	0.97591129312407
3.9197297297297298	0.9748244317706688
3.9204504504504505	0.9736898542345539
3.921171171171171	0.9725055872731497
3.921891891891892	0.9712695872125413
3.9226126126126126	0.9699797384760862
3.9233333333333333	0.9686338521885182
3.924054054054054	0.967229664869233
3.9247747747747748	0.9657648372296485
3.9254954954954955	0.964236953090738
3.926216216216216	0.9626435184381507
3.9269369369369374	0.9609819606336221
3.927657657657658	0.9592496278028005
3.9283783783783788	0.9574437884210015
3.9290990990990995	0.9555616311198621
3.92981981981982	0.9536002647393347
3.930540540540541	0.9515567186509314
3.9312612612612616	0.9494279433796329
3.9319819819819823	0.9472108115532899
3.932702702702703	0.9449021192098187
3.9334234234234238	0.9424985874938209
3.9341441441441445	0.9399968647755814
3.934864864864865	0.9373935292265442
3.935585585585586	0.9346850918864482
3.9363063063063066	0.9318680002581667
3.9370270270270273	0.928938642467007
3.937747747747748	0.9258933520216154
3.9384684684684688	0.9227284132138522
3.9391891891891895	0.9194400671947824
3.93990990990991	0.9160245187634435
3.940630630630631	0.9124779439040075
3.9413513513513516	0.908796498105591
3.9420720720720723	0.9049763254969244
3.942792792792793	0.9010135688256017
3.9435135135135138	0.8969043803083401
3.9442342342342345	0.8926449333748776
3.944954954954955	0.8882314353234201
3.945675675675676	0.8836601409001936
3.9463963963963966	0.8789273668093014
3.9471171171171173	0.8740295071520109
3.947837837837838	0.8689630497865812
3.9485585585585588	0.863724593590702
3.9492792792792795	0.8583108665988675
3.95	0.8527187449761631
3.950720720720721	0.8469452727784128
3.9514414414414416	0.8409876824360726
3.9521621621621623	0.8348434158861925
3.952882882882883	0.8285101462628565
3.9536036036036037	0.8219858000422643
3.9543243243243245	0.8152685795237794
3.955045045045045	0.8083569855135162
3.955765765765766	0.8012498400620612
3.9564864864864866	0.7939463090934418
3.9572072072072073	0.7864459247482225
3.957927927927928	0.7787486072505083
3.9586486486486487	0.770854686096369
3.9593693693693695	0.7627649203506481
3.96009009009009	0.754480517830044
3.960810810810811	0.746003152943745
3.9615315315315316	0.7373349829584506
3.9622522522522523	0.7284786624532198
3.962972972972973	0.7194373557309539
3.9636936936936937	0.7102147469583631
3.9644144144144144	0.7008150478147468
3.965135135135135	0.6912430024419702
3.965855855855856	0.6815038895042717
3.9665765765765766	0.671603521186312
3.9672972972972973	0.6615482389818039
3.968018018018018	0.651344906152284
3.9687387387387387	0.6410008967667081
3.9694594594594594	0.6305240812664078
3.97018018018018	0.6199228085368537
3.970900900900901	0.6092058845063719
3.971621621621622	0.5983825473327256
3.9723423423423427	0.5874624392798222
3.9730630630630634	0.5764555754285554
3.973783783783784	0.5653723094069507
3.974504504504505	0.5542232963646314
3.9752252252252256	0.5430194534542929
3.9759459459459463	0.531771918117854
3.976666666666667	0.5204920045059235
3.9773873873873877	0.5091911583863998
3.9781081081081084	0.4978809109198648
3.978828828828829	0.48657283169632104
3.97954954954955	0.475278481438508
3.9802702702702706	0.46400936478218624
3.9809909909909913	0.45277688354263795
3.981711711711712	0.44159229086920915
3.9824324324324327	0.4304666466768464
3.9831531531531534	0.41941077472463634
3.983873873873874	0.4084352216876153
3.984594594594595	0.39755021853926414
3.9853153153153156	0.3867656445296937
3.9860360360360363	0.376090994008335
3.986756756756757	0.3655353463015295
3.9874774774774777	0.355107338814741
3.9881981981981984	0.34481514348789655
3.988918918918919	0.3346664466904669
3.98963963963964	0.3246684326018657
3.9903603603603606	0.3148277700825076
3.9910810810810813	0.30515060300292035
3.991801801801802	0.295642543962356
3.9925225225225227	0.28630867129561943
3.9932432432432434	0.277153529236975
3.993963963963964	0.2681811310841251
3.994684684684685	0.2593949651827495
3.9954054054054056	0.25079800353376985
3.9961261261261263	0.24239271281069502
3.996846846846847	0.23418106756380738
3.9975675675675677	0.22616456538068852
3.9982882882882884	0.21834424376911432
3.999009009009009	0.2107206985278068
3.99972972972973	0.20329410337329185
4.000450450450451	0.196064230596373
4.001171171171172	0.18903047252924637
4.001891891891892	0.18219186361396328
4.002612612612613	0.17554710287424388
4.003333333333334	0.1690945766052034
4.004054054054055	0.1628323811090957
4.004774774774775	0.1567583453196046
4.005495495495496	0.15087005317183272
4.006216216216217	0.14516486559014677
4.006936936936937	0.13963994198074567
4.007657657657658	0.13429226113054357
4.008378378378379	0.12911864142802024
4.0090990990991	0.12411576033538395
4.00981981981982	0.11928017305418467
4.010540540540541	0.11460833033877905
4.011261261261262	0.11009659542325959
4.011981981981982	0.1057412600379701
4.012702702702703	0.1015385595011385
4.013423423423424	0.09748468687986553
4.0141441441441446	0.09357580622232399
4.014864864864865	0.08980806486990373
4.015585585585586	0.086177604863898
4.016306306306307	0.08268057346653063
4.017027027027027	0.07931313282047134
4.017747747747748	0.07607146877455437
4.018468468468469	0.07295179890644886
4.0191891891891895	0.06995037977530315
4.01990990990991	0.0670635134392113
4.020630630630631	0.06428755327353865
4.021351351351352	0.06161890912701532
4.022072072072072	0.05905405185284915
4.022792792792793	0.05658951725219768
4.023513513513514	0.05422190946700829
4.0242342342342345	0.051947903858758596
4.024954954954955	0.04976424940882242
4.025675675675676	0.047667770675278144
4.026396396396397	0.04565536933982083
4.027117117117117	0.043724025377264365
4.027837837837838	0.04187079787875973
4.028558558558559	0.04009282555849946
4.0292792792792795	0.0383873269721952
4.03	0.036751600474190675
4.030720720720721	0.03518302393856004
4.031441441441442	0.03367905426809407
4.032162162162162	0.03223722671357777
4.032882882882883	0.03085515402436302
4.033603603603604	0.029530525449809303
4.0343243243243245	0.028261105609829418
4.035045045045045	0.027044733251431096
4.035765765765766	0.025879319906906516
4.036486486486487	0.024762848468108847
4.037207207207207	0.023693371690080556
4.037927927927928	0.022669010636228355
4.038648648648649	0.021687953076180953
4.0393693693693695	0.020748451846504715
4.04009009009009	0.019848823183506926
4.040810810810811	0.018987445036514214
4.041531531531532	0.018162755369186316
4.042252252252252	0.017373250455685395
4.042972972972973	0.016617483177797345
4.043693693693694	0.01589406132846734
4.0444144144144145	0.015201645926591083
4.045135135135135	0.014538949547356256
4.045855855855856	0.01390473467189553
4.046576576576577	0.013297812059552926
4.047297297297297	0.012717039145616352
4.048018018018018	0.012161318466980018
4.048738738738739	0.011629596117820815
4.0494594594594595	0.011120860237052752
4.05018018018018	0.01063413952900981
4.050900900900901	0.010168501818541417
4.051621621621622	0.009723052641444152
4.052342342342342	0.009296933870937656
4.053063063063063	0.008889322380689029
4.053783783783784	0.008499428744701002
4.0545045045045045	0.008126495974226164
4.055225225225225	0.007769798291717319
4.055945945945946	0.007428639941702305
4.056666666666667	0.007102354038349604
4.057387387387387	0.006790301449399615
4.058108108108108	0.006491869716042805
4.058828828828829	0.006206472008255854
4.0595495495495495	0.0059335461150343055
4.06027027027027	0.0056725534689114265
4.060990990990991	0.005422978204100217
4.061711711711712	0.005184326247560893
4.062432432432432	0.0049561244422576724
4.063153153153153	0.0047379197018484805
4.063873873873874	0.004529278196026376
4.064594594594595	0.004329784565719973
4.065315315315315	0.004139041167346491
4.066036036036037	0.003956667345302301
4.066756756756757	0.003782298731884749
4.067477477477478	0.00361558657381905
4.068198198198198	0.003456197084590977
4.06891891891892	0.003303810821767348
4.0696396396396395	0.003158122088518602
4.070360360360361	0.0030188383585439795
4.071081081081081	0.0028856797236330146
4.0718018018018025	0.0027583783630885815
4.072522522522522	0.0026366780342734347
4.073243243243244	0.002520333583532983
4.073963963963965	0.0024091104767866235
4.074684684684685	0.0023027843490752604
4.075405405405406	0.002201140572386922
4.076126126126127	0.002103973841087659
4.0768468468468475	0.0020110877743094832
4.077567567567568	0.00192229453466199
4.078288288288289	0.001837414462654247
4.07900900900901	0.0017562757262290965
4.07972972972973	0.0016787139848336123
4.080450450450451	0.0016045720674628407
4.081171171171172	0.0015336996641371942
4.0818918918918925	0.001465953030285529
4.082612612612613	0.0014011947035286842
4.083333333333334	0.0013392932323718798
4.084054054054055	0.0012801229163315528
4.084774774774775	0.0012235635570407425
4.085495495495496	0.0011695002198909739
4.086216216216217	0.0011178230057845716
4.0869369369369375	0.001068426832588531
4.087657657657658	0.0010212112258940675
4.088378378378379	0.0009760801187007059
4.0890990990991	0.000932941659660003
4.08981981981982	0.0008917080295244859
4.090540540540541	0.0008522952654640242
4.091261261261262	0.000814623092922719
4.0919819819819825	0.0007786147647022156
4.092702702702703	0.0007441969069707993
4.093423423423424	0.0007112993719080288
4.094144144144145	0.0006798550967061747
4.094864864864865	0.0006497999686621664
4.095585585585586	0.0006210726961020944
4.096306306306307	0.0005936146848928513
4.0970270270270275	0.0005673699203039321
4.097747747747748	0.0005422848539921431
4.098468468468469	0.0005183082958920614
4.09918918918919	0.0004953913108029984
4.09990990990991	0.000473487119471847
4.100630630630631	0.00045255100398040795
4.101351351351352	0.0004325402172521185
4.1020720720720725	0.00041341389650229537
4.102792792792793	0.0003951329804623163
4.103513513513514	0.0003776601302153235
4.104234234234235	0.0003609596534884205
4.104954954954955	0.0003449974322521729
4.105675675675676	0.0003297408534845434
4.106396396396397	0.0003151587429629374
4.1071171171171175	0.00030122130195321336
4.107837837837838	0.00028790004667009336
4.108558558558559	0.00027516775038932266
4.10927927927928	0.0002629983880960558
4.11	0.00025136708355979185
4.110720720720721	0.00024025005873025553
4.111441441441442	0.00022962458535318782
4.1121621621621625	0.00021946893870970145
4.112882882882883	0.00020976235338658486
4.113603603603604	0.00020048498098893352
4.114324324324325	0.0001916178497107127
4.115045045045045	0.0001831428256818178
4.115765765765766	0.0001750425760143592
4.116486486486487	0.00016730053347380943
4.1172072072072075	0.00015990086270390472
4.117927927927928	0.00015282842793752302
4.118648648648649	0.00014606876212841746
4.11936936936937	0.00013960803744152064
4.12009009009009	0.0001334330370425253
4.120810810810811	0.00012753112812955792
4.121531531531532	0.00012189023615269743
4.1222522522522524	0.00011649882016915841
4.122972972972973	0.00011134584928425723
4.123693693693694	0.00010642078013063175
4.124414414414415	0.00010171353534006196
4.125135135135135	9.721448296424846e-05
4.125855855855856	9.291441680296581e-05
4.126576576576577	8.88045375996555e-05
4.127297297297297	8.487643506627789e-05
4.128018018018018	8.112207070108741e-05
4.128738738738739	7.753376136430326e-05
4.12945945945946	7.410416357845579e-05
4.13018018018018	7.082625852146623e-05
4.130900900900901	6.769333768193372e-05
4.131621621621622	6.469898914755123e-05
4.132342342342342	6.183708449872915e-05
4.133063063063063	5.910176628073711e-05
4.133783783783784	5.648743602896837e-05
4.134504504504505	5.398874282284993e-05
4.135225225225225	5.160057234518789e-05
4.135945945945946	4.9318036424633916e-05
4.136666666666667	4.713646303995118e-05
4.137387387387387	4.5051386765771915e-05
4.138108108108108	4.305853964034944e-05
4.138828828828829	4.1153842436670354e-05
4.13954954954955	3.93333963191974e-05
4.14027027027027	3.7593474869157726e-05
4.140990990990991	3.5930516462176245e-05
4.141711711711712	3.434111698268151e-05
4.142432432432432	3.2822022860205765e-05
4.143153153153153	3.1370124413408964e-05
4.143873873873874	2.998244948822429e-05
4.1445945945945954	2.8656157377125283e-05
4.145315315315315	2.7388533007147173e-05
4.146036036036037	2.6176981384743752e-05
4.146756756756757	2.5019022286191202e-05
4.147477477477478	2.3912285182646023e-05
4.148198198198198	2.2854504389542897e-05
4.14891891891892	2.1843514430369926e-05
4.1496396396396396	2.0877245605423894e-05
4.150360360360361	1.9953719756397976e-05
4.151081081081081	1.9071046218252825e-05
4.151801801801803	1.8227417950009156e-05
4.152522522522522	1.7421107836619928e-05
4.153243243243244	1.6650465154320252e-05
4.153963963963965	1.5913912192266104e-05
4.154684684684685	1.520994102352414e-05
4.155405405405406	1.4537110418843153e-05
4.156126126126127	1.3894042896869204e-05
4.156846846846848	1.3279421904796685e-05
4.157567567567568	1.2691989123681257e-05
4.158288288288289	1.2130541892898745e-05
4.15900900900901	1.1593930748497438e-05
4.15972972972973	1.1081057070402228e-05
4.160450450450451	1.0590870833653113e-05
4.161171171171172	1.0122368459095356e-05
4.161891891891893	9.67459075910611e-06
4.162612612612613	9.246620974171651e-06
4.163333333333334	8.837582896292444e-06
4.164054054054055	8.446639075373055e-06
4.164774774774775	8.072989104937626e-06
4.165495495495496	7.715867983658608e-06
4.166216216216217	7.374544549342703e-06
4.166936936936938	7.048319982181538e-06
4.167657657657658	6.7365263741913955e-06
4.168378378378379	6.438525361926107e-06
4.1690990990991	6.153706819660867e-06
4.16981981981982	5.8814876103700756e-06
4.170540540540541	5.6213103919502125e-06
4.171261261261262	5.372642476241299e-06
4.171981981981983	5.134974738509253e-06
4.172702702702703	4.907820575165516e-06
4.173423423423424	4.690714907581636e-06
4.174144144144145	4.483213229967884e-06
4.174864864864865	4.284890699364091e-06
4.175585585585586	4.095341265878276e-06
4.176306306306307	3.914176841397746e-06
4.1770270270270276	3.741026505068707e-06
4.177747747747748	3.5755357439165156e-06
4.178468468468469	3.4173657270564314e-06
4.17918918918919	3.2661926120071185e-06
4.17990990990991	3.1217068816853424e-06
4.180630630630631	2.9836127107296455e-06
4.181351351351352	2.8516273598502718e-06
4.1820720720720725	2.7254805969703625e-06
4.182792792792793	2.6049141439715468e-06
4.183513513513514	2.489681147910234e-06
4.184234234234235	2.379545675625059e-06
4.184954954954955	2.2742822306994016e-06
4.185675675675676	2.173675291788985e-06
4.186396396396397	2.077518871372877e-06
4.1871171171171175	1.9856160940206653e-06
4.187837837837838	1.897778793315769e-06
4.188558558558559	1.8138271266083743e-06
4.18927927927928	1.7335892068084786e-06
4.19	1.6569007504672815e-06
4.190720720720721	1.583604741425404e-06
4.191441441441442	1.5135511093386217e-06
4.1921621621621625	1.4465964224247385e-06
4.192882882882883	1.3826035938016463e-06
4.193603603603604	1.3214416008146552e-06
4.194324324324325	1.2629852167805425e-06
4.195045045045045	1.2071147545967339e-06
4.195765765765766	1.1537158216927124e-06
4.196486486486487	1.1026790858211367e-06
4.1972072072072075	1.0539000512086594e-06
4.197927927927928	1.0072788446093743e-06
4.198648648648649	9.627200108222251e-07
4.19936936936937	9.201323172532278e-07
4.20009009009009	8.79428567123813e-07
4.200810810810811	8.405254209411913e-07
4.201531531531532	8.033432258666187e-07
4.2022522522522525	7.678058526316372e-07
4.202972972972973	7.338405396680403e-07
4.203693693693694	7.013777441332838e-07
4.204414414414415	6.703509995258821e-07
4.205135135135135	6.406967795989206e-07
4.205855855855856	6.123543682940599e-07
4.206576576576577	5.852657354285679e-07
4.2072972972972975	5.593754178818342e-07
4.208018018018018	5.346304060376975e-07
4.208738738738739	5.109800352498373e-07
4.20945945945946	4.883758821086043e-07
4.21018018018018	4.667716652965861e-07
4.210900900900901	4.461231508296978e-07
4.211621621621622	4.2638806149030037e-07
4.2123423423423425	4.075259902666389e-07
4.213063063063063	3.894983176211615e-07
4.213783783783784	3.722681324189326e-07
4.214504504504505	3.558001563535404e-07
4.215225225225225	3.4006067171635195e-07
4.215945945945946	3.250174523609799e-07
4.216666666666667	3.106396977214609e-07
4.2173873873873875	2.9689796974940966e-07
4.218108108108108	2.837641326408357e-07
4.218828828828829	2.712112952290675e-07
4.21954954954955	2.592137559262559e-07
4.22027027027027	2.4774695010023405e-07
4.220990990990991	2.3678739977939838e-07
4.221711711711712	2.263126655824613e-07
4.2224324324324325	2.1630130077454625e-07
4.223153153153153	2.067328073558053e-07
4.223873873873874	1.975875940925175e-07
4.2245945945945955	1.8884693640462243e-07
4.225315315315315	1.8049293802792762e-07
4.226036036036037	1.7250849437191593e-07
4.226756756756757	1.6487725749885718e-07
4.227477477477478	1.5758360265180946e-07
4.228198198198198	1.5061259626353325e-07
4.22891891891892	1.4394996538037642e-07
4.22963963963964	1.3758206843901885e-07
4.230360360360361	1.3149586733561631e-07
4.231081081081081	1.2567890073084383e-07
4.231801801801803	1.201192585355852e-07
4.2325225225225225	1.1480555752545614e-07
4.233243243243244	1.0972691803394066e-07
4.233963963963965	1.048729416766537e-07
4.2346846846846855	1.0023369006090712e-07
4.235405405405406	9.579966443719262e-08
4.236126126126127	9.156178625072854e-08
4.236846846846848	8.751137855340104e-08
4.237567567567568	8.364014823797713e-08
4.238288288288289	7.994016905816979e-08
4.23900900900901	7.640386539991297e-08
4.2397297297297305	7.302399677047256e-08
4.240450450450451	6.979364297375546e-08
4.241171171171172	6.670618994141245e-08
4.241891891891893	6.37553161906921e-08
4.242612612612613	6.093497988139222e-08
4.243333333333334	5.8239406445367416e-08
4.244054054054055	5.56630767632372e-08
4.2447747747747755	5.320071586415007e-08
4.245495495495496	5.084728212543186e-08
4.246216216216217	4.859795694997745e-08
4.246936936936938	4.644813490032599e-08
4.247657657657658	4.439341426913025e-08
4.248378378378379	4.242958806678675e-08
4.2490990990991	4.055263540774265e-08
4.2498198198198205	3.8758713277823704e-08
4.250540540540541	3.70441486657715e-08
4.251261261261262	3.540543104285501e-08
4.251981981981983	3.383920517513968e-08
4.252702702702703	3.2342264253749635e-08
4.253423423423424	3.0911543328995646e-08
4.254144144144145	2.954411303497607e-08
4.2548648648648655	2.8237173591780448e-08
4.255585585585586	2.6988049073001752e-08
4.256306306306307	2.5794181926851175e-08
4.257027027027028	2.4653127739640366e-08
4.257747747747748	2.3562550230896456e-08
4.258468468468469	2.2520216469898696e-08
4.25918918918919	2.1523992303799804e-08
4.2599099099099105	2.0571837988006435e-08
4.260630630630631	1.966180400985705e-08
4.261351351351352	1.8792027097036798e-08
4.262072072072073	1.7960726402578216e-08
4.262792792792793	1.7166199858624752e-08
4.263513513513514	1.640682069148334e-08
4.264234234234235	1.5681034090849343e-08
4.2649549549549555	1.498735402637396e-08
4.265675675675676	1.4324360205047925e-08
4.266396396396397	1.3690695163194023e-08
4.267117117117118	1.3085061487088108e-08
4.267837837837838	1.2506219156539486e-08
4.268558558558559	1.1952983005982412e-08
4.26927927927928	1.1424220297874696e-08
4.2700000000000005	1.0918848403447988e-08
