3.55	0.9999982712418473
3.5508708708708707	0.9999982263984677
3.5517417417417416	0.9999981803918686
3.5526126126126125	0.999998133191877
3.5534834834834834	0.9999980847675365
3.5543543543543543	0.9999980350870881
3.555225225225225	0.9999979841179493
3.556096096096096	0.9999979318266919
3.5569669669669666	0.9999978781790211
3.5578378378378375	0.999997823139752
3.5587087087087084	0.9999977666727873
3.5595795795795793	0.9999977087410935
3.56045045045045	0.999997649306676
3.561321321321321	0.9999975883305553
3.562192192192192	0.9999975257727403
3.563063063063063	0.9999974615922029
3.5639339339339338	0.9999973957468504
3.5648048048048047	0.9999973281934987
3.5656756756756756	0.999997258887843
3.5665465465465465	0.9999971877844296
3.5674174174174174	0.9999971148366262
3.5682882882882883	0.9999970399965898
3.569159159159159	0.9999969632152373
3.57003003003003	0.9999968844422125
3.5709009009009005	0.9999968036258521
3.5717717717717714	0.9999967207131536
3.5726426426426423	0.9999966356497394
3.573513513513513	0.9999965483798211
3.574384384384384	0.9999964588461637
3.575255255255255	0.9999963669900469
3.576126126126126	0.9999962727512284
3.576996996996997	0.9999961760679019
3.5778678678678677	0.9999960768766588
3.5787387387387386	0.9999959751124458
3.5796096096096095	0.9999958707085214
3.5804804804804804	0.9999957635964138
3.5813513513513513	0.9999956537058746
3.582222222222222	0.9999955409648337
3.583093093093093	0.9999954252993507
3.583963963963964	0.9999953066335684
3.5848348348348344	0.9999951848896611
3.5857057057057053	0.9999950599877845
3.5865765765765762	0.9999949318460242
3.587447447447447	0.9999948003803394
3.588318318318318	0.9999946655045111
3.589189189189189	0.9999945271300827
3.59006006006006	0.9999943851663036
3.5909309309309307	0.9999942395200693
3.5918018018018016	0.9999940900958602
3.5926726726726725	0.999993936795679
3.5935435435435434	0.9999937795189868
3.5944144144144143	0.9999936181626365
3.5952852852852852	0.999993452620806
3.596156156156156	0.9999932827849276
3.597027027027027	0.9999931085436184
3.597897897897898	0.9999929297826061
3.5987687687687684	0.999992746384654
3.5996396396396393	0.9999925582294846
3.60051051051051	0.9999923651937013
3.601381381381381	0.9999921671507062
3.602252252252252	0.9999919639706176
3.603123123123123	0.9999917555201853
3.603993993993994	0.9999915416627028
3.6048648648648647	0.9999913222579174
3.6057357357357356	0.9999910971619388
3.6066066066066065	0.9999908662271446
3.6074774774774774	0.9999906293020829
3.6083483483483483	0.9999903862313744
3.609219219219219	0.9999901368556086
3.61009009009009	0.9999898810112406
3.610960960960961	0.9999896185304837
3.611831831831832	0.9999893492411995
3.6127027027027023	0.999989072966784
3.6135735735735732	0.9999887895260531
3.614444444444444	0.9999884987331231
3.615315315315315	0.999988200397289
3.616186186186186	0.9999878943228995
3.617057057057057	0.9999875803092282
3.6179279279279277	0.9999872581503431
3.6187987987987986	0.9999869276349703
3.6196696696696695	0.9999865885463568
3.6205405405405404	0.999986240662127
3.6214114114114113	0.9999858837541381
3.622282282282282	0.9999855175883297
3.623153153153153	0.9999851419245703
3.624024024024024	0.9999847565165011
3.624894894894895	0.9999843611113727
3.625765765765766	0.999983955449881
3.6266366366366363	0.999983539265996
3.627507507507507	0.9999831122867879
3.628378378378378	0.9999826742322484
3.629249249249249	0.9999822248151067
3.63012012012012	0.9999817637406411
3.6309909909909908	0.9999812907064864
3.6318618618618617	0.9999808054024352
3.6327327327327326	0.9999803075102345
3.6336036036036035	0.9999797967033772
3.6344744744744744	0.9999792726468881
3.6353453453453453	0.9999787349971044
3.636216216216216	0.9999781834014503
3.637087087087087	0.9999776174982055
3.637957957957958	0.9999770369162688
3.638828828828829	0.9999764412749143
3.6396996996996993	0.9999758301835423
3.64057057057057	0.9999752032414227
3.641441441441441	0.9999745600374329
3.642312312312312	0.9999739001497876
3.643183183183183	0.999973223145763
3.644054054054054	0.9999725285814133
3.6449249249249247	0.9999718160012792
3.6457957957957956	0.999971084938089
3.6466666666666665	0.9999703349124535
3.6475375375375374	0.9999695654325511
3.6484084084084083	0.9999687759938054
3.649279279279279	0.9999679660785551
3.65015015015015	0.9999671351557136
3.651021021021021	0.999966282680422
3.651891891891892	0.9999654080936918
3.652762762762763	0.999964510822039
3.6536336336336337	0.9999635902771062
3.654504504504504	0.9999626458552802
3.655375375375375	0.9999616769372941
3.656246246246246	0.9999606828878222
3.657117117117117	0.9999596630550643
3.6579879879879877	0.9999586167703177
3.6588588588588586	0.9999575433475393
3.6597297297297295	0.9999564420828962
3.6606006006006004	0.9999553122543052
3.6614714714714713	0.9999541531209587
3.6623423423423422	0.9999529639228395
3.663213213213213	0.9999517438802233
3.664084084084084	0.9999504921931676
3.664954954954955	0.9999492080409883
3.665825825825826	0.9999478905817208
3.6666966966966967	0.9999465389515696
3.667567567567567	0.999945152264342
3.668438438438438	0.9999437296108676
3.669309309309309	0.9999422700584031
3.67018018018018	0.9999407726500209
3.671051051051051	0.9999392364039827
3.6719219219219217	0.9999376603130966
3.6727927927927926	0.9999360433440571
3.6736636636636635	0.9999343844367687
3.6745345345345344	0.9999326825036514
3.6754054054054053	0.9999309364289293
3.676276276276276	0.9999291450678987
3.677147147147147	0.9999273072461797
3.678018018018018	0.9999254217589468
3.678888888888889	0.9999234873701398
3.6797597597597598	0.9999215028116554
3.6806306306306307	0.9999194667825158
3.6815015015015016	0.9999173779480183
3.682372372372372	0.9999152349388607
3.683243243243243	0.9999130363502454
3.684114114114114	0.9999107807409602
3.6849849849849847	0.9999084666324337
3.6858558558558556	0.9999060925077695
3.6867267267267265	0.9999036568107522
3.6875975975975974	0.9999011579448293
3.6884684684684683	0.9998985942720665
3.689339339339339	0.9998959641120764
3.69021021021021	0.9998932657409184
3.691081081081081	0.999890497389971
3.691951951951952	0.9998876572447754
3.692822822822823	0.9998847434438473
3.6936936936936937	0.9998817540774609
3.6945645645645646	0.9998786871863987
3.695435435435435	0.9998755407606698
3.696306306306306	0.9998723127381968
3.697177177177177	0.9998690010034663
3.6980480480480478	0.999865603386146
3.6989189189189187	0.9998621176596655
3.6997897897897896	0.999858541539761
3.7006606606606605	0.9998548726829819
3.7015315315315314	0.9998511086851581
3.7024024024024023	0.999847247079831
3.703273273273273	0.9998432853366384
3.704144144144144	0.9998392208596633
3.705015015015015	0.9998350509857373
3.705885885885886	0.9998307729826998
3.7067567567567568	0.9998263840476139
3.7076276276276277	0.9998218813049347
3.7084984984984986	0.9998172618046316
3.7093693693693695	0.9998125225202623
3.71024024024024	0.9998076603469949
3.711111111111111	0.9998026720995822
3.7119819819819817	0.9997975545102812
3.7128528528528526	0.9997923042267204
3.7137237237237235	0.9997869178097115
3.7145945945945944	0.9997813917310051
3.7154654654654653	0.9997757223709879
3.716336336336336	0.9997699060163214
3.717207207207207	0.99976393885752
3.718078078078078	0.9997578169864648
3.718948948948949	0.9997515363938562
3.71981981981982	0.9997450929665983
3.7206906906906907	0.999738482485118
3.7215615615615616	0.9997317006206139
3.7224324324324325	0.9997247429322352
3.723303303303303	0.9997176048641875
3.724174174174174	0.9997102817427636
3.7250450450450447	0.9997027687733001
3.7259159159159156	0.9996950610370533
3.7267867867867865	0.999687153487997
3.7276576576576574	0.9996790409495354
3.7285285285285283	0.999670718111135
3.7293993993993992	0.9996621795248665
3.73027027027027	0.9996534196018609
3.731141141141141	0.9996444326086729
3.732012012012012	0.9996352126635513
3.732882882882883	0.999625753732614
3.7337537537537537	0.9996160496259252
3.7346246246246246	0.9996060939934712
3.7354954954954955	0.9995958803210344
3.736366366366366	0.9995854019259597
3.737237237237237	0.9995746519528146
3.738108108108108	0.9995636233689368
3.7389789789789787	0.9995523089598682
3.7398498498498496	0.9995407013246728
3.7407207207207205	0.9995287928711336
3.7415915915915914	0.9995165758108274
3.7424624624624623	0.9995040421540746
3.743333333333333	0.9994911837047585
3.744204204204204	0.9994779920550124
3.745075075075075	0.9994644585797737
3.745945945945946	0.999450574431195
3.7468168168168168	0.9994363305329167
3.7476876876876877	0.9994217175741898
3.7485585585585586	0.9994067260038532
3.7494294294294295	0.9993913460241532
3.7503003003003004	0.9993755675844098
3.751171171171171	0.9993593803745191
3.7520420420420417	0.9993427738182911
3.7529129129129126	0.9993257370666196
3.7537837837837835	0.9993082589904773
3.7546546546546544	0.9992903281737325
3.7555255255255253	0.9992719329057859
3.756396396396396	0.9992530611740187
3.757267267267267	0.9992337006560498
3.758138138138138	0.9992138387117978
3.759009009009009	0.9991934623753413
3.75987987987988	0.9991725583465734
3.7607507507507507	0.9991511129826454
3.7616216216216216	0.9991291122891953
3.7624924924924925	0.999106541911354
3.7633633633633634	0.9990833871245243
3.764234234234234	0.9990596328249285
3.7651051051051048	0.9990352635199184
3.7659759759759757	0.9990102633180405
3.7668468468468466	0.9989846159188518
3.7677177177177175	0.9989583046024793
3.7685885885885884	0.9989313122189193
3.7694594594594593	0.9989036211770668
3.77033033033033	0.9988752134334696
3.771201201201201	0.998846070480804
3.772072072072072	0.9988161733360584
3.772942942942943	0.9987855025284251
3.7738138138138138	0.9987540380868875
3.7746846846846847	0.9987217595275
3.7755555555555556	0.9986886458403498
3.7764264264264265	0.9986546754761957
3.7772972972972974	0.9986198263327735
3.7781681681681683	0.9985840757407624
3.7790390390390387	0.9985474004494043
3.7799099099099096	0.9985097766117662
3.7807807807807805	0.9984711797696388
3.7816516516516514	0.9984315848380616
3.7825225225225223	0.9983909660894678
3.783393393393393	0.9983492971374371
3.784264264264264	0.9983065509200522
3.785135135135135	0.9982626996828416
3.786006006006006	0.9982177149613104
3.786876876876877	0.9981715675630387
3.7877477477477477	0.9981242275493452
3.7886186186186186	0.9980756642165031
3.7894894894894895	0.9980258460764975
3.7903603603603604	0.9979747408373171
3.7912312312312313	0.9979223153827659
3.7921021021021017	0.997868535751786
3.7929729729729726	0.9978133671172822
3.7938438438438435	0.997756773764434
3.7947147147147144	0.997698719068486
3.7955855855855853	0.9976391654720055
3.7964564564564562	0.9975780744615932
3.797327327327327	0.9975154065440383
3.798198198198198	0.9974511212219033
3.799069069069069	0.9973851769685286
3.79993993993994	0.9973175312024424
3.8008108108108107	0.9972481402611649
3.8016816816816816	0.9971769593743924
3.8025525525525525	0.9971039426365512
3.8034234234234234	0.9970290429787038
3.8042942942942943	0.996952212139799
3.805165165165165	0.9968734006372492
3.806036036036036	0.9967925577368201
3.8069069069069066	0.9967096314218253
3.8077777777777775	0.9966245683616032
3.8086486486486484	0.9965373138792686
3.8095195195195193	0.9964478119187227
3.81039039039039	0.9963560050109063
3.811261261261261	0.9962618342392823
3.812132132132132	0.9961652392045333
3.813003003003003	0.9960661579884593
3.8138738738738738	0.9959645271170597
3.8147447447447447	0.995860281522787
3.8156156156156156	0.9957533545059541
3.8164864864864865	0.995643677695282
3.8173573573573574	0.9955311810075739
3.8182282282282283	0.9954157926064967
3.819099099099099	0.9952974388604605
3.8199699699699696	0.9951760442995727
3.8208408408408405	0.995051531571662
3.8217117117117114	0.9949238213973468
3.8225825825825823	0.9947928325241407
3.823453453453453	0.9946584816795766
3.824324324324324	0.9945206835233326
3.825195195195195	0.9943793505983526
3.826066066066066	0.9942343932809357
3.826936936936937	0.9940857197297921
3.8278078078078077	0.9939332358340404
3.8286786786786786	0.9937768451601414
3.8295495495495495	0.993616448897749
3.8304204204204204	0.993451945804467
3.8312912912912913	0.9932832321494995
3.832162162162162	0.9931102016561801
3.8330330330330327	0.992932745443373
3.833903903903904	0.9927507519657267
3.8347747747747745	0.9925641069527781
3.8356456456456454	0.9923726933468879
3.8365165165165163	0.9921763912400071
3.837387387387387	0.9919750778092563
3.838258258258258	0.9917686272513174
3.839129129129129	0.9915569107156259
3.84	0.9913397962363594
3.8408708708708708	0.9911171486632155
3.8417417417417417	0.9908888295909782
3.8426126126126126	0.9906546972878657
3.8434834834834835	0.9904146066226602
3.8443543543543544	0.9901684089906195
3.8452252252252253	0.9899159522381699
3.846096096096096	0.9896570805863842
3.846966966966967	0.9893916345532496
3.8478378378378375	0.9891194508747295
3.8487087087087084	0.9888403624246279
3.8495795795795793	0.9885541981332682
3.85045045045045	0.988260782904995
3.851321321321321	0.9879599375345154
3.852192192192192	0.9876514786220968
3.853063063063063	0.9873352184876375
3.853933933933934	0.987010965083635
3.8548048048048047	0.9866785219070755
3.8556756756756756	0.986337687910271
3.8565465465465465	0.9859882574106782
3.8574174174174174	0.985630019999728
3.8582882882882883	0.985262760450709
3.859159159159159	0.9848862586257433
3.86003003003003	0.9845002893818977
3.8609009009009005	0.9841046224764873
3.861771771771772	0.9836990224716141
3.8626426426426423	0.9832832486380126
3.8635135135135132	0.9828570548582486
3.864384384384384	0.9824201895293577
3.865255255255255	0.9819723954649807
3.866126126126126	0.9815134097970859
3.866996996996997	0.9810429638773557
3.8678678678678677	0.980560783178334
3.8687387387387386	0.9800665871944242
3.8696096096096095	0.9795600893428487
3.8704804804804804	0.9790409968646759
3.8713513513513513	0.978509010726031
3.8722222222222222	0.9779638255196208
3.873093093093093	0.9774051293666993
3.873963963963964	0.9768326038196187
3.874834834834835	0.976245923765113
3.8757057057057054	0.9756447573284753
3.8765765765765763	0.9750287657787899
3.877447447447447	0.9743976034354015
3.878318318318318	0.9737509175758057
3.879189189189189	0.9730883483451541
3.88006006006006	0.9724095286675863
3.8809309309309308	0.9717140841596007
3.8818018018018017	0.9710016330456963
3.8826726726726726	0.9702717860765249
3.8835435435435435	0.969524146449804
3.8844144144144144	0.9687583097342553
3.8852852852852853	0.9679738637968481
3.886156156156156	0.9671703887336323
3.887027027027027	0.9663474568044661
3.887897897897898	0.9655046323719556
3.8887687687687684	0.9646414718449339
3.8896396396396393	0.9637575236268227
3.8905105105105102	0.9628523280692409
3.891381381381381	0.9619254174312258
3.892252252252252	0.9609763158444564
3.893123123123123	0.960004539284886
3.893993993993994	0.9590095955511946
3.8948648648648647	0.9579909842505032
3.8957357357357356	0.9569481967917918
3.8966066066066065	0.9558807163874868
3.8974774774774774	0.9547880180637027
3.8983483483483483	0.9536695686796265
3.899219219219219	0.9525248269565629
3.90009009009009	0.9513532435171613
3.900960960960961	0.950154260935372
3.9018318318318315	0.9489273137976836
3.902702702702703	0.9476718287762154
3.9035735735735733	0.9463872247142561
3.904444444444444	0.9450729127248357
3.905315315315315	0.9437282963029633
3.906186186186186	0.9423527714521368
3.907057057057057	0.94094572682578
3.9079279279279278	0.9395065438842444
3.9087987987987987	0.9380345970680455
3.9096696696696696	0.936529253987994
3.9105405405405405	0.9349898756329075
3.9114114114114114	0.9334158165955803
3.9122822822822823	0.9318064253177032
3.913153153153153	0.9301610443544318
3.914024024024024	0.9284790106592898
3.914894894894895	0.9267596558901088
3.915765765765766	0.9250023067366993
3.9166366366366363	0.9232062852709415
3.917507507507507	0.921370909319975
3.918378378378378	0.9194954928631796
3.919249249249249	0.9175793464535865
3.92012012012012	0.9156217776643893
3.920990990990991	0.91362209156118
3.9218618618618617	0.9115795912005149
3.9227327327327326	0.9094935781554171
3.9236036036036035	0.9073633530683515
3.9244744744744744	0.9051882162322181
3.9253453453453453	0.9029674681998519
3.926216216216216	0.9007004104224812
3.927087087087087	0.8983863459175573
3.927957957957958	0.8960245799663162
3.928828828828829	0.8936144208413799
3.9296996996996993	0.8911551805646513
3.9305705705705707	0.8886461756956828
3.931441441441441	0.8860867281506587
3.932312312312312	0.8834761660520054
3.933183183183183	0.8808138246086391
3.934054054054054	0.8780990470266997
3.9349249249249247	0.8753311854505897
3.9357957957957956	0.8725096019340127
3.9366666666666665	0.8696336694406119
3.9375375375375374	0.8667027728737067
3.9384084084084083	0.8637163101345117
3.9392792792792792	0.8606736932081098
3.94015015015015	0.8575743492763152
3.941021021021021	0.8544177218564728
3.941891891891892	0.8512032719650539
3.942762762762763	0.8479304793048207
3.9436336336336337	0.8445988434741712
3.944504504504504	0.8412078851971324
3.945375375375375	0.8377571475723159
3.946246246246246	0.8342461973390356
3.947117117117117	0.8306746261585691
3.947987987987988	0.8270420519084528
3.9488588588588587	0.8233481199875111
3.9497297297297296	0.8195925046291568
3.9506006006006005	0.8157749102203862
3.9514714714714714	0.8118950726236629
3.9523423423423423	0.8079527604988023
3.953213213213213	0.8039477766217702
3.954084084084084	0.7998799591971752
3.954954954954955	0.7957491831610903
3.955825825825826	0.7915553614706935
3.9566966966966968	0.7872984463770876
3.9575675675675672	0.7829784306775369
3.9584384384384386	0.7785953489432195
3.959309309309309	0.7741492787185438
3.96018018018018	0.7696403416878781
3.961051051051051	0.765068704805591
3.9619219219219217	0.7604345813850961
3.9627927927927926	0.7557382321426355
3.9636636636636635	0.7509799661914444
3.9645345345345344	0.746160141981929
3.9654054054054053	0.7412791681834792
3.966276276276276	0.7363375045035475
3.967147147147147	0.7313356624396636
3.968018018018018	0.726274205960076
3.968888888888889	0.7211537521088501
3.96975975975976	0.715974971531245
3.9706306306306307	0.7107385889154004
3.9715015015015016	0.7054453833464547
3.972372372372372	0.7000961885693864
3.973243243243243	0.6946918931570437
3.974114114114114	0.6892334405800892
3.9749849849849848	0.6837218291757173
3.9758558558558557	0.6781581120123594
3.9767267267267266	0.6725433966478055
3.9775975975975975	0.6668788447784738
3.9784684684684684	0.6611656717779312
3.9793393393393393	0.6554051461230062
3.98021021021021	0.6495985887062936
3.981081081081081	0.6437473720341639
3.981951951951952	0.6378529193097972
3.982822822822823	0.6319167034011633
3.9836936936936937	0.6259402456942865
3.9845645645645646	0.6199251148325519
3.985435435435435	0.6138729253432538
3.9863063063063064	0.6077853361529955
3.987177177177177	0.6016640489940659
3.988048048048048	0.5955108067042189
3.9889189189189187	0.5893273914229086
3.9897897897897896	0.5831156226872793
3.9906606606606605	0.5768773554317745
3.9915315315315314	0.5706144778955778
3.9924024024024023	0.5643289094425173
3.993273273273273	0.5580225982984586
3.994144144144144	0.5516975192115731
3.995015015015015	0.5453556710412254
3.995885885885886	0.538999074281547
3.996756756756757	0.5326297685260444
3.9976276276276277	0.5262498098799362
3.998498498498498	0.519861268327037
3.9993693693693695	0.513466225058319
4.00024024024024	0.5070667697694843
4.001111111111111	0.5006649979348369
4.001981981981982	0.49426300806519063
4.002852852852853	0.48786289895721224
4.0037237237237235	0.4814667669420798
4.004594594594595	0.4750767031408976
4.005465465465465	0.4686947907347001
4.006336336336336	0.46232310225643775
4.007207207207207	0.4559636969125062
4.008078078078078	0.4496186179411145
4.008948948948949	0.44328989001454155
4.009819819819819	0.43697951669239377
4.010690690690691	0.43068947793233936
4.011561561561561	0.4244217276649735
4.0124324324324325	0.41817819143871854
4.013303303303303	0.4119607641407953
4.014174174174174	0.40577130779950893
4.015045045045045	0.3996116494731519
4.015915915915916	0.3934835792300682
4.016786786786787	0.3873888482243438
4.017657657657658	0.38132916687085716
4.018528528528528	0.37530620312336205
4.019399399399399	0.36932158085843786
4.02027027027027	0.363376878368082
4.021141141141141	0.3574736269630392
4.022012012012012	0.3516133096885248
4.022882882882882	0.34579736015379026
4.023753753753754	0.34002716147618334
4.024624624624624	0.33430404534031133
4.025495495495496	0.32862929117216105
4.026366366366366	0.32300412542791196
4.027237237237237	0.317429720996501
4.028108108108108	0.31190719671494965
4.028978978978979	0.30643761699473115
4.02984984984985	0.3010219915575045
4.030720720720721	0.2956612752778266
4.031591591591591	0.290356368130544
4.032462462462463	0.28510811523989743
4.033333333333333	0.27991730702748185
4.034204204204205	0.274784679455647
4.035075075075075	0.26971091436298544
4.0359459459459455	0.26469663988810316
4.036816816816817	0.25974243097796146
4.037687687687687	0.2548488099767544
4.038558558558559	0.2500162472911693
4.039429429429429	0.245245162127967
4.0403003003003	0.24053592329944232
4.041171171171171	0.2358888500926053
4.042042042042042	0.23130421319755493
4.042912912912913	0.22678223569081993
4.043783783783784	0.22232309406916592
4.0446546546546545	0.21792691932963051
4.045525525525526	0.2135937980913499
4.046396396396396	0.20932377375506367
4.047267267267268	0.2051168476959534
4.048138138138138	0.2009729804858619
4.0490090090090085	0.1968920931407335
4.04987987987988	0.19287406838948626
4.05075075075075	0.1889187519604752
4.051621621621622	0.1850259538818394
4.052492492492492	0.18119544979229407
4.0533633633633634	0.17742698225886788
4.054234234234234	0.1737202620984274
4.055105105105105	0.17007496969978145
4.055975975975976	0.16649075634353375
4.056846846846847	0.1629672455167581
4.0577177177177175	0.15950403421998402
4.058588588588589	0.15610069426388296
4.059459459459459	0.15275677355345446
4.060330330330331	0.14947179735742205
4.061201201201201	0.14624526956093548
4.0620720720720715	0.1430766738996321
4.062942942942943	0.1399654751734044
4.063813813813813	0.13691112043830286
4.064684684684685	0.13391304017511485
4.065555555555555	0.13097064943343173
4.0664264264264265	0.12808334894996187
4.067297297297297	0.12525052624018973
4.068168168168168	0.12247155666239855
4.069039039039039	0.11974580445340355
4.06990990990991	0.11707262373525738
4.0707807807807805	0.11445135949249192
4.071651651651652	0.11188134851940085
4.072522522522522	0.10936192033711094
4.073393393393394	0.1068923980801469
4.074264264264264	0.10447209935244055
4.075135135135135	0.10210033705265026
4.076006006006006	0.09977642016889197
4.076876876876877	0.09749965454295649
4.077747747747748	0.09526934360417978
4.078618618618618	0.09308478907321686
4.0794894894894895	0.09094529163602569
4.08036036036036	0.08885015158839776
4.081231231231231	0.0867986694514279
4.082102102102102	0.08479014655840326
4.082972972972973	0.08282388561354291
4.083843843843844	0.08089919122317547
4.084714714714715	0.07901537039983843
4.085585585585585	0.07717173303995116
4.086456456456457	0.0753675923756004
4.087327327327327	0.07360226540113307
4.088198198198198	0.07187507327513933
4.089069069069069	0.07018534169853843
4.08993993993994	0.06853240126941237
4.090810810810811	0.06691558781527848
4.091681681681681	0.06533424270347968
4.092552552552553	0.06378771313040675
4.093423423423423	0.06227535239023655
4.094294294294294	0.06079652012386509
4.095165165165165	0.05935058254877143
4.096036036036036	0.057936912670451535
4.096906906906907	0.05655489047615962
4.097777777777778	0.05520390311158577
4.098648648648648	0.05388334504118617
4.09951951951952	0.052592618192790645
4.10039039039039	0.05133113208717192
4.101261261261262	0.050098303953182155
4.102132132132132	0.04889355882912702
4.103003003003003	0.04771632965094922
4.103873873873874	0.046566057327868844
4.104744744744744	0.04544219080602757
4.105615615615616	0.04434418712074517
4.106486486486486	0.04327151143793453
4.107357357357357	0.042223637085209424
4.108228228228228	0.04120004557324163
4.109099099099099	0.04020022660785354
4.10996996996997	0.039223678093370934
4.110840840840841	0.038269906127691614
4.1117117117117115	0.03733842498956957
4.112582582582583	0.03642875711853269
4.113453453453453	0.035540433087904534
4.114324324324325	0.03467299157131812
4.115195195195195	0.033825979303160184
4.116066066066066	0.03299895103330491
4.116936936936937	0.032191469476544124
4.117807807807807	0.03140310525704621
4.118678678678679	0.030633436848211675
4.119549549549549	0.02988205050825462
4.1204204204204204	0.02914854021181242
4.121291291291291	0.028432507577916596
4.122162162162162	0.02773356179458849
4.123033033033033	0.027051319540365458
4.123903903903904	0.026385404902998892
4.1247747747747745	0.025735449295603154
4.125645645645646	0.02510109137047382
4.126516516516516	0.024481976930829746
4.127387387387388	0.023877758840675972
4.128258258258258	0.023288096933016925
4.129129129129129	0.022712657916601247
4.13	0.022151115281401245
4.13087087087087	0.021603149202990137
4.131741741741742	0.02106844644600009
4.132612612612612	0.02054670026681454
4.1334834834834835	0.020037610315640143
4.134354354354354	0.019540882538115468
4.135225225225225	0.019056229076572877
4.136096096096096	0.018583368171098198
4.136966966966967	0.018122024060489787
4.1378378378378375	0.01767192688324445
4.138708708708709	0.01723281257866208
4.139579579579579	0.01680442278817849
4.140450450450451	0.016386504757006197
4.141321321321321	0.015978811236182954
4.1421921921921925	0.015581100385093041
4.143063063063063	0.015193135674550601
4.143933933933933	0.01481468579050003
4.144804804804805	0.014445524538408768
4.145675675675676	0.014085430748406803
4.1465465465465465	0.013734188181225297
4.147417417417417	0.01339158543498937
4.148288288288288	0.013057415852908684
4.149159159159159	0.012731477431909539
4.15003003003003	0.012413572732241992
4.150900900900901	0.01210350878810599
4.151771771771772	0.011801097019316968
4.152642642642642	0.011506153144050374
4.153513513513514	0.011218497092679426
4.154384384384384	0.010937952922739204
4.1552552552552555	0.010664348735026443
4.156126126126126	0.010397516590861428
4.156996996996996	0.01013729243051932
4.157867867867868	0.009883515992848
4.158738738738739	0.009636030736081528
4.15960960960961	0.00939468375985581
4.16048048048048	0.009159325728434241
4.161351351351351	0.008929810795148901
4.162222222222222	0.008705996528059288
4.163093093093093	0.008487743836827325
4.163963963963964	0.008274916900814751
4.164834834834835	0.00806738309839385
4.165705705705705	0.00786501293747588
4.166576576576577	0.007667679987247368
4.167447447447447	0.00747526081111435
4.168318318318319	0.007287634900842968
4.169189189189189	0.007104684611895773
4.17006006006006	0.006926295099949079
4.170930930930931	0.006752354258589324
4.171801801801802	0.006582752658172466
4.172672672672673	0.0064173834858426105
4.173543543543543	0.00625614248669307
4.174414414414414	0.006098927906063384
4.175285285285285	0.005945640432957883
4.176156156156156	0.005796183144573132
4.177027027027027	0.005650461451923981
4.177897897897898	0.00550838304655113
4.1787687687687685	0.005369857848301454
4.17963963963964	0.005234797954162194
4.18051051051051	0.0051031175881399654
4.181381381381382	0.004974733052165331
4.182252252252252	0.004849562678013237
4.183123123123123	0.004727526780219978
4.183993993993994	0.004608547609986038
4.184864864864865	0.004492549310046398
4.185735735735736	0.0043794578704962625
4.186606606606606	0.00426920108555402
4.1874774774774774	0.004161708511249117
4.188348348348348	0.00405691142401842
4.189219219219219	0.003954742780194728
4.19009009009009	0.003855137176375229
4.190960960960961	0.003758030810651153
4.1918318318318315	0.0036633614446871703
4.192702702702703	0.0035710683666320127
4.193573573573573	0.0034810923548485137
4.194444444444445	0.0033933756424456042
4.195315315315315	0.003307861882599729
4.196186186186186	0.0032244961146486294
4.197057057057057	0.0031432247309457237
4.197927927927928	0.0030639954444576993
4.198798798798799	0.002986757257093995
4.199669669669669	0.0029114604287512223
4.2005405405405405	0.0028380564470607784
4.201411411411412	0.0027664979978248424
4.202282282282282	0.0026967389361266304
4.203153153153153	0.0026287342581023483
4.204024024024024	0.0025624400733609953
4.2048948948948945	0.0024978135780391922
4.205765765765766	0.0024348130284770246
4.206636636636636	0.002373397715503954
4.207507507507508	0.0023135279393199405
4.208378378378378	0.0022551649849615833
4.2092492492492495	0.0021982710983388413
4.21012012012012	0.0021428094628323877
4.210990990990991	0.0020887441764376913
4.211861861861862	0.002036040229445965
4.212732732732732	0.0019846634826490273
4.2136036036036035	0.0019345806460576937
4.214474474474475	0.0018857592581223456
4.215345345345345	0.0018381676654444234
4.216216216216216	0.0017917750029683758
4.217087087087087	0.0017465511746437231
4.217957957957958	0.001702466834546692
4.218828828828829	0.0016594933684507195
4.219699699699699	0.0016176028758370872
4.220570570570571	0.0015767681523343809
4.221441441441441	0.0015369626725785662
4.2223123123123125	0.0014981605734830836
4.223183183183183	0.0014603366379107182
4.224054054054054	0.0014234662787370887
4.224924924924925	0.0013875255232981031
4.225795795795795	0.0013524909982113769
4.226666666666667	0.0013183399145641024
4.227537537537538	0.0012850500534585195
4.228408408408408	0.0012525997519066833
4.229279279279279	0.0012209678890666444
4.23015015015015	0.0011901338728123173
4.231021021021021	0.001160077626629095
4.231891891891892	0.0011307795768275468
4.232762762762762	0.0011022206400683014
4.233633633633634	0.0010743822111900982
4.234504504504504	0.0010472461513348465
4.235375375375376	0.0010207947763617635
4.236246246246246	0.0009950108455447793
4.237117117117117	0.0009698775505456017
4.237987987987988	0.0009453785046568763
4.238858858858859	0.0009214977323081748
4.23972972972973	0.0008982196588294013
4.240600600600601	0.0008755291004648567
4.241471471471471	0.0008534112546325876
4.242342342342342	0.0008318516904225942
4.243213213213213	0.0008108363393287628
4.244084084084084	0.0007903514862086993
4.244954954954955	0.000770383760465804
4.2458258258258255	0.0007509201274488374
4.246696696696697	0.0007319478800630714
4.247567567567567	0.0007134546305886496
4.248438438438439	0.0006954283027005072
4.249309309309309	0.0006778571236856048
4.25018018018018	0.0006607296168522229
4.251051051051051	0.0006440345941271214
4.251921921921922	0.0006277611488355526
4.252792792792793	0.0006118986486602536
4.253663663663664	0.0005964367287745063
4.2545345345345345	0.0005813652851456154
4.255405405405405	0.0005666744680041316
4.256276276276276	0.0005523546754752218
4.257147147147147	0.0005383965473680657
4.258018018018018	0.0005247909591192918
4.2588888888888885	0.0005115290158870396
4.25975975975976	0.0004986020467916125
4.26063063063063	0.00048600159929947334
4.261501501501502	0.0004737194337467227
4.262372372372372	0.0004617475179990597
4.263243243243243	0.0004500780222444483
4.264114114114114	0.0004387033139156701
4.264984984984985	0.0004276159527391564
4.265855855855856	0.0004168086859074127
4.266726726726727	0.00040627444337160466
4.2675975975975975	0.00039600633325170777
4.268468468468468	0.00038599763736104666
4.269339339339339	0.00037624180684258724
4.270210210210211	0.00036673245791418323
4.271081081081081	0.0003574633677200273
4.2719519519519515	0.00034842847028574206
4.272822822822823	0.0003396218525745879
4.273693693693693	0.00033103775064225897
4.274564564564565	0.0003226705458877276
4.275435435435435	0.00031451476139800015
4.2763063063063065	0.0003065650583841743
4.277177177177177	0.0002988162327068057
4.278048048048048	0.00029126321148814985
4.278918918918919	0.0002839010498093199
4.27978978978979	0.00027672492749004695
4.2806606606606605	0.00026973014594923337
4.281531531531531	0.0002629121251440477
4.282402402402402	0.0002562664005858101
4.283273273273274	0.0002497886204306712
4.284144144144144	0.00024347454264320623
4.285015015015015	0.00023732003223114263
4.285885885885886	0.00023132105854948117
4.286756756756756	0.00022547369267224035
4.287627627627628	0.000219774104830121
4.288498498498498	0.00021421856191254475
4.2893693693693695	0.00020880342503231344
4.29024024024024	0.00020352514715151013
4.291111111111111	0.00019838027076692148
4.291981981981982	0.00019336542565368786
4.292852852852853	0.00018847732666554313
4.293723723723724	0.00018371277159041148
4.294594594594595	0.0001790686390598066
4.295465465465465	0.00017454188651084505
4.296336336336337	0.0001701295481994303
4.297207207207207	0.0001658287332634413
4.298078078078078	0.00016163662383455863
4.298948948948949	0.00015755047319761985
4.299819819819819	0.00015356760399626727
4.300690690690691	0.0001496854064836869
4.301561561561561	0.0001459013368174207
4.302432432432433	0.00014221291539701376
4.303303303303303	0.00013861772524355993
4.304174174174174	0.0001351134104199657
4.305045045045045	0.00013169767449103012
4.305915915915916	0.000128368279022246
4.306786786786787	0.00012512304211643573
4.307657657657658	0.00012195983698718303
4.308528528528528	0.00011887659056824268
4.3093993993994	0.0001158712821579142
4.31027027027027	0.00011294194209761334
4.311141141141141	0.00011008665048367833
4.312012012012012	0.00010730353591166029
4.3128828828828825	0.00010459077425224817
4.313753753753754	0.0001019465874580064
4.314624624624624	9.936924240021796e-05
4.315495495495496	9.685704973500675e-05
4.316366366366366	9.440836279806735e-05
4.317237237237237	9.202157652721512e-05
4.318108108108108	8.969512641213662e-05
4.318978978978979	8.742748747057297e-05
4.31984984984985	8.521717325035473e-05
4.320720720720721	8.306273485655759e-05
4.3215915915915915	8.096276000322623e-05
4.322462462462463	7.891587208897262e-05
4.323333333333333	7.692072929591682e-05
4.324204204204204	7.497602371132869e-05
4.325075075075075	7.308048047143397e-05
4.325945945945946	7.123285692681813e-05
4.326816816816817	6.94319418288725e-05
4.327687687687687	6.767655453676316e-05
4.328558558558559	6.59655442444134e-05
4.329429429429429	6.429778922698941e-05
4.3303003003003	6.267219610637854e-05
4.331171171171171	6.108769913522777e-05
4.332042042042042	5.9543259499019755e-05
4.332912912912913	5.8037864635783876e-05
4.333783783783784	5.657052757295545e-05
4.3346546546546545	5.5140286280988353e-05
4.335525525525526	5.374620304325894e-05
4.336396396396396	5.238736384189732e-05
4.337267267267267	5.1062877759096656e-05
4.338138138138138	4.9771876393549517e-05
4.339009009009009	4.8513513291612516e-05
4.33987987987988	4.728696339282431e-05
4.34075075075075	4.609142248942133e-05
4.341621621621622	4.492610669950417e-05
4.342492492492492	4.379025195350206e-05
4.3433633633633635	4.268311349359646e-05
4.344234234234234	4.1603965385795475e-05
4.345105105105105	4.0552100044311445e-05
4.345975975975976	3.952682776796634e-05
4.346846846846847	3.852747628828452e-05
4.3477177177177175	3.755339032901498e-05
4.348588588588589	3.660393117675889e-05
4.349459459459459	3.5678476262457457e-05
4.35033033033033	3.477641875343281e-05
4.351201201201201	3.3897167155742865e-05
4.3520720720720725	3.304014492657502e-05
4.352942942942943	3.2204790096429754e-05
4.353813813813813	3.139055490084478e-05
4.354684684684685	3.059690542141975e-05
4.355555555555555	2.9823321235919784e-05
4.3564264264264265	2.906929507719558e-05
4.357297297297297	2.833433250074054e-05
4.358168168168168	2.7617951560631783e-05
4.359039039039039	2.6919682493662115e-05
4.35990990990991	2.6239067411450388e-05
4.360780780780781	2.5575660000329696e-05
4.361651651651652	2.4929025228817057e-05
4.362522522522522	2.4298739062473306e-05
4.363393393393394	2.3684388185966518e-05
4.364264264264264	2.3085569732157275e-05
4.3651351351351355	2.250189101802837e-05
4.366006006006006	2.1932969287286887e-05
4.366876876876876	2.1378431459466402e-05
4.367747747747748	2.083791388537457e-05
4.368618618618618	2.031106210871341e-05
4.36948948948949	1.9797530633725802e-05
4.37036036036036	1.929698269871225e-05
4.371231231231231	1.880909005527036e-05
4.372102102102102	1.8333532753112485e-05
4.372972972972973	1.786999893032071e-05
4.373843843843844	1.741818460890179e-05
4.374714714714715	1.6977793495508304e-05
4.375585585585585	1.6548536787195942e-05
4.376456456456457	1.613013298208648e-05
4.377327327327327	1.5722307694822783e-05
4.3781981981981986	1.5324793476675452e-05
4.379069069069069	1.4937329640209512e-05
4.3799399399399395	1.4559662088368311e-05
4.380810810810811	1.4191543147888026e-05
4.381681681681681	1.383273140691523e-05
4.382552552552553	1.3482991556730792e-05
4.383423423423423	1.3142094237473357e-05
4.384294294294294	1.2809815887761857e-05
4.385165165165165	1.2485938598118847e-05
4.386036036036036	1.2170249968096222e-05
4.386906906906907	1.1862542967017487e-05
4.387777777777778	1.1562615798230583e-05
4.3886486486486485	1.1270271766802185e-05
4.38951951951952	1.098531915054527e-05
4.39039039039039	1.0707571074316807e-05
4.391261261261262	1.0436845387482416e-05
4.392132132132132	1.0172964544488009e-05
4.3930030030030025	9.915755488440642e-06
4.393873873873874	9.66504953763965e-06
4.394744744744745	9.42068227497108e-06
4.395615615615616	9.182493440099527e-06
4.396486486486486	8.950326824384934e-06
4.397357357357357	8.724030168453945e-06
4.398228228228228	8.503455062364357e-06
4.399099099099099	8.288456848286597e-06
4.39996996996997	8.078894525652684e-06
4.400840840840841	7.87463065869512e-06
4.4017117117117115	7.675531286330366e-06
4.402582582582583	7.4814658343131996e-06
4.403453453453453	7.292307029617387e-06
4.404324324324325	7.1079308169770865e-06
4.405195195195195	6.928216277539238e-06
4.4060660660660655	6.7530455495722024e-06
4.406936936936937	6.58230375117762e-06
4.407807807807808	6.4158789049588205e-06
4.408678678678679	6.25366186458972e-06
4.409549549549549	6.095546243242948e-06
4.4104204204204205	5.9414283438250545e-06
4.411291291291291	5.791207090978226e-06
4.412162162162162	5.644783964796684e-06
4.413033033033033	5.502062936222866e-06
4.413903903903904	5.362950404074079e-06
4.4147747747747745	5.227355133662078e-06
4.415645645645646	5.095188196964129e-06
4.416516516516516	4.96636291430653e-06
4.417387387387388	4.84079479752235e-06
4.418258258258258	4.7184014945461255e-06
4.4191291291291295	4.599102735409199e-06
4.42	4.482820279600296e-06
