3.55	0.9269268370943563
3.5507207207207205	0.9262947609706177
3.5514414414414412	0.9256576559487505
3.552162162162162	0.9250154896237063
3.5528828828828827	0.9243682295142683
3.5536036036036034	0.9237158430654464
3.554324324324324	0.923058297650928
3.555045045045045	0.9223955605755836
3.5557657657657655	0.9217275990780286
3.5564864864864862	0.921054380333237
3.557207207207207	0.9203758714552179
3.5579279279279277	0.9196920394997432
3.5586486486486484	0.9190028514671392
3.559369369369369	0.9183082743051286
3.56009009009009	0.9176082749117386
3.5608108108108105	0.9169028201382623
3.5615315315315312	0.9161918767922846
3.562252252252252	0.9154754116407667
3.5629729729729727	0.9147533914131871
3.5636936936936934	0.9140257828047509
3.564414414414414	0.913292552479655
3.565135135135135	0.9125536670744211
3.5658558558558555	0.9118090932012834
3.5665765765765762	0.9110587974516469
3.567297297297297	0.9103027463996044
3.5680180180180177	0.9095409066055226
3.5687387387387384	0.9087732446196837
3.569459459459459	0.9079997269860016
3.5701801801801802	0.9072203202457969
3.570900900900901	0.9064349909416405
3.5716216216216217	0.9056437056212618
3.5723423423423424	0.9048464308415218
3.573063063063063	0.9040431331724567
3.573783783783784	0.903233779201384
3.5745045045045045	0.9024183355370823
3.5752252252252252	0.9015967688140294
3.575945945945946	0.9007690456967165
3.5766666666666667	0.8999351328840267
3.5773873873873874	0.8990949971136846
3.578108108108108	0.8982486051667694
3.578828828828829	0.8973959238723034
3.5795495495495495	0.8965369201119039
3.5802702702702702	0.8956715608245109
3.580990990990991	0.8947998130111761
3.5817117117117117	0.893921643739928
3.5824324324324324	0.8930370201507042
3.583153153153153	0.8921459094603559
3.583873873873874	0.8912482789677169
3.5845945945945945	0.8903440960587486
3.585315315315315	0.8894333282117517
3.586036036036036	0.8885159430026512
3.5867567567567566	0.887591908110346
3.5874774774774774	0.8866611913221335
3.588198198198198	0.885723760539202
3.588918918918919	0.8847795837821963
3.5896396396396395	0.883828629196846
3.59036036036036	0.8828708650596717
3.591081081081081	0.8819062597837539
3.5918018018018016	0.8809347819245796
3.5925225225225224	0.8799564001859466
3.593243243243243	0.8789710834259474
3.593963963963964	0.8779788006630153
3.5946846846846845	0.8769795210820437
3.595405405405405	0.8759732140405676
3.596126126126126	0.8749598490750174
3.5968468468468466	0.8739393959070382
3.5975675675675673	0.872911824449878
3.598288288288288	0.8718771048148379
3.5990090090090088	0.8708352073177922
3.5997297297297295	0.8697861024857719
3.60045045045045	0.8687297610636172
3.601171171171171	0.867666154020685
3.6018918918918916	0.8665952525576298
3.6026126126126123	0.8655170281132422
3.603333333333333	0.8644314523713504
3.6040540540540538	0.8633384972677873
3.6047747747747745	0.8622381349974081
3.605495495495495	0.8611303380211802
3.606216216216216	0.8600150790733225
3.6069369369369366	0.8588923311685113
3.6076576576576573	0.8577620676091324
3.608378378378378	0.8566242619926006
3.6090990990990988	0.8554788882187266
3.60981981981982	0.8543259204971441
3.6105405405405406	0.8531653333547844
3.6112612612612613	0.8519971016434044
3.611981981981982	0.8508212005471676
3.6127027027027028	0.8496376055902723
3.6134234234234235	0.8484462926446316
3.614144144144144	0.8472472379375916
3.614864864864865	0.8460404180597058
3.6155855855855856	0.8448258099725451
3.6163063063063063	0.8436033910165586
3.617027027027027	0.8423731389189651
3.6177477477477478	0.8411350318016934
3.6184684684684685	0.8398890481893552
3.619189189189189	0.8386351670172597
3.61990990990991	0.8373733676394541
3.6206306306306306	0.836103629836806
3.6213513513513513	0.8348259338251102
3.622072072072072	0.8335402602632331
3.6227927927927928	0.8322465902612721
3.6235135135135135	0.830944905388752
3.624234234234234	0.8296351876828381
3.624954954954955	0.828317419656578
3.6256756756756756	0.8269915843071508
3.6263963963963963	0.8256576651241461
3.627117117117117	0.8243156460978497
3.6278378378378378	0.8229655117275511
3.6285585585585585	0.8216072470298477
3.629279279279279	0.8202408375469724
3.63	0.8188662693551172
3.6307207207207206	0.8174835290727681
3.6314414414414413	0.8160926038690313
3.632162162162162	0.8146934814719674
3.6328828828828827	0.8132861501769171
3.6336036036036035	0.8118705988548252
3.634324324324324	0.810446816960546
3.635045045045045	0.8090147945411473
3.6357657657657656	0.8075745222441939
3.6364864864864863	0.8061259913260199
3.637207207207207	0.8046691936599708
3.6379279279279277	0.8032041217446332
3.6386486486486485	0.8017307687120323
3.639369369369369	0.8002491283358085
3.64009009009009	0.7987591950393491
3.6408108108108106	0.7972609639038987
3.6415315315315313	0.7957544306766245
3.642252252252252	0.7942395917786472
3.6429729729729727	0.7927164443130169
3.6436936936936934	0.7911849860726545
3.644414414414414	0.7896452155482353
3.645135135135135	0.7880971319360208
3.6458558558558556	0.7865407351456388
3.6465765765765763	0.784976025807792
3.647297297297297	0.783403005281915
3.6480180180180177	0.7818216756637578
3.6487387387387384	0.7802320397929066
3.649459459459459	0.7786341012602175
3.65018018018018	0.7770278644151885
3.650900900900901	0.7754133343732406
3.6516216216216217	0.773790517022923
3.6523423423423425	0.7721594190330251
3.653063063063063	0.770520047859596
3.653783783783784	0.7688724117528769
3.6545045045045046	0.7672165197641301
3.6552252252252253	0.7655523817523713
3.655945945945946	0.7638800083909875
3.6566666666666667	0.7621994111742562
3.6573873873873874	0.7605106024237455
3.658108108108108	0.7588135952946065
3.658828828828829	0.757108403781732
3.6595495495495496	0.7553950427258064
3.6602702702702703	0.7536735278192184
3.660990990990991	0.7519438756118546
3.6617117117117117	0.7502061035167427
3.6624324324324324	0.7484602298155711
3.663153153153153	0.7467062736640601
3.663873873873874	0.7449442550971943
3.6645945945945946	0.7431741950342948
3.6653153153153153	0.7413961152839509
3.666036036036036	0.7396100385487892
3.6667567567567567	0.7378159884300904
3.6674774774774774	0.7360139894322311
3.668198198198198	0.7342040669669705
3.668918918918919	0.7323862473575607
3.6696396396396396	0.730560557842692
3.6703603603603603	0.7287270265802457
3.671081081081081	0.7268856826508822
3.6718018018018017	0.7250365560614364
3.6725225225225224	0.7231796777481344
3.673243243243243	0.721315079579606
3.673963963963964	0.7194427943597177
3.6746846846846846	0.7175628558302002
3.6754054054054053	0.7156752986730845
3.676126126126126	0.7137801585129213
3.6768468468468467	0.7118774719188063
3.6775675675675674	0.7099672764061912
3.678288288288288	0.7080496104384875
3.679009009009009	0.706124513428443
3.6797297297297296	0.7041920257393144
3.6804504504504503	0.7022521886858101
3.681171171171171	0.7003050445348177
3.6818918918918917	0.6983506365058925
3.6826126126126124	0.6963890087715303
3.683333333333333	0.6944202064572005
3.684054054054054	0.6924442756411554
3.6847747747747746	0.6904612633539874
3.6854954954954953	0.6884712175779636
3.686216216216216	0.6864741872461119
3.6869369369369367	0.6844702222410654
3.6876576576576574	0.6824593733936688
3.6883783783783786	0.6804416924813226
3.6890990990990993	0.6784172322261007
3.68981981981982	0.6763860462925946
3.6905405405405407	0.6743481892855296
3.6912612612612614	0.6723037167471055
3.691981981981982	0.6702526851540984
3.692702702702703	0.6681951519147002
3.6934234234234236	0.6661311753651
3.6941441441441443	0.6640608147658148
3.694864864864865	0.6619841302977458
3.6955855855855857	0.6599011830579902
3.6963063063063064	0.6578120350553812
3.697027027027027	0.655716749205778
3.697747747747748	0.6536153893270755
3.6984684684684686	0.6515080201339684
3.6991891891891893	0.6493947072324426
3.69990990990991	0.6472755171140129
3.7006306306306307	0.645150517149681
3.7013513513513514	0.6430197755836471
3.702072072072072	0.640883361526748
3.702792792792793	0.638741344949643
3.7035135135135135	0.6365937966757204
3.7042342342342343	0.634440788373759
3.704954954954955	0.6322823925503188
3.7056756756756757	0.6301186825418814
3.7063963963963964	0.627949732506714
3.707117117117117	0.6257756174164923
3.707837837837838	0.6235964130476566
3.7085585585585585	0.6214121959725214
3.7092792792792793	0.6192230435501151
3.71	0.6170290339167837
3.7107207207207207	0.6148302459765328
3.7114414414414414	0.6126267593911318
3.712162162162162	0.6104186545699538
3.712882882882883	0.6082060126595878
3.7136036036036035	0.6059889155331979
3.7143243243243242	0.6037674457796532
3.715045045045045	0.6015416866924026
3.7157657657657657	0.5993117222581322
3.7164864864864864	0.5970776371451797
3.717207207207207	0.5948395166917313
3.717927927927928	0.5925974468937732
3.7186486486486485	0.5903515143928398
3.7193693693693692	0.5881018064635305
3.72009009009009	0.5858484110008204
3.7208108108108107	0.5835914165071433
3.7215315315315314	0.5813309120792799
3.722252252252252	0.5790669873950338
3.722972972972973	0.5767997326997143
3.7236936936936935	0.5745292387924058
3.7244144144144142	0.5722555970120619
3.725135135135135	0.5699788992233996
3.7258558558558557	0.5676992378026204
3.7265765765765764	0.5654167056229331
3.727297297297297	0.5631313960399205
3.728018018018018	0.5608434028767253
3.7287387387387385	0.5585528204090714
3.7294594594594592	0.5562597433501324
3.73018018018018	0.5539642668352275
3.730900900900901	0.5516664864063822
3.731621621621622	0.5493664979967411
3.7323423423423425	0.5470643979148353
3.7330630630630632	0.5447602828287128
3.733783783783784	0.54245424974995
3.7345045045045047	0.5401463960175314
3.7352252252252254	0.5378368192816112
3.735945945945946	0.5355256174871713
3.736666666666667	0.5332128888575552
3.7373873873873875	0.5308987318779175
3.7381081081081082	0.5285832452785686
3.738828828828829	0.5262665280182405
3.7395495495495497	0.523948679267252
3.7402702702702704	0.5216297983906131
3.740990990990991	0.5193099849310501
3.741711711711712	0.5169893385919742
3.7424324324324325	0.5146679592203741
3.7431531531531532	0.5123459467896754
3.743873873873874	0.5100234013825403
3.7445945945945946	0.5077004231736402
3.7453153153153154	0.5053771124123756
3.746036036036036	0.5030535694055871
3.746756756756757	0.5007298945002338
3.7474774774774775	0.4984061880660684
3.748198198198198	0.496082550478286
3.748918918918919	0.493759082100188
3.7496396396396396	0.49143588326584087
3.7503603603603604	0.4891130542627554
3.751081081081081	0.4867906953145655
3.751801801801802	0.4844689065637483
3.7525225225225225	0.48214778805436376
3.753243243243243	0.4798274397148396
3.753963963963964	0.4775079613407828
3.7546846846846846	0.47518945257785616
3.7554054054054054	0.4728720129046993
3.756126126126126	0.4705557416159217
3.7568468468468468	0.46824073780514497
3.7575675675675675	0.4659271003481359
3.758288288288288	0.46361492788600983
3.759009009009009	0.46130431880852724
3.7597297297297296	0.4589953712374674
3.7604504504504503	0.45668818301011416
3.761171171171171	0.454382851662836
3.7618918918918918	0.4520794744147853
3.7626126126126125	0.4497781481516943
3.763333333333333	0.4474789694098095
3.764054054054054	0.44518203435994086
3.7647747747747746	0.44288743879165327
3.7654954954954953	0.44059527809757776
3.766216216216216	0.4383056472578814
3.7669369369369368	0.43601864082487657
3.7676576576576575	0.433734352907783
3.7683783783783786	0.4314528771576533
3.7690990990990993	0.4291743067524539
3.76981981981982	0.42689873438231224
3.7705405405405408	0.42462625223494394
3.7712612612612615	0.42235695198125767
3.771981981981982	0.42009092476112764
3.772702702702703	0.417828261169367
3.7734234234234236	0.41556905124188337
3.7741441441441443	0.41331338444203763
3.774864864864865	0.41106134964718477
3.7755855855855858	0.4088130351354349
3.7763063063063065	0.40656852857261105
3.777027027027027	0.4043279169994188
3.777747747747748	0.40209128681883693
3.7784684684684686	0.39985872378370924
3.7791891891891893	0.3976303129845741
3.77990990990991	0.3954061388377076
3.7806306306306308	0.39318628507340464
3.7813513513513515	0.3909708347244726
3.782072072072072	0.3887598701149758
3.782792792792793	0.3865534728492054
3.7835135135135136	0.3843517238008973
3.7842342342342343	0.38215470310267563
3.784954954954955	0.3799624901357548
3.7856756756756758	0.3777751635198786
3.7863963963963965	0.37559280110351556
3.787117117117117	0.3734154799542881
3.787837837837838	0.37124327634967014
3.7885585585585586	0.3690762657679268
3.7892792792792793	0.3669145228793198
3.79	0.3647581215375519
3.7907207207207207	0.3626071347714853
3.7914414414414415	0.36046163477710974
3.792162162162162	0.3583216929097783
3.792882882882883	0.356187379676689
3.7936036036036036	0.35405876472964337
3.7943243243243243	0.35193591685805753
3.795045045045045	0.34981890398224474
3.7957657657657657	0.34770779314694567
3.7964864864864865	0.34560265051513733
3.797207207207207	0.3435035413620956
3.797927927927928	0.341410530069731
3.7986486486486486	0.33932368012117087
3.7993693693693693	0.33724305409562155
3.80009009009009	0.33516871366348255
3.8008108108108107	0.33310071958173293
3.8015315315315314	0.33103913168956256
3.802252252252252	0.3289840089042812
3.802972972972973	0.32693540921747694
3.8036936936936936	0.32489338969144316
3.8044144144144143	0.3228580064558485
3.805135135135135	0.32082931470467874
3.8058558558558557	0.3188073686934245
3.8065765765765764	0.3167922217365334
3.807297297297297	0.314783926205098
3.808018018018018	0.31278253352481195
3.8087387387387386	0.31078809417416636
3.8094594594594593	0.30880065768289466
3.81018018018018	0.3068202726306708
3.8109009009009007	0.30484698664603566
3.8116216216216214	0.30288084640558105
3.8123423423423426	0.300921897633362
3.8130630630630633	0.29897018510056395
3.813783783783784	0.29702575262537406
3.8145045045045047	0.29508864307311594
3.8152252252252254	0.29315889835659825
3.815945945945946	0.29123655943670096
3.816666666666667	0.28932166632317197
3.8173873873873876	0.287414258075662
3.8181081081081083	0.2855143728049703
3.818828828828829	0.2836220476745083
3.8195495495495497	0.2817373189019846
3.8202702702702704	0.2798602217612859
3.820990990990991	0.2779907905845809
3.821711711711712	0.2761290587646212
3.8224324324324326	0.27427505875725144
3.8231531531531533	0.2724288220841051
3.823873873873874	0.27059037933551017
3.8245945945945947	0.26875976017357767
3.8253153153153154	0.26693699333548887
3.826036036036036	0.2651221066369537
3.826756756756757	0.26331512697586557
3.8274774774774776	0.26151608033612733
3.8281981981981983	0.2597249917916603
3.828918918918919	0.2579418855105725
3.8296396396396397	0.25616678475950877
3.8303603603603604	0.25439971190815797
3.831081081081081	0.2526406884339301
3.831801801801802	0.25088973492677774
3.8325225225225226	0.24914687109418554
3.8332432432432433	0.24741211576630265
3.833963963963964	0.2456854869012302
3.8346846846846847	0.24396700159043958
3.8354054054054054	0.24225667606434373
3.836126126126126	0.24055452569799718
3.836846846846847	0.23886056501693628
3.8375675675675676	0.23717480770313631
3.8382882882882883	0.23549726660110656
3.839009009009009	0.23382795372409984
3.8397297297297297	0.23216688026044752
3.8404504504504504	0.23051405657999727
3.841171171171171	0.22886949224067357
3.841891891891892	0.22723319599513886
3.8426126126126126	0.22560517579756542
3.8433333333333333	0.2239854388104955
3.844054054054054	0.22237399141181016
3.8447747747747747	0.22077083920178397
3.8454954954954954	0.2191759870102366
3.846216216216216	0.21758943890375804
3.8469369369369373	0.21601119819302786
3.847657657657658	0.21444126744021283
3.8483783783783787	0.21287964846642857
3.8490990990990994	0.21132634235929115
3.84981981981982	0.20978134948051974
3.850540540540541	0.20824466947361758
3.8512612612612616	0.20671630127160787
3.8519819819819823	0.20519624310483592
3.852702702702703	0.20368449250881424
3.8534234234234237	0.20218104633213216
3.8541441441441444	0.20068590074440745
3.854864864864865	0.19919905124429033
3.855585585585586	0.19772049266749883
3.8563063063063066	0.19625021919490532
3.8570270270270273	0.1947882243606536
3.857747747747748	0.1933345010603095
3.8584684684684687	0.19188904155904773
3.8591891891891894	0.19045183749985492
3.85990990990991	0.18902287991176817
3.860630630630631	0.18760215921812934
3.8613513513513515	0.18618966524486413
3.8620720720720723	0.1847853872287666
3.862792792792793	0.18338931382580825
3.8635135135135137	0.18200143311945086
3.8642342342342344	0.18062173262897385
3.864954954954955	0.17925019931779676
3.865675675675676	0.17788681960181468
3.8663963963963965	0.17653157935772804
3.8671171171171173	0.17518446393137654
3.867837837837838	0.17384545814605779
3.8685585585585587	0.17251454631084978
3.8692792792792794	0.17119171222891766
3.87	0.1698769392058151
3.870720720720721	0.16857021005776177
3.8714414414414415	0.167271507119915
3.8721621621621622	0.1659808122546172
3.872882882882883	0.16469810685962885
3.8736036036036037	0.16342337187632977
3.8743243243243244	0.16215658779790568
3.875045045045045	0.16089773467750262
3.875765765765766	0.15964679213635924
3.8764864864864865	0.15840373937189933
3.8772072072072072	0.15716855516580228
3.877927927927928	0.15594121789203413
3.8786486486486487	0.1547217055248492
3.8793693693693694	0.15350999564674508
3.88009009009009	0.15230606545638864
3.880810810810811	0.1511098917764965
3.8815315315315315	0.14992145106167873
3.8822522522522522	0.14874071940623101
3.882972972972973	0.14756767255189063
3.8836936936936937	0.14640228589554155
3.8844144144144144	0.14524453449687727
3.885135135135135	0.14409439308600605
3.885855855855856	0.1429518360710154
3.8865765765765765	0.14181683754547983
3.8872972972972972	0.14068937129592177
3.888018018018018	0.1395694108092103
3.8887387387387387	0.13845692927991382
3.8894594594594594	0.13735189961759245
3.89018018018018	0.13625429445403842
3.890900900900901	0.13516408615045084
3.891621621621622	0.1340812468045595
3.8923423423423427	0.13300574825768918
3.8930630630630634	0.13193756210175567
3.893783783783784	0.13087665968621304
3.894504504504505	0.12982301212492678
3.8952252252252255	0.1287765903029937
3.8959459459459462	0.1277373648834935
3.896666666666667	0.12670530631418142
3.8973873873873877	0.12568038483410846
3.8981081081081084	0.12466257048018445
3.898828828828829	0.12365183309367184
3.89954954954955	0.1226481423266129
3.9002702702702705	0.12165146764819472
3.9009909909909912	0.12066177835103911
3.901711711711712	0.11967904355743296
3.9024324324324327	0.11870323222548626
3.9031531531531534	0.11773431315522602
3.903873873873874	0.11677225499461485
3.904594594594595	0.11581702624550783
3.9053153153153155	0.11486859526953593
3.906036036036036	0.11392693029392467
3.906756756756757	0.11299199941723602
3.9074774774774776	0.11206377061504785
3.9081981981981984	0.11114221174555948
3.908918918918919	0.11022729055513121
3.90963963963964	0.1093189746837473
3.9103603603603605	0.10841723167041552
3.911081081081081	0.10752202895849271
3.911801801801802	0.10663333390094418
3.9125225225225226	0.1057511137655262
3.9132432432432434	0.10487533573990541
3.913963963963964	0.10400596693670387
3.914684684684685	0.10314297439847847
3.9154054054054055	0.10228632510262362
3.916126126126126	0.10143598596621102
3.916846846846847	0.1005919238507558
3.9175675675675676	0.09975410556691718
3.9182882882882883	0.09892249787912338
3.919009009009009	0.09809706751013399
3.9197297297297298	0.09727778114552961
3.9204504504504505	0.09646460543813676
3.921171171171171	0.09565750701237802
3.921891891891892	0.09485645246856049
3.9226126126126126	0.09406140838709272
3.9233333333333333	0.09327234133263762
3.924054054054054	0.09248921785819242
3.9247747747747748	0.09171200450910748
3.9254954954954955	0.09094066782703528
3.926216216216216	0.09017517435381661
3.9269369369369374	0.08941549063529464
3.927657657657658	0.08866158322507209
3.9283783783783788	0.08791341868819506
3.9290990990990995	0.08717096360477772
3.92981981981982	0.08643418457356287
3.930540540540541	0.08570304821541365
3.9312612612612616	0.08497752117674763
3.9319819819819823	0.08425757013290447
3.932702702702703	0.0835431617914547
3.9334234234234238	0.08283426289544076
3.9341441441441445	0.08213084022656242
3.934864864864865	0.08143286060829749
3.935585585585586	0.08074029090896565
3.9363063063063066	0.08005309804472653
3.9370270270270273	0.07937124898252403
3.937747747747748	0.07869471074296806
3.9384684684684688	0.07802345040316121
3.9391891891891895	0.07735743509946214
3.93990990990991	0.07669663203019683
3.940630630630631	0.07604100845831017
3.9413513513513516	0.07539053171396147
3.9420720720720723	0.0747451691970664
3.942792792792793	0.07410488837977891
3.9435135135135138	0.07346965680892323
3.9442342342342345	0.0728394421083689
3.944954954954955	0.07221421198135504
3.945675675675676	0.07159393421275678
3.9463963963963966	0.07097857667130412
3.9471171171171173	0.07036810731174586
3.947837837837838	0.06976249417696519
3.9485585585585588	0.06916170540003971
3.9492792792792795	0.0685657092062561
3.95	0.06797447391507229
3.950720720720721	0.06738796794203324
3.9514414414414416	0.066806159800634
3.9521621621621623	0.06622901810413918
3.952882882882883	0.06565651156735253
3.9536036036036037	0.06508860900834242
3.9543243243243245	0.06452527935011679
3.955045045045045	0.06396649162225691
3.955765765765766	0.06341221496250361
3.9564864864864866	0.06286241861830154
3.9572072072072073	0.06231707194829539
3.957927927927928	0.0617761444237872
3.9586486486486487	0.0612396056301483
3.9593693693693695	0.06070742526819167
3.96009009009009	0.0601795731554987
3.960810810810811	0.059656019227708974
3.9615315315315316	0.059136733539767346
3.9622522522522523	0.0586216862671334
3.962972972972973	0.058110847706947785
3.9636936936936937	0.05760418827916373
3.9644144144144144	0.05710167852763811
3.965135135135135	0.05660328912118711
3.965855855855856	0.05610899085460109
3.9665765765765766	0.05561875464962675
3.9672972972972973	0.05513255155591104
3.968018018018018	0.05465035275191197
3.9687387387387387	0.05417212954577072
3.9694594594594594	0.05369785337615321
3.97018018018018	0.05322749581305565
3.970900900900901	0.052761028558579
3.971621621621622	0.05229842344766671
3.9723423423423427	0.05183965244881561
3.9730630630630634	0.0513846876647498
3.973783783783784	0.050933501333066934
3.974504504504505	0.05048606582685367
3.9752252252252256	0.05004235365526807
3.9759459459459463	0.049602337464095564
3.976666666666667	0.04916599003627394
3.9773873873873877	0.048733284292391495
3.9781081081081084	0.04830419329115378
3.978828828828829	0.047878690229825986
3.97954954954955	0.04745674844464616
3.9802702702702706	0.04703834141121368
3.9809909909909913	0.046623442744848115
3.981711711711712	0.046212026200925814
3.9824324324324327	0.04580406567518929
3.9831531531531534	0.045399535204032
3.983873873873874	0.044998408964760137
3.984594594594595	0.04460066127582751
3.9853153153153156	0.04420626659704997
3.9860360360360363	0.04381519952979495
3.986756756756757	0.04342743481715024
3.9874774774774777	0.04304294734406758
3.9881981981981984	0.04266171213748755
3.988918918918919	0.04228370436644127
3.98963963963964	0.041908899342133085
3.9903603603603606	0.04153727251799971
3.9910810810810813	0.041168799489752425
3.991801801801802	0.040803455995397635
3.9925225225225227	0.040441217915240024
3.9932432432432434	0.040082061271864054
3.993963963963964	0.03972596223009967
3.994684684684685	0.03937289709696834
3.9954054054054056	0.039022842321613044
3.9961261261261263	0.038675774495208134
3.996846846846847	0.03833167035085509
3.9975675675675677	0.037990506763459934
3.9982882882882884	0.0376522607495961
3.999009009009009	0.037316909467348794
3.99972972972973	0.03698443021614646
4.000450450450451	0.03665480043657558
4.001171171171172	0.03632799771018183
4.001891891891892	0.03600399975925559
4.002612612612613	0.035682784446603326
4.003333333333334	0.035364329775306375
4.004054054054055	0.035048613888465016
4.004774774774775	0.034735615068930886
4.005495495495496	0.0344253117390241
4.006216216216217	0.03411768246024029
4.006936936936937	0.03381270593294398
4.007657657657658	0.03351036099605145
4.008378378378379	0.03321062662669969
4.0090990990991	0.032913481939906335
4.00981981981982	0.032618906188217195
4.010540540540541	0.03232687876134443
4.011261261261262	0.032037379185792
4.011981981981982	0.0317503871244732
4.012702702702703	0.03146588237631696
4.013423423423424	0.031183844875865802
4.0141441441441446	0.03090425469286229
4.014864864864865	0.030627092031828555
4.015585585585586	0.03035233723163561
4.016306306306307	0.03007997076506545
4.017027027027027	0.02980997323836264
4.017747747747748	0.029542325390779892
4.018468468468469	0.029277008094114636
4.0191891891891895	0.029014002352239082
4.01990990990991	0.028753289300620915
4.020630630630631	0.028494850205838924
4.021351351351352	0.02823866646509041
4.022072072072072	0.02798471960569312
4.022792792792793	0.02773299128457874
4.023513513513514	0.02748346328778207
4.0242342342342345	0.02723611752992313
4.024954954954955	0.0269909360536835
4.025675675675676	0.026747901029277887
4.026396396396397	0.026506994753918402
4.027117117117117	0.02626819965127545
4.027837837837838	0.026031498270932468
4.028558558558559	0.025796873287836874
4.0292792792792795	0.02556430750174454
4.03	0.025333783836661593
4.030720720720721	0.02510528534028078
4.031441441441442	0.024878795183414827
4.032162162162162	0.024654296659423997
4.032882882882883	0.024431773183641693
4.033603603603604	0.024211208292795338
4.0343243243243245	0.023992585644424837
4.035045045045045	0.023775889016296032
4.035765765765766	0.02356110230581274
4.036486486486487	0.02334820952942477
4.037207207207207	0.023137194822034093
4.037927927927928	0.022928042436396706
4.038648648648649	0.022720736742523596
4.0393693693693695	0.022515262227078316
4.04009009009009	0.02231160349277327
4.040810810810811	0.02210974525776231
4.041531531531532	0.02190967235503292
4.042252252252252	0.02171136973179561
4.042972972972973	0.021514822448872525
4.043693693693694	0.02132001568008291
4.0444144144144145	0.021126934711628662
4.045135135135135	0.02093556494147761
4.045855855855856	0.020745891878746456
4.046576576576577	0.020557901143081123
4.047297297297297	0.02037157846403763
4.048018018018018	0.020186909680461124
4.048738738738739	0.020003880739865077
4.0494594594594595	0.01982247769780833
4.05018018018018	0.019642686717273036
4.050900900900901	0.019464494068041276
4.051621621621622	0.019287886126072146
4.052342342342342	0.019112849372877223
4.053063063063063	0.018939370394897213
4.053783783783784	0.01876743588287773
4.0545045045045045	0.01859703263124588
4.055225225225225	0.018428147537485635
4.055945945945946	0.018260767601514728
4.056666666666667	0.018094879925061157
4.057387387387387	0.01793047171104008
4.058108108108108	0.017767530262931763
4.058828828828829	0.017606042984158805
4.0595495495495495	0.017445997377465217
4.06027027027027	0.017287381044295457
4.060990990990991	0.0171301816841749
4.061711711711712	0.01697438709408997
4.062432432432432	0.01681998516787033
4.063153153153153	0.01666696389557137
4.063873873873874	0.016515311362858363
4.064594594594595	0.016365015750390365
4.065315315315315	0.016216065333207814
4.066036036036037	0.016068448480117074
4.066756756756757	0.01592215365308221
4.067477477477478	0.01577716940661165
4.068198198198198	0.01563348438715228
4.06891891891892	0.015491087332478993
4.0696396396396395	0.015349967071092178
4.070360360360361	0.015210112521610343
4.071081081081081	0.015071512692170266
4.0718018018018025	0.014934156679822974
4.072522522522522	0.014798033669937602
4.073243243243244	0.014663132935600898
4.073963963963965	0.014529443837023932
4.074684684684685	0.014396955820946317
4.075405405405406	0.0142656584200451
4.076126126126127	0.014135541252344307
4.0768468468468475	0.014006594020627221
4.077567567567568	0.013878806511849594
4.078288288288289	0.013752168596555963
4.07900900900901	0.013626670228297397
4.07972972972973	0.013502301443051978
4.080450450450451	0.013379052358646433
4.081171171171172	0.013256913174180927
4.0818918918918925	0.0131358741694555
4.082612612612613	0.013015925704399285
4.083333333333334	0.012897058218501081
4.084054054054055	0.012779262230243171
4.084774774774775	0.012662528336536881
4.085495495495496	0.012546847212161065
4.086216216216217	0.012432209609202053
4.0869369369369375	0.012318606356496927
4.087657657657658	0.01220602835907866
4.088378378378379	0.012094466597624245
4.0890990990991	0.01198391212790444
4.08981981981982	0.011874356080236856
4.090540540540541	0.011765789658941057
4.091261261261262	0.011658204141796689
4.0919819819819825	0.011551590879503328
4.092702702702703	0.011445941295143749
4.093423423423424	0.011341246883649245
4.094144144144145	0.011237499211268083
4.094864864864865	0.011134689915035726
4.095585585585586	0.01103281070224854
4.096306306306307	0.010931853349939614
4.0970270270270275	0.010831809704357761
4.097747747747748	0.010732671680448357
4.098468468468469	0.010634431261337701
4.09918918918919	0.010537080497819548
4.09990990990991	0.010440611507844833
4.100630630630631	0.010345016476013345
4.101351351351352	0.01025028765306888
4.1020720720720725	0.010156417355396666
4.102792792792793	0.010063397964523971
4.103513513513514	0.009971221926622725
4.104234234234235	0.009879881752015636
4.104954954954955	0.009789370014684662
4.105675675675676	0.009699679351782299
4.106396396396397	0.00961080246314593
4.1071171171171175	0.0095227321108143
4.107837837837838	0.009435461118547425
4.108558558558559	0.009348982371348884
4.10927927927928	0.009263288814991283
4.11	0.00917837345554385
4.110720720720721	0.009094229358903456
4.111441441441442	0.009010849650328065
4.1121621621621625	0.00892822751397331
4.112882882882883	0.008846356192431256
4.113603603603604	0.008765228986272565
4.114324324324325	0.008684839253591078
4.115045045045045	0.008605180409551555
4.115765765765766	0.008526245925939572
4.116486486486487	0.008448029330714832
4.1172072072072075	0.008370524207566881
4.117927927927928	0.008293724195473959
4.118648648648649	0.008217622988264037
4.11936936936937	0.00814221433417922
4.12009009009009	0.008067492035442563
4.120810810810811	0.007993449947827995
4.121531531531532	0.007920081980232436
4.1222522522522524	0.007847382094251242
4.122972972972973	0.007775344303756056
4.123693693693694	0.0077039626744757495
4.124414414414415	0.007633231323579531
4.125135135135135	0.007563144419263369
4.125855855855856	0.0074936961803387945
4.126576576576577	0.007424880875824761
4.127297297297297	0.007356692824541681
4.128018018018018	0.007289126394708707
4.128738738738739	0.0072221760035433985
4.12945945945946	0.007155836116864396
4.13018018018018	0.007090101248696272
4.130900900900901	0.0070249659608775635
4.131621621621622	0.00696042486267119
4.132342342342342	0.006896472610377822
4.133063063063063	0.0068331039069514125
4.133783783783784	0.0067703135016178775
4.134504504504505	0.0067080961894961134
4.135225225225225	0.006646446811221936
4.135945945945946	0.006585360252574165
4.136666666666667	0.006524831444103795
4.137387387387387	0.006464855360765487
4.138108108108108	0.006405427021551927
4.138828828828829	0.00634654148913031
4.13954954954955	0.006288193869481863
4.14027027027027	0.006230379311543691
4.140990990990991	0.0061730930068531805
4.141711711711712	0.006116330189195176
4.142432432432432	0.006060086134251237
4.143153153153153	0.006004356159251866
4.143873873873874	0.005949135622630972
4.1445945945945954	0.0058944199236830265
4.145315315315315	0.005840204502222767
4.146036036036037	0.0057864848382464815
4.146756756756757	0.005733256451597664
4.147477477477478	0.0056805149016328094
4.148198198198198	0.005628255786891869
4.14891891891892	0.005576474744768953
4.1496396396396396	0.005525167451187779
4.150360360360361	0.005474329620277221
4.151081081081081	0.005423957004051391
4.151801801801803	0.005374045392089999
4.152522522522522	0.005324590611223331
4.153243243243244	0.005275588525217359
4.153963963963965	0.00522703503446319
4.154684684684685	0.0051789260756672645
4.155405405405406	0.005131257621544895
4.156126126126127	0.00508402568051571
4.156846846846848	0.005037226296401435
4.157567567567568	0.004990855548126155
4.158288288288289	0.00494490954941848
4.15900900900901	0.00489938444851635
4.15972972972973	0.004854276427873871
4.160450450450451	0.0048095817038706105
4.161171171171172	0.00476529652652276
4.161891891891893	0.004721417179196882
4.162612612612613	0.004677939978325633
4.163333333333334	0.004634861273125893
4.164054054054055	0.004592177445318742
4.164774774774775	0.004549884908851923
4.165495495495496	0.004507980109624277
4.166216216216217	0.004466459525212497
4.166936936936938	0.004425319664599708
4.167657657657658	0.004384557067906468
4.168378378378379	0.004344168306123689
4.1690990990991	0.004304149980847837
4.16981981981982	0.004264498724017898
4.170540540540541	0.004225211197654719
4.171261261261262	0.004186284093602225
4.171981981981983	0.004147714133270844
4.172702702702703	0.004109498067382672
4.173423423423424	0.004071632675718952
4.174144144144145	0.004034114766869373
4.174864864864865	0.003996941177983534
4.175585585585586	0.003960108774524101
4.176306306306307	0.003923614450022215
4.1770270270270276	0.003887455125834687
4.177747747747748	0.0038516277509032856
4.178468468468469	0.003816129301515693
4.17918918918919	0.0037809567810686453
4.17990990990991	0.0037461072198328054
4.180630630630631	0.0037115776747197017
4.181351351351352	0.0036773652290502615
4.1820720720720725	0.0036434669923254893
4.182792792792793	0.0036098800999988336
4.183513513513514	0.0035766017132505506
4.184234234234235	0.0035436290187636416
4.184954954954955	0.0035109592285018625
4.185675675675676	0.0034785895794893816
4.186396396396397	0.003446517333592384
4.1871171171171175	0.0034147397773022048
4.187837837837838	0.00338325422152048
4.188558558558559	0.0033520580013459253
4.18927927927928	0.003321148475862865
4.19	0.0032905230279316046
4.190720720720721	0.0032601790639802905
4.191441441441442	0.0032301140137987144
4.1921621621621625	0.0032003253303336705
4.192882882882883	0.0031708104894861327
4.193603603603604	0.0031415669899098777
4.194324324324325	0.0031125923528119988
4.195045045045045	0.0030838841217549263
4.195765765765766	0.0030554398624602222
4.196486486486487	0.0030272571626137794
4.1972072072072075	0.0029993336316728515
4.197927927927928	0.0029716669006745584
4.198648648648649	0.0029442546220461037
4.19936936936937	0.0029170944694163654
4.20009009009009	0.0028901841374292647
4.200810810810811	0.00286352134155856
4.201531531531532	0.0028371038179243156
4.2022522522522525	0.0028109293231106964
4.202972972972973	0.0027849956339854893
4.203693693693694	0.0027593005475210148
4.204414414414415	0.0027338418806166567
4.205135135135135	0.002708617469922687
4.205855855855856	0.0026836251716657617
4.206576576576577	0.002658862861475767
4.2072972972972975	0.0026343284342142414
4.208018018018018	0.0026100198038040445
4.208738738738739	0.0025859349030606595
4.20945945945946	0.0025620716835248
4.21018018018018	0.002538428115296542
4.210900900900901	0.0025150021868706766
4.211621621621622	0.002491791904973638
4.2123423423423425	0.0024687952944017
4.213063063063063	0.0024460103978606548
4.213783783783784	0.002423435275806674
4.214504504504505	0.0024010680062886945
4.215225225225225	0.0023789066847920413
4.215945945945946	0.002356949424083482
4.216666666666667	0.00233519435405743
4.2173873873873875	0.0023136396215836285
4.218108108108108	0.0022922833903560305
4.218828828828829	0.0022711238407430692
4.21954954954955	0.0022501591696390405
4.22027027027027	0.0022293875903169227
4.220990990990991	0.0022088073322823697
4.221711711711712	0.00218841664112896
4.2224324324324325	0.002168213778394757
4.223153153153153	0.0021481970214199484
4.223873873873874	0.0021283646632058615
4.2245945945945955	0.00210871501227508
4.225315315315315	0.0020892463925329453
4.226036036036037	0.0020699571431298425
4.226756756756757	0.0020508456183252993
4.227477477477478	0.002031910187352485
4.228198198198198	0.002013149234284729
4.22891891891892	0.0019945611579023433
4.22963963963964	0.001976144371561378
4.230360360360361	0.001957897303062737
4.231081081081081	0.0019398183945232418
4.231801801801803	0.0019219061022470048
4.2325225225225225	0.0019041588965986568
4.233243243243244	0.0018865752618769367
4.233963963963965	0.0018691536961901365
4.2346846846846855	0.0018518927113320032
4.235405405405406	0.001834790832659017
4.236126126126127	0.0018178465989687025
4.236846846846848	0.0018010585623789638
4.237567567567568	0.0017844252882084617
4.238288288288289	0.0017679453548581023
4.23900900900901	0.0017516173536934229
4.2397297297297305	0.0017354398889281352
4.240450450450451	0.0017194115775086033
4.241171171171172	0.0017035310489994051
4.241891891891893	0.0016877969454697685
4.242612612612613	0.0016722079213811218
4.243333333333334	0.0016567626434755532
4.244054054054055	0.0016414597906653152
4.2447747747747755	0.0016262980539231793
4.245495495495496	0.001611276136173866
4.246216216216217	0.0015963927521863554
4.246936936936938	0.0015816466284672096
4.247657657657658	0.0015670365031547168
4.248378378378379	0.0015525611259140752
4.2490990990991	0.0015382192578334314
4.2498198198198205	0.0015240096713208945
4.250540540540541	0.0015099311500023477
4.251261261261262	0.0014959824886202643
4.251981981981983	0.0014821624929333512
4.252702702702703	0.0014684699796171346
4.253423423423424	0.0014549037761653182
4.254144144144145	0.0014414627207921151
4.2548648648648655	0.0014281456623353743
4.255585585585586	0.001414951460160624
4.256306306306307	0.0014018789840658608
4.257027027027028	0.0013889271141872763
4.257747747747748	0.0013760947409057584
4.258468468468469	0.001363380764754276
4.25918918918919	0.0013507840963259822
4.2599099099099105	0.0013383036561832307
4.260630630630631	0.0013259383747673353
4.261351351351352	0.0013136871923091849
4.262072072072073	0.001301549058740556
4.262792792792793	0.0012895229336063038
4.263513513513514	0.001277607785977275
4.264234234234235	0.0012658025943640475
4.2649549549549555	0.00125410634663134
4.265675675675676	0.0012425180399132784
4.266396396396397	0.001231036680529353
4.267117117117118	0.001219661283901177
4.267837837837838	0.0012083908744698973
4.268558558558559	0.0011972244856144245
4.26927927927928	0.0011861611595703379
4.2700000000000005	0.0011751999473495625
