3.47	0.9999999999996683
3.4712512512512514	0.9999999999996474
3.4725025025025027	0.9999999999996252
3.473753753753754	0.9999999999996019
3.475005005005005	0.9999999999995768
3.4762562562562564	0.9999999999995504
3.4775075075075077	0.9999999999995222
3.478758758758759	0.9999999999994922
3.48001001001001	0.9999999999994604
3.4812612612612615	0.9999999999994267
3.4825125125125127	0.9999999999993907
3.483763763763764	0.9999999999993525
3.485015015015015	0.9999999999993119
3.4862662662662665	0.9999999999992688
3.4875175175175177	0.9999999999992228
3.488768768768769	0.9999999999991742
3.49002002002002	0.9999999999991225
3.4912712712712715	0.9999999999990674
3.4925225225225227	0.999999999999009
3.493773773773774	0.9999999999989471
3.495025025025025	0.9999999999988809
3.4962762762762765	0.999999999998811
3.4975275275275277	0.9999999999987363
3.498778778778779	0.9999999999986571
3.50003003003003	0.9999999999985729
3.5012812812812815	0.9999999999984837
3.5025325325325327	0.9999999999983886
3.503783783783784	0.9999999999982876
3.505035035035035	0.9999999999981801
3.5062862862862865	0.9999999999980662
3.5075375375375377	0.999999999997945
3.508788788788789	0.9999999999978162
3.51004004004004	0.9999999999976794
3.5112912912912915	0.999999999997534
3.5125425425425427	0.9999999999973794
3.513793793793794	0.9999999999972151
3.5150450450450452	0.9999999999970406
3.5162962962962965	0.9999999999968552
3.5175475475475477	0.999999999996658
3.518798798798799	0.9999999999964486
3.5200500500500502	0.9999999999962261
3.5213013013013015	0.9999999999959897
3.5225525525525527	0.9999999999957383
3.523803803803804	0.9999999999954712
3.5250550550550552	0.9999999999951874
3.5263063063063065	0.9999999999948859
3.5275575575575577	0.9999999999945655
3.528808808808809	0.9999999999942248
3.5300600600600602	0.9999999999938629
3.5313113113113115	0.9999999999934783
3.5325625625625627	0.9999999999930695
3.533813813813814	0.9999999999926352
3.5350650650650652	0.9999999999921738
3.5363163163163165	0.9999999999916833
3.5375675675675677	0.9999999999911622
3.538818818818819	0.9999999999906084
3.5400700700700702	0.9999999999900198
3.5413213213213215	0.9999999999893943
3.5425725725725727	0.9999999999887297
3.543823823823824	0.9999999999880234
3.5450750750750752	0.9999999999872728
3.5463263263263265	0.9999999999864753
3.5475775775775777	0.9999999999856277
3.548828828828829	0.9999999999847271
3.5500800800800802	0.9999999999837701
3.5513313313313315	0.9999999999827529
3.5525825825825827	0.9999999999816722
3.553833833833834	0.9999999999805236
3.5550850850850853	0.999999999979303
3.5563363363363365	0.999999999978006
3.5575875875875878	0.9999999999766278
3.558838838838839	0.999999999975163
3.5600900900900903	0.9999999999736067
3.5613413413413415	0.9999999999719527
3.5625925925925928	0.999999999970195
3.563843843843844	0.9999999999683271
3.5650950950950953	0.9999999999663423
3.5663463463463465	0.999999999964233
3.5675975975975978	0.9999999999619917
3.568848848848849	0.9999999999596099
3.5701001001001003	0.9999999999570788
3.5713513513513515	0.9999999999543889
3.5726026026026028	0.9999999999515308
3.573853853853854	0.9999999999484932
3.5751051051051053	0.9999999999452656
3.5763563563563565	0.9999999999418354
3.5776076076076078	0.9999999999381903
3.578858858858859	0.999999999934317
3.5801101101101103	0.999999999930201
3.5813613613613615	0.9999999999258267
3.5826126126126128	0.9999999999211786
3.583863863863864	0.999999999916239
3.5851151151151153	0.9999999999109901
3.5863663663663665	0.9999999999054121
3.5876176176176178	0.9999999998994844
3.588868868868869	0.9999999998931854
3.5901201201201203	0.9999999998864917
3.5913713713713715	0.9999999998793785
3.5926226226226228	0.9999999998718196
3.593873873873874	0.999999999863787
3.5951251251251253	0.9999999998552509
3.5963763763763765	0.9999999998461799
3.5976276276276278	0.9999999998365403
3.598878878878879	0.999999999826297
3.6001301301301303	0.9999999998154114
3.6013813813813815	0.9999999998038438
3.602632632632633	0.9999999997915514
3.603883883883884	0.9999999997784885
3.6051351351351353	0.999999999764607
3.6063863863863865	0.9999999997498557
3.607637637637638	0.9999999997341797
3.608888888888889	0.9999999997175217
3.6101401401401403	0.9999999996998197
3.6113913913913915	0.9999999996810083
3.612642642642643	0.999999999661018
3.613893893893894	0.999999999639775
3.6151451451451453	0.9999999996172009
3.6163963963963965	0.9999999995932121
3.617647647647648	0.9999999995677198
3.618898898898899	0.9999999995406301
3.6201501501501503	0.9999999995118429
3.6214014014014015	0.9999999994812516
3.622652652652653	0.9999999994487432
3.623903903903904	0.9999999994141975
3.6251551551551553	0.9999999993774871
3.6264064064064065	0.999999999338476
3.627657657657658	0.9999999992970203
3.628908908908909	0.9999999992529669
3.6301601601601603	0.9999999992061526
3.6314114114114115	0.9999999991564046
3.632662662662663	0.9999999991035391
3.633913913913914	0.9999999990473605
3.6351651651651653	0.9999999989876616
3.6364164164164166	0.9999999989242214
3.637667667667668	0.9999999988568056
3.638918918918919	0.9999999987851651
3.6401701701701703	0.9999999987090351
3.6414214214214216	0.9999999986281343
3.642672672672673	0.9999999985421635
3.643923923923924	0.9999999984508054
3.6451751751751753	0.999999998353722
3.6464264264264266	0.9999999982505547
3.647677677677678	0.9999999981409224
3.648928928928929	0.9999999980244196
3.6501801801801803	0.999999997900616
3.6514314314314316	0.9999999977690541
3.652682682682683	0.9999999976292475
3.653933933933934	0.9999999974806797
3.6551851851851853	0.9999999973228015
3.6564364364364366	0.9999999971550297
3.657687687687688	0.9999999969767439
3.658938938938939	0.9999999967872857
3.6601901901901903	0.9999999965859547
3.6614414414414416	0.999999996372007
3.662692692692693	0.9999999961446517
3.663943943943944	0.9999999959030488
3.6651951951951953	0.9999999956463053
3.6664464464464466	0.9999999953734724
3.667697697697698	0.9999999950835421
3.668948948948949	0.9999999947754425
3.6702002002002003	0.9999999944480356
3.6714514514514516	0.9999999941001108
3.672702702702703	0.9999999937303827
3.673953953953954	0.9999999933374848
3.6752052052052053	0.9999999929199652
3.6764564564564566	0.9999999924762811
3.677707707707708	0.9999999920047927
3.678958958958959	0.9999999915037573
3.6802102102102103	0.9999999909713236
3.6814614614614616	0.999999990405524
3.682712712712713	0.9999999898042674
3.683963963963964	0.9999999891653318
3.6852152152152153	0.9999999884863563
3.6864664664664666	0.9999999877648312
3.687717717717718	0.9999999869980907
3.688968968968969	0.9999999861833004
3.6902202202202203	0.9999999853174499
3.6914714714714716	0.9999999843973393
3.692722722722723	0.9999999834195681
3.693973973973974	0.9999999823805229
3.6952252252252253	0.9999999812763639
3.6964764764764766	0.9999999801030108
3.697727727727728	0.9999999788561269
3.698978978978979	0.9999999775311049
3.7002302302302303	0.9999999761230477
3.7014814814814816	0.9999999746267518
3.702732732732733	0.9999999730366876
3.703983983983984	0.999999971346979
3.7052352352352353	0.9999999695513815
3.7064864864864866	0.9999999676432593
3.707737737737738	0.999999965615561
3.708988988988989	0.999999963460793
3.7102402402402404	0.9999999611709922
3.7114914914914916	0.9999999587376965
3.712742742742743	0.9999999561519138
3.713993993993994	0.999999953404088
3.7152452452452454	0.9999999504840642
3.7164964964964966	0.9999999473810514
3.717747747747748	0.9999999440835823
3.718998998998999	0.9999999405794708
3.7202502502502504	0.9999999368557675
3.7215015015015016	0.9999999328987111
3.722752752752753	0.9999999286936778
3.724004004004004	0.9999999242251281
3.7252552552552554	0.9999999194765479
3.7265065065065066	0.9999999144303888
3.727757757757758	0.9999999090680023
3.729009009009009	0.9999999033695715
3.7302602602602604	0.9999998973140375
3.7315115115115116	0.9999998908790214
3.732762762762763	0.9999998840407428
3.734014014014014	0.9999998767739303
3.7352652652652654	0.9999998690517287
3.7365165165165166	0.9999998608456002
3.737767767767768	0.9999998521252192
3.739019019019019	0.9999998428583583
3.7402702702702704	0.9999998330107719
3.7415215215215216	0.9999998225460673
3.742772772772773	0.9999998114255717
3.744024024024024	0.9999997996081889
3.7452752752752754	0.9999997870502468
3.7465265265265266	0.9999997737053373
3.747777777777778	0.9999997595241433
3.749029029029029	0.9999997444542574
3.7502802802802804	0.9999997284399882
3.7515315315315316	0.9999997114221539
3.752782782782783	0.9999996933378646
3.754034034034034	0.9999996741202887
3.7552852852852854	0.9999996536984066
3.7565365365365366	0.9999996319967481
3.757787787787788	0.9999996089351139
3.759039039039039	0.9999995844282785
3.7602902902902904	0.9999995583856757
3.7615415415415416	0.9999995307110636
3.762792792792793	0.9999995013021696
3.764044044044044	0.9999994700503116
3.7652952952952954	0.999999436839997
3.7665465465465466	0.9999994015484956
3.767797797797798	0.9999993640453858
3.769049049049049	0.9999993241920735
3.7703003003003004	0.999999281841279
3.7715515515515516	0.9999992368364932
3.772802802802803	0.9999991890113986
3.774054054054054	0.9999991381892563
3.7753053053053054	0.9999990841822507
3.7765565565565566	0.9999990267907967
3.777807807807808	0.9999989658028023
3.779059059059059	0.9999989009928844
3.7803103103103104	0.9999988321215353
3.7815615615615616	0.9999987589342388
3.782812812812813	0.9999986811605291
3.784064064064064	0.9999985985129911
3.7853153153153154	0.9999985106861986
3.7865665665665666	0.9999984173555853
3.787817817817818	0.9999983181762456
3.789069069069069	0.9999982127816605
3.7903203203203204	0.9999981007823416
3.7915715715715717	0.9999979817643944
3.792822822822823	0.9999978552879857
3.794074074074074	0.9999977208857206
3.7953253253253254	0.9999975780609143
3.7965765765765767	0.9999974262857572
3.797827827827828	0.9999972649993636
3.799079079079079	0.9999970936056998
3.8003303303303304	0.9999969114713814
3.8015815815815817	0.9999967179233324
3.802832832832833	0.9999965122462988
3.804084084084084	0.9999962936802046
3.8053353353353354	0.9999960614173433
3.8065865865865867	0.999995814599394
3.807837837837838	0.999995552314249
3.809089089089089	0.9999952735926434
3.8103403403403404	0.9999949774045737
3.8115915915915917	0.9999946626554919
3.812842842842843	0.9999943281822606
3.814094094094094	0.9999939727488555
3.8153453453453454	0.9999935950417983
3.8165965965965967	0.9999931936653024
3.817847847847848	0.999992767136117
3.819099099099099	0.9999923138780451
3.8203503503503504	0.99999183221612
3.8216016016016017	0.9999913203704176
3.822852852852853	0.9999907764494775
3.824104104104104	0.9999901984433172
3.8253553553553554	0.9999895842160027
3.8266066066066067	0.9999889314977599
3.827857857857858	0.9999882378765862
3.829109109109109	0.9999875007893401
3.8303603603603604	0.9999867175122716
3.8316116116116117	0.9999858851509589
3.832862862862863	0.999985000629616
3.834114114114114	0.9999840606797289
3.8353653653653654	0.999983061827981
3.8366166166166167	0.9999820003834224
3.837867867867868	0.9999808724238352
3.839119119119119	0.999979673781244
3.8403703703703704	0.9999784000265205
3.8416216216216217	0.9999770464530235
3.842872872872873	0.9999756080592129
3.844124124124124	0.9999740795301776
3.8453753753753754	0.9999724552180029
3.8466266266266267	0.9999707291209136
3.847877877877878	0.9999688948611063
3.849129129129129	0.9999669456611971
3.8503803803803804	0.9999648743191933
3.8516316316316317	0.9999626731818977
3.852882882882883	0.9999603341166503
3.854134134134134	0.9999578484812995
3.8553853853853854	0.9999552070922927
3.8566366366366367	0.9999524001907734
3.857887887887888	0.999949417406553
3.859139139139139	0.9999462477198302
3.8603903903903904	0.9999428794205154
3.8616416416416417	0.9999393000650084
3.862892892892893	0.9999354964302749
3.864144144144144	0.9999314544650484
3.8653953953953955	0.9999271592379813
3.8666466466466467	0.9999225948825541
3.867897897897898	0.999917744538539
3.869149149149149	0.9999125902898042
3.8704004004004005	0.9999071130982312
3.8716516516516517	0.9999012927335028
3.872902902902903	0.9998951076985009
3.874154154154154	0.999888535150048
3.8754054054054055	0.9998815508146938
3.8766566566566567	0.9998741288992452
3.877907907907908	0.9998662419957102
3.879159159159159	0.9998578609803068
3.8804104104104105	0.9998489549061714
3.8816616616616617	0.9998394908893715
3.882912912912913	0.9998294339878093
3.884164164164164	0.9998187470725768
3.8854154154154155	0.9998073906912881
3.8866666666666667	0.999795322922899
3.887917917917918	0.9997824992234806
3.889169169169169	0.9997688722623927
3.8904204204204205	0.9997543917482576
3.8916716716716717	0.9997390042441086
3.892922922922923	0.999722652971042
3.894174174174174	0.9997052775996669
3.8954254254254255	0.9996868140285972
3.8966766766766767	0.9996671941491906
3.897927927927928	0.9996463455956901
3.8991791791791792	0.9996241914798688
3.9004304304304305	0.9996006501092315
3.9016816816816817	0.999575634687763
3.902932932932933	0.999549052998159
3.9041841841841842	0.9995208070644075
3.9054354354354355	0.9994907927935237
3.9066866866866867	0.9994588995951718
3.907937937937938	0.9994250099778297
3.9091891891891892	0.9993889991200758
3.9104404404404405	0.9993507344154972
3.9116916916916917	0.9993100749896221
3.912942942942943	0.999266871187202
3.9141941941941942	0.9992209640280583
3.9154454454454455	0.9991721846296162
3.9166966966966967	0.999120353594139
3.917947947947948	0.9990652803585639
3.9191991991991992	0.9990067625047262
3.9204504504504505	0.9989445850276328
3.9217017017017017	0.9988785195593199
3.922952952952953	0.9988083235456992
3.9242042042042042	0.9987337393736494
3.9254554554554555	0.998654493445476
3.9267067067067067	0.9985702951977009
3.927957957957958	0.9984808360609936
3.9292092092092092	0.9983857883578934
3.9304604604604605	0.9982848041347999
3.9317117117117117	0.9981775139245446
3.932962962962963	0.9980635254356698
3.9342142142142142	0.9979424221643689
3.9354654654654655	0.9978137619248503
3.9367167167167167	0.9976770752937028
3.937967967967968	0.9975318639636461
3.9392192192192192	0.9973775990018652
3.9404704704704705	0.9972137190079288
3.9417217217217217	0.9970396281661048
3.942972972972973	0.9968546941867059
3.9442242242242243	0.9966582461309018
3.9454754754754755	0.9964495721132841
3.9467267267267268	0.9962279168762792
3.947977977977978	0.9959924792303857
3.9492292292292293	0.9957424093540543
3.9504804804804805	0.9954768059469382
3.9517317317317318	0.9951947132301423
3.952982982982983	0.9948951177870647
3.9542342342342343	0.9945769452383904
3.9554854854854855	0.9942390567448485
3.9567367367367368	0.9938802453314093
3.957987987987988	0.9934992320267614
3.9592392392392393	0.9930946618121126
3.9604904904904905	0.9926650993736693
3.9617417417417418	0.9922090246535409
3.962992992992993	0.9917248281943278
3.9642442442442443	0.991210806273279
3.9654954954954955	0.990665155822685
3.9667467467467468	0.9900859691341042
3.967997997997998	0.9894712283451491
3.9692492492492493	0.9888187997088732
3.9705005005005005	0.9881264276473662
3.9717517517517518	0.9873917285929734
3.973003003003003	0.9866121846226595
3.9742542542542543	0.9857851368934623
3.9755055055055055	0.9849077788897538
3.9767567567567568	0.9839771494961915
3.978008008008008	0.9829901259138479
3.9792592592592593	0.9819434164410561
3.9805105105105105	0.9808335531450973
3.9817617617617618	0.9796568844559781
3.983013013013013	0.9784095677192779
3.9842642642642643	0.977087561751413
3.9855155155155155	0.9756866194477203
3.986766766766767	0.9742022805015278
3.988018018018018	0.9726298643009377
3.9892692692692693	0.970964463079352
3.9905205205205205	0.9692009354059276
3.991771771771772	0.9673339001130966
3.993023023023023	0.9653577307701129
3.9942742742742743	0.9632665508241522
3.9955255255255255	0.9610542295439107
3.996776776776777	0.958714378914694
3.998028028028028	0.9562403516487554
3.9992792792792793	0.9536252404898071
4.000530530530531	0.9508618790062036
4.001781781781782	0.9479428440829386
4.003033033033033	0.9448604603381248
4.004284284284284	0.9416068067047054
4.005535535535536	0.9381737254322814
4.006786786786787	0.9345528337768605
4.008038038038038	0.9307355386573254
4.009289289289289	0.926713054565999
4.010540540540541	0.9224764250259946
4.011791791791792	0.918016547889492
4.013043043043043	0.9133242047676479
4.014294294294294	0.9083900948737539
4.015545545545546	0.9032048735452717
4.016796796796797	0.8977591956867972
4.018048048048048	0.8920437643435034
4.019299299299299	0.8860493845723991
4.020550550550551	0.8797670227255452
4.021801801801802	0.8731878711947284
4.023053053053053	0.8663034185899633
4.024304304304304	0.8591055252344006
4.025555555555556	0.851586503755239
4.026806806806807	0.8437392044347708
4.028058058058058	0.8355571048579841
4.029309309309309	0.8270344032547845
4.030560560560561	0.8181661147872724
4.031811811811812	0.8089481698786715
4.033063063063063	0.799377513523194
4.034314314314314	0.7894522043596659
4.035565565565566	0.7791715121402876
4.036816816816817	0.7685360120854245
4.038068068068068	0.7575476744910727
4.039319319319319	0.7462099478543747
4.040570570570571	0.7345278337100918
4.041821821821822	0.7225079513344341
4.043073073073073	0.710158590477397
4.044324324324324	0.6974897503366376
4.045575575575576	0.6845131630884479
4.046826826826827	0.6712423004482436
4.048078078078078	0.6576923619444143
4.049329329329329	0.6438802438549723
4.050580580580581	0.6298244880721459
4.051831831831832	0.615545210521122
4.053083083083083	0.6010640091566687
4.054334334334334	0.5864038519856773
4.055585585585586	0.5715889460017409
4.056836836836837	0.5566445883569542
4.058088088088088	0.5415970015205782
4.059339339339339	0.526473154569749
4.060590590590591	0.5113005731086219
4.061841841841842	0.49610714060688627
4.063093093093093	0.4809208941740136
4.064344344344344	0.46576981793363925
4.065595595595596	0.4506816372263022
4.066846846846847	0.4356836168468636
4.068098098098098	0.4208023664152055
4.069349349349349	0.4060636557904084
4.070600600600601	0.39149224317620634
4.071851851851852	0.3771117182405973
4.073103103103103	0.36294436219659826
4.074354354354354	0.34901102637913983
4.075605605605606	0.3353310304190284
4.076856856856857	0.3219220806747684
4.078108108108108	0.30880020915019385
4.079359359359359	0.2959797327140612
4.080610610610611	0.28347323205753683
4.081861861861862	0.27129154948702316
4.083113113113113	0.2594438043590183
4.084364364364364	0.24793742472577943
4.085615615615616	0.2367781935768963
4.086866866866867	0.22597030793328535
4.088118118118118	0.2155164489738377
4.089369369369369	0.2054178613479892
4.090620620620621	0.19567443984440158
4.091871871871872	0.18628482164181623
4.093123123123123	0.17724648245604355
4.094374374374374	0.1685558350110379
4.095625625625626	0.1602083283951723
4.096876876876877	0.15219854701077098
4.098128128128128	0.14452030797947948
4.099379379379379	0.1371667560236123
4.100630630630631	0.13013045499946083
4.101881881881882	0.12340347540967406
4.103133133133133	0.11697747736487736
4.104384384384384	0.11084378859788838
4.105635635635636	0.10499347725532586
4.106886886886887	0.09941741930063458
4.108138138138138	0.09410636045868903
4.109389389389389	0.08905097271549162
4.110640640640641	0.08424190545704213
4.111891891891892	0.0796698313902174
4.113143143143143	0.07532548743588376
4.114394394394394	0.07119971082164946
4.115645645645646	0.06728347062938528
4.116896896896897	0.063567895072267
4.118148148148148	0.060044294788362394
4.119399399399399	0.05670418244392303
4.120650650650651	0.05353928894028962
4.121901901901902	0.05054157651484452
4.123153153153153	0.04770324901932376
4.124404404404404	0.04501675964894711
4.125655655655656	0.042474816383721914
4.126906906906907	0.040070385389716516
4.128158158158158	0.03779669261338604
4.129409409409409	0.03564722378672839
4.130660660660661	0.033615723045368015
4.131911911911912	0.03169619034607536
4.133163163163163	0.029882877854810284
4.134414414414414	0.028170285461428243
4.135665665665666	0.026553155562739628
4.136916916916917	0.025026467241910696
4.138168168168168	0.023585429959189125
4.139419419419419	0.02222547685676419
4.140670670670671	0.02094225776916845
4.141921921921922	0.019731632020111887
4.143173173173173	0.01858966107690402
4.144424424424424	0.01751260112471683
4.145675675675676	0.01649689561477378
4.146926926926927	0.015539167833170676
4.148178178178178	0.01463621353032598
4.149429429429429	0.013784993645035592
4.150680680680681	0.01298262715167137
4.151931931931932	0.012226384054239274
4.153183183183183	0.01151367854669576
4.154434434434434	0.010842062355112056
4.155685685685686	0.010209218273889632
4.156936936936937	0.009612953905281675
4.158188188188188	0.009051195608878045
4.159439439439439	0.008521982665464625
4.160690690690691	0.008023461657704272
4.161941941941942	0.007553881068418259
4.163193193193193	0.007111586095806654
4.164444444444444	0.006695013683734888
4.165695695695696	0.006302687764180539
4.166946946946947	0.005933214708090837
4.168198198198198	0.00558527898019713
4.169449449449449	0.005257638992771031
4.170700700700701	0.004949123152850259
4.171951951951952	0.004658626097122182
4.173203203203203	0.004385105108392453
4.174454454454454	0.004127576707389903
4.175705705705706	0.003885113413539661
4.176956956956957	0.0036568406682856184
4.178208208208208	0.0034419339145335126
4.179459459459459	0.0032396158258230774
4.180710710710711	0.003049153678901908
4.181961961961962	0.0028698568634755997
4.183213213213213	0.0027010745230283116
4.184464464464464	0.0025421933207512575
4.185715715715716	0.002392635324769376
4.186966966966967	0.0022518560070280227
4.188218218218218	0.002119342350377419
4.189469469469469	0.0019946110585784267
4.190720720720721	0.001877206864138591
4.191971971971972	0.001766700929080634
4.193223223223223	0.0016626893339358353
4.194474474474474	0.0015647916504471662
4.195725725725726	0.0014726495936541256
4.196976976976977	0.0013859257492198707
4.198228228228228	0.0013043023720435613
4.199479479479479	0.0012274802523812387
4.200730730730731	0.0011551776458715204
4.201981981981982	0.0010871292640337177
4.203233233233233	0.0010230853219697692
4.204484484484484	0.0009628106401613698
4.205735735735736	0.0009060837974057621
4.206986986986987	0.0008526963320826665
4.208238238238238	0.0008024519890862695
4.209489489489489	0.0007551660098932194
4.210740740740741	0.0007106644633671248
4.211991991991992	0.0006687836150260285
4.213243243243243	0.0006293693326183613
4.214494494494494	0.0005922765259675371
4.215745745745746	0.0005573686191533312
4.216996996996997	0.0005245170532026571
4.218248248248248	0.0004936008175607296
4.219499499499499	0.000464506008707991
4.220750750750751	0.00043712541437682453
4.222002002002002	0.00041135812190751795
4.223253253253253	0.000387109149363213
4.224504504504504	0.0003642890981003637
4.225755755755756	0.0003428138255631961
4.227007007007007	0.0003226041371398452
4.228258258258258	0.0003035854959827252
4.229509509509509	0.0002856877497576153
4.230760760760761	0.0002688448733439038
4.232012012012012	0.0002529947265640307
4.233263263263263	0.00023807882607224034
4.234514514514514	0.00022404213058237793
4.235765765765766	0.0002108328386608517
4.237017017017017	0.00019840219835531349
4.238268268268268	0.00018670432797118097
4.239519519519519	0.00017569604734769063
4.240770770770771	0.00016533671902212665
4.242022022022022	0.00015558809870622433
4.243273273273273	0.00014641419453180655
4.2445245245245244	0.00013778113455410588
4.245775775775776	0.00012965704203067918
4.247027027027027	0.0001220119180216297
4.248278278278278	0.00011481753088334509
4.2495295295295294	0.00010804731225259645
4.250780780780781	0.00010167625914127588
4.252032032032032	9.568084178401766e-05
4.253283283283283	9.003891690190219e-05
4.2545345345345345	8.472964606491247e-05
4.255785785785786	7.973341885432461e-05
4.257037037037037	7.503178054356005e-05
4.258288288288288	7.060736403256494e-05
4.2595395395395395	6.644382578614692e-05
4.260790790790791	6.252578554128388e-05
4.262042042042042	5.883876956214901e-05
4.263293293293293	5.536915723452401e-05
4.2645445445445445	5.210413080351191e-05
4.265795795795796	4.9031628069842464e-05
4.267047047047047	4.614029787092852e-05
4.268298298298298	4.341945818299414e-05
4.2695495495495495	4.0859056690230685e-05
4.270800800800801	3.8449633675895214e-05
4.272052052052052	3.618228709880477e-05
4.273303303303303	3.404863972670484e-05
4.2745545545545545	3.204080820550678e-05
4.275805805805806	3.0151373950509833e-05
4.277057057057057	2.8373355752375215e-05
4.278308308308308	2.6700183996959008e-05
4.2795595595595595	2.512567640400892e-05
4.280810810810811	2.3644015195327485e-05
4.282062062062062	2.2249725608230866e-05
4.283313313313313	2.0937655675112877e-05
4.2845645645645645	1.9702957194557566e-05
4.285815815815816	1.8541067823840298e-05
4.287067067067067	1.744769422676261e-05
4.288318318318318	1.641879621467709e-05
4.2895695695695695	1.5450571822197587e-05
4.290820820820821	1.4539443262542066e-05
4.292072072072072	1.3682043710678822e-05
4.293323323323323	1.2875204865517198e-05
4.2945745745745745	1.2115945245240685e-05
4.295825825825826	1.1401459172590087e-05
4.297077077077077	1.0729106409434617e-05
4.298328328328328	1.0096402402378623e-05
4.2995795795795795	9.501009103393874e-06
4.300830830830831	8.940726331593927e-06
4.302082082082082	8.413483644252708e-06
4.303333333333333	7.917332687060557e-06
4.3045845845845845	7.450439995370417e-06
4.305835835835836	7.0110802198555634e-06
4.307087087087087	6.597629751558215e-06
4.308338338338338	6.208560722792197e-06
4.3095895895895895	5.842435361743242e-06
4.310840840840841	5.497900679919693e-06
4.312092092092092	5.173683472828706e-06
4.313343343343343	4.868585615417065e-06
4.3145945945945945	4.5814796348987084e-06
4.315845845845846	4.3113045446180606e-06
4.317097097097097	4.057061923557132e-06
4.318348348348348	3.817812227007482e-06
4.3195995995995995	3.5926713147776045e-06
4.320850850850851	3.3808071841119605e-06
4.322102102102102	3.181436895249938e-06
4.323353353353353	2.993823678269321e-06
4.3246046046046045	2.817274210525126e-06
4.325855855855856	2.651136054626582e-06
4.327107107107107	2.4947952474849328e-06
4.328358358358358	2.3476740315265317e-06
4.3296096096096095	2.2092287196883105e-06
4.330860860860861	2.0789476863082947e-06
4.332112112112112	1.956349476486539e-06
4.333363363363363	1.8409810269324427e-06
4.3346146146146145	1.7324159917243017e-06
4.335865865865866	1.6302531667956371e-06
4.337117117117117	1.5341150073257193e-06
4.338368368368368	1.4436462325572643e-06
4.3396196196196195	1.3585125128857257e-06
4.340870870870871	1.2783992343694568e-06
4.342122122122122	1.2030103360945907e-06
4.343373373373373	1.1320672160995012e-06
4.3446246246246245	1.065307701815799e-06
4.345875875875876	1.0024850812218885e-06
4.347127127127127	9.433671911282966e-07
4.348378378378378	8.877355592265085e-07
4.3496296296296295	8.353845967307588e-07
4.350880880880881	7.861208386297012e-07
4.352132132132132	7.39762228739912e-07
4.353383383383383	6.961374469198513e-07
4.3546346346346345	6.550852759579501e-07
4.355885885885886	6.164540057955149e-07
4.357137137137137	5.801008728824062e-07
4.358388388388388	5.458915325941483e-07
4.3596396396396395	5.136995627607112e-07
4.360890890890891	4.834059964725119e-07
4.362142142142142	4.548988824368145e-07
4.363393393393393	4.280728712602133e-07
4.3646446446446445	4.02828826128224e-07
4.365895895895896	3.7907345644343293e-07
4.367147147147147	3.567189730680608e-07
4.368398398398398	3.3568276389717525e-07
4.3696496496496495	3.1588708856356154e-07
4.370900900900901	2.9725879114616216e-07
4.372152152152152	2.797290298201929e-07
4.373403403403403	2.6323302245007213e-07
4.3746546546546545	2.477098071849384e-07
4.375905905905906	2.3310201717213115e-07
4.377157157157157	2.1935566855592044e-07
4.378408408408408	2.064199609781983e-07
4.3796596596596595	1.9424708984382704e-07
4.380910910910911	1.8279206965694115e-07
4.382162162162162	1.7201256777520647e-07
4.383413413413413	1.6186874796780062e-07
4.3846646646646645	1.5232312319893691e-07
4.385915915915916	1.4334041709294595e-07
4.387167167167167	1.3488743356884998e-07
4.388418418418418	1.2693293416276168e-07
4.3896696696696695	1.194475225847127e-07
4.390920920920921	1.1240353608333308e-07
4.392172172172172	1.0577494321683167e-07
4.393423423423423	9.953724765256535e-08
4.3946746746746745	9.366739763965664e-08
4.395925925925926	8.814370082014648e-08
4.397177177177177	8.29457440637978e-08
4.398428428428428	7.805431803035654e-08
4.3996796796796795	7.34513461804654e-08
4.400930930930931	6.911981797291297e-08
4.402182182182182	6.504372600129421e-08
4.403433433433433	6.120800683781544e-08
4.4046846846846845	5.759848536561192e-08
4.405935935935936	5.4201822393876224e-08
4.407187187187187	5.100546536216558e-08
4.408438438438438	4.799760195175091e-08
4.4096896896896896	4.5167116432562244e-08
4.410940940940941	4.2503548584424467e-08
4.412192192192192	3.999705504074255e-08
4.413443443443443	3.763837291180927e-08
4.4146946946946946	3.541878555329229e-08
4.415945945945946	3.333009035340898e-08
4.417197197197197	3.136456841971941e-08
4.418448448448448	2.9514956053536396e-08
4.4196996996997	2.7774417906526075e-08
4.420950950950951	2.6136521720307545e-08
4.422202202202202	2.4595214555680584e-08
4.423453453453453	2.3144800423653232e-08
4.424704704704705	2.177991923559647e-08
4.425955955955956	2.0495526994743e-08
4.427207207207207	1.9286877155811e-08
4.428458458458458	1.8149503083880363e-08
4.42970970970971	1.7079201547691866e-08
4.430960960960961	1.6072017186373773e-08
4.432212212212212	1.5124227892179638e-08
4.433463463463463	1.4232331055229274e-08
4.434714714714715	1.3393030619415394e-08
4.435965965965966	1.2603224901644942e-08
4.437217217217217	1.1859995129390882e-08
4.438468468468468	1.116059465420282e-08
4.43971971971972	1.0502438801311157e-08
4.440970970970971	9.883095317816976e-09
4.442222222222222	9.300275384160966e-09
4.443473473473473	8.751825155660393e-09
4.444724724724725	8.235717802852831e-09
4.445975975975976	7.750046021234141e-09
4.447227227227227	7.293014982704102e-09
4.448478478478478	6.8629357026765995e-09
4.44972972972973	6.458218798340137e-09
4.450980980980981	6.077368615004188e-09
4.452232232232232	5.7189776988203264e-09
4.453483483483483	5.3817215954558945e-09
4.454734734734735	5.064353955496792e-09
4.455985985985986	4.765701928492891e-09
4.457237237237237	4.484661828620855e-09
4.458488488488488	4.220195055949815e-09
4.45973973973974	3.971324258235434e-09
4.460990990990991	3.737129719059437e-09
4.462242242242242	3.5167459589639026e-09
4.463493493493493	3.309358537022155e-09
4.464744744744745	3.1142010410252874e-09
4.465995995995996	2.930552255162446e-09
4.467247247247247	2.757733494725652e-09
4.468498498498498	2.5951060979913856e-09
4.46974974974975	2.442069066009252e-09
4.471001001001001	2.2980568415763e-09
4.472252252252252	2.162537219187286e-09
4.473503503503503	2.035009378238552e-09
4.474754754754755	1.915002032216504e-09
4.476006006006006	1.8020716870315563e-09
4.477257257257257	1.6958010020597606e-09
4.478508508508508	1.595797247836451e-09
4.47975975975976	1.5016908547017631e-09
4.481011011011011	1.4131340470349739e-09
4.482262262262262	1.329799558029317e-09
4.483513513513513	1.2513794202586083e-09
4.484764764764765	1.1775838275657757e-09
4.486016016016016	1.108140064067742e-09
4.487267267267267	1.0427914963178915e-09
4.488518518518518	9.812966249023487e-10
4.48976976976977	9.23428191964891e-10
4.491021021021021	8.689723413626273e-10
4.492272272272272	8.177278283480785e-10
4.493523523523523	7.695052758575883e-10
4.494774774774775	7.241264746573998e-10
4.496026026026026	6.814237247613016e-10
4.497277277277277	6.412392156854901e-10
4.498528528528528	6.034244432508074e-10
4.49977977977978	5.678396607769312e-10
4.501031031031031	5.343533626405716e-10
4.502282282282282	5.028417982887229e-10
4.503533533533533	4.731885149113423e-10
4.504784784784785	4.4528392708323276e-10
4.506036036036036	4.190249117848713e-10
4.507287287287287	3.9431442730523803e-10
4.508538538538538	3.7106115461856255e-10
4.50978978978979	3.491791599095648e-10
4.511041041041041	3.2858757700015157e-10
4.512292292292292	3.0921030850370916e-10
4.513543543543543	2.909757446028105e-10
4.514794794794795	2.7381649841097887e-10
4.516046046046046	2.576691569406144e-10
4.517297297297297	2.424740467565761e-10
4.518548548548548	2.2817501344955135e-10
4.5197997997998	2.147192141141764e-10
4.521051051051051	2.0205692206507282e-10
4.522302302302302	1.9014134306896226e-10
4.523553553553553	1.7892844241387117e-10
4.524804804804805	1.6837678217629595e-10
4.526056056056056	1.5844736808499887e-10
4.527307307307307	1.491035054153891e-10
4.528558558558558	1.403106633820456e-10
4.52980980980981	1.3203634752819471e-10
4.531061061061061	1.2424997964059617e-10
4.532312312312312	1.1692278474596024e-10
4.533563563563563	1.1002768477136985e-10
4.534814814814815	1.0353919847568969e-10
4.536066066066066	9.743334728218958e-11
4.537317317317317	9.168756666430602e-11
4.538568568568568	8.628062275712914e-11
4.53981981981982	8.119253388642188e-11
4.541071071071071	7.640449672520579e-11
4.542322322322322	7.189881680496177e-11
4.543573573573573	6.765884312469837e-11
4.544824824824825	6.366890661621051e-11
4.546076076076076	5.99142622381463e-11
4.547327327327327	5.638103448484078e-11
4.548578578578578	5.305616610858201e-11
4.54982982982983	4.9927369865794046e-11
4.551081081081081	4.6983083108828894e-11
4.552332332332332	4.4212425055523115e-11
4.553583583583583	4.160515657863792e-11
4.554834834834835	3.9151642366569844e-11
4.556086086086086	3.684281531550838e-11
4.557337337337337	3.467014302142127e-11
4.558588588588588	3.2625596248061855e-11
4.55983983983984	3.070161925446027e-11
4.561091091091091	2.8891101872252652e-11
4.562342342342342	2.7187353229636326e-11
4.563593593593593	2.5584077024866043e-11
4.564844844844845	2.407534825790525e-11
4.566096096096096	2.2655591334251175e-11
4.567347347347347	2.1319559459997928e-11
4.568598598598598	2.0062315252006088e-11
4.56984984984985	1.887921249151658e-11
4.571101101101101	1.7765878953784802e-11
4.572352352352352	1.67182002502673e-11
4.573603603603603	1.573230462366089e-11
4.574854854854855	1.4804548639598695e-11
4.576106106106106	1.3931503722131073e-11
4.577357357357357	1.3109943483221826e-11
4.578608608608608	1.2336831799444569e-11
4.57985985985986	1.1609311591812291e-11
4.581111111111111	1.092469426727933e-11
4.582362362362362	1.028044978288788e-11
4.583613613613613	9.674197295847877e-12
4.584864864864865	9.103696364994186e-12
4.586116116116116	8.56683867110878e-12
4.587367367367367	8.061640225503225e-12
4.588618618618618	7.586234038073712e-12
4.58986986986987	7.138863217730712e-12
4.591121121121121	6.717874479707947e-12
4.592372372372372	6.321712035751437e-12
4.593623623623623	5.9489118446140095e-12
4.594874874874875	5.598096201605844e-12
4.596126126126126	5.267968647208374e-12
4.597377377377377	4.957309175931989e-12
4.598628628628628	4.6649697277151795e-12
4.59987987987988	4.389869945201897e-12
4.601131131131131	4.130993181219457e-12
4.602382382382382	3.887382741699202e-12
4.603633633633633	3.658138350158223e-12
4.604884884884885	3.44241282067534e-12
4.606136136136136	3.239408927067302e-12
4.607387387387387	3.048376456692609e-12
4.608638638638638	2.8686094379972914e-12
4.60988988988989	2.6994435315560397e-12
4.611141141141141	2.5402535749680367e-12
4.612392392392392	2.3904512725325943e-12
4.613643643643643	2.249483021168353e-12
4.614894894894895	2.116827864540952e-12
4.616146146146146	1.9919955678392354e-12
4.617397397397397	1.874524806083719e-12
4.618648648648648	1.7639814592734402e-12
4.6198998998999	1.6599570080702837e-12
4.621151151151151	1.5620670240925125e-12
4.622402402402402	1.4699497492371081e-12
4.623653653653653	1.3832647587817703e-12
4.624904904904905	1.3016917033255864e-12
4.626156156156156	1.224929124919588e-12
4.627407407407407	1.1526933430111921e-12
4.628658658658658	1.0847174060863107e-12
4.62990990990991	1.0207501051345263e-12
4.631161161161161	9.605550452918944e-13
4.632412412412412	9.039097722298414e-13
4.633663663663663	8.50604950062323e-13
4.634914914914915	8.004435877329007e-13
4.636166166166166	7.532403110230808e-13
4.637417417417417	7.088206774910007e-13
4.638668668668668	6.670205318092953e-13
4.63991991991992	6.276853991195499e-13
4.641171171171171	5.906699141616698e-13
4.642422422422422	5.558372840680229e-13
4.643673673673673	5.230587828374839e-13
4.644924924924925	4.922132756210221e-13
4.646176176176176	4.631867710609709e-13
4.647427427427427	4.3587200002927154e-13
4.648678678678678	4.1016801920820427e-13
4.64992992992993	3.859798380484954e-13
4.651181181181181	3.6321806772633576e-13
4.652432432432432	3.417985908017323e-13
4.653683683683683	3.2164225035764244e-13
4.654934934934935	3.026745574709901e-13
4.656186186186186	2.8482541593461035e-13
4.657437437437437	2.680288632125992e-13
4.658688688688688	2.5222282667194616e-13
4.65993993993994	2.3734889418951393e-13
4.661191191191191	2.2335209828671274e-13
4.662442442442442	2.1018071299395474e-13
4.663693693693693	1.9778606269434108e-13
4.664944944944945	1.8612234224009282e-13
4.666196196196196	1.751464476770201e-13
4.667447447447447	1.6481781695132767e-13
4.668698698698698	1.550982800101989e-13
4.66994994994995	1.459519177421486e-13
4.671201201201201	1.3734492923590214e-13
4.672452452452452	1.2924550686714253e-13
4.673703703703703	1.2162371875159483e-13
4.674954954954955	1.144513981300094e-13
4.676206206206206	1.0770203927629982e-13
4.677457457457457	1.0135069954407559e-13
4.678708708708708	9.537390718964919e-14
4.67995995995996	8.974957463084438e-14
4.681211211211211	8.445691682107892e-14
4.682462462462462	7.947637443700423e-14
4.683713713713713	7.478954159589442e-14
4.684964964964965	7.037909783563779e-14
4.686216216216216	6.622874410598315e-14
4.687467467467467	6.23231425344424e-14
4.688718718718718	5.864785974429546e-14
4.68996996996997	5.518931351520829e-14
4.691221221221221	5.1934722589364667e-14
4.692472472472472	4.8872059437577174e-14
4.693723723723723	4.599000581085731e-14
4.694974974974975	4.3277910913169074e-14
4.696226226226226	4.072575204080592e-14
4.697477477477477	3.8324097542900615e-14
4.698728728728728	3.606407196621378e-14
4.69997997997998	3.3937323255381047e-14
4.701231231231231	3.1935991887417025e-14
4.702482482482482	3.0052681826386525e-14
4.703733733733733	2.8280433190925898e-14
4.704984984984985	2.661269653359725e-14
4.706236236236236	2.5043308637032628e-14
4.707487487487487	2.356646973740231e-14
4.708738738738738	2.217672209105199e-14
4.70998998998999	2.086892980509419e-14
4.711241241241241	1.9638259857423744e-14
4.712492492492492	1.848016423600075e-14
4.713743743743743	1.739036313140898e-14
4.714994994994995	1.6364829120571638e-14
4.716246246246246	1.539977228318012e-14
4.717497497497497	1.4491626195820944e-14
4.718748748748748	1.3637034752051693e-14
4.72	1.2832839759714763e-14
