3.47	1.0
3.4712512512512514	1.0
3.4725025025025027	1.0
3.473753753753754	1.0
3.475005005005005	1.0
3.4762562562562564	1.0
3.4775075075075077	1.0
3.478758758758759	1.0
3.48001001001001	1.0
3.4812612612612615	1.0
3.4825125125125127	1.0
3.483763763763764	1.0
3.485015015015015	1.0
3.4862662662662665	1.0
3.4875175175175177	1.0
3.488768768768769	1.0
3.49002002002002	1.0
3.4912712712712715	1.0
3.4925225225225227	1.0
3.493773773773774	1.0
3.495025025025025	0.9999999999999998
3.4962762762762765	0.9999999999999998
3.4975275275275277	0.9999999999999998
3.498778778778779	0.9999999999999998
3.50003003003003	0.9999999999999998
3.5012812812812815	0.9999999999999998
3.5025325325325327	0.9999999999999998
3.503783783783784	0.9999999999999998
3.505035035035035	0.9999999999999998
3.5062862862862865	0.9999999999999998
3.5075375375375377	0.9999999999999998
3.508788788788789	0.9999999999999998
3.51004004004004	0.9999999999999998
3.5112912912912915	0.9999999999999998
3.5125425425425427	0.9999999999999996
3.513793793793794	0.9999999999999996
3.5150450450450452	0.9999999999999996
3.5162962962962965	0.9999999999999996
3.5175475475475477	0.9999999999999996
3.518798798798799	0.9999999999999996
3.5200500500500502	0.9999999999999993
3.5213013013013015	0.9999999999999993
3.5225525525525527	0.9999999999999993
3.523803803803804	0.9999999999999993
3.5250550550550552	0.9999999999999993
3.5263063063063065	0.9999999999999991
3.5275575575575577	0.9999999999999991
3.528808808808809	0.9999999999999991
3.5300600600600602	0.9999999999999989
3.5313113113113115	0.9999999999999989
3.5325625625625627	0.9999999999999987
3.533813813813814	0.9999999999999987
3.5350650650650652	0.9999999999999984
3.5363163163163165	0.9999999999999984
3.5375675675675677	0.9999999999999982
3.538818818818819	0.9999999999999982
3.5400700700700702	0.999999999999998
3.5413213213213215	0.9999999999999978
3.5425725725725727	0.9999999999999976
3.543823823823824	0.9999999999999973
3.5450750750750752	0.9999999999999973
3.5463263263263265	0.9999999999999971
3.5475775775775777	0.9999999999999967
3.548828828828829	0.9999999999999964
3.5500800800800802	0.9999999999999962
3.5513313313313315	0.9999999999999958
3.5525825825825827	0.9999999999999956
3.553833833833834	0.9999999999999951
3.5550850850850853	0.9999999999999947
3.5563363363363365	0.9999999999999944
3.5575875875875878	0.9999999999999938
3.558838838838839	0.9999999999999933
3.5600900900900903	0.9999999999999929
3.5613413413413415	0.9999999999999922
3.5625925925925928	0.9999999999999916
3.563843843843844	0.9999999999999909
3.5650950950950953	0.9999999999999902
3.5663463463463465	0.9999999999999893
3.5675975975975978	0.9999999999999885
3.568848848848849	0.9999999999999876
3.5701001001001003	0.9999999999999865
3.5713513513513515	0.9999999999999853
3.5726026026026028	0.999999999999984
3.573853853853854	0.9999999999999827
3.5751051051051053	0.9999999999999813
3.5763563563563565	0.9999999999999798
3.5776076076076078	0.9999999999999782
3.578858858858859	0.9999999999999762
3.5801101101101103	0.9999999999999745
3.5813613613613615	0.9999999999999722
3.5826126126126128	0.99999999999997
3.583863863863864	0.9999999999999674
3.5851151151151153	0.9999999999999647
3.5863663663663665	0.9999999999999618
3.5876176176176178	0.9999999999999587
3.588868868868869	0.9999999999999554
3.5901201201201203	0.9999999999999516
3.5913713713713715	0.9999999999999476
3.5926226226226228	0.9999999999999432
3.593873873873874	0.9999999999999385
3.5951251251251253	0.9999999999999334
3.5963763763763765	0.9999999999999278
3.5976276276276278	0.9999999999999218
3.598878878878879	0.9999999999999154
3.6001301301301303	0.9999999999999085
3.6013813813813815	0.999999999999901
3.602632632632633	0.9999999999998928
3.603883883883884	0.9999999999998839
3.6051351351351353	0.9999999999998743
3.6063863863863865	0.9999999999998639
3.607637637637638	0.9999999999998526
3.608888888888889	0.9999999999998403
3.6101401401401403	0.999999999999827
3.6113913913913915	0.9999999999998128
3.612642642642643	0.9999999999997973
3.613893893893894	0.9999999999997806
3.6151451451451453	0.9999999999997624
3.6163963963963965	0.9999999999997427
3.617647647647648	0.9999999999997213
3.618898898898899	0.9999999999996982
3.6201501501501503	0.9999999999996734
3.6214014014014015	0.9999999999996463
3.622652652652653	0.999999999999617
3.623903903903904	0.9999999999995854
3.6251551551551553	0.999999999999551
3.6264064064064065	0.9999999999995139
3.627657657657658	0.9999999999994735
3.628908908908909	0.99999999999943
3.6301601601601603	0.9999999999993829
3.6314114114114115	0.9999999999993319
3.632662662662663	0.9999999999992766
3.633913913913914	0.9999999999992166
3.6351651651651653	0.9999999999991518
3.6364164164164166	0.9999999999990816
3.637667667667668	0.9999999999990055
3.638918918918919	0.9999999999989231
3.6401701701701703	0.999999999998834
3.6414214214214216	0.9999999999987375
3.642672672672673	0.9999999999986331
3.643923923923924	0.9999999999985199
3.6451751751751753	0.9999999999983973
3.6464264264264266	0.9999999999982647
3.647677677677678	0.9999999999981211
3.648928928928929	0.9999999999979656
3.6501801801801803	0.9999999999977971
3.6514314314314316	0.9999999999976148
3.652682682682683	0.9999999999974174
3.653933933933934	0.9999999999972036
3.6551851851851853	0.9999999999969722
3.6564364364364366	0.9999999999967215
3.657687687687688	0.9999999999964502
3.658938938938939	0.9999999999961564
3.6601901901901903	0.9999999999958382
3.6614414414414416	0.9999999999954938
3.662692692692693	0.9999999999951208
3.663943943943944	0.9999999999947169
3.6651951951951953	0.9999999999942797
3.6664464464464466	0.9999999999938061
3.667697697697698	0.9999999999932934
3.668948948948949	0.9999999999927383
3.6702002002002003	0.9999999999921372
3.6714514514514516	0.9999999999914864
3.672702702702703	0.9999999999907818
3.673953953953954	0.9999999999900189
3.6752052052052053	0.9999999999891926
3.6764564564564566	0.999999999988298
3.677707707707708	0.9999999999873295
3.678958958958959	0.9999999999862808
3.6802102102102103	0.999999999985145
3.6814614614614616	0.9999999999839155
3.682712712712713	0.9999999999825842
3.683963963963964	0.9999999999811426
3.6852152152152153	0.9999999999795817
3.6864664664664666	0.9999999999778917
3.687717717717718	0.9999999999760616
3.688968968968969	0.9999999999740803
3.6902202202202203	0.9999999999719347
3.6914714714714716	0.9999999999696116
3.692722722722723	0.9999999999670963
3.693973973973974	0.9999999999643729
3.6952252252252253	0.999999999961424
3.6964764764764766	0.999999999958231
3.697727727727728	0.9999999999547735
3.698978978978979	0.9999999999510301
3.7002302302302303	0.9999999999469766
3.7014814814814816	0.9999999999425879
3.702732732732733	0.9999999999378357
3.703983983983984	0.9999999999326901
3.7052352352352353	0.9999999999271187
3.7064864864864866	0.9999999999210862
3.707737737737738	0.9999999999145543
3.708988988988989	0.9999999999074818
3.7102402402402404	0.9999999998998237
3.7114914914914916	0.9999999998915319
3.712742742742743	0.9999999998825537
3.713993993993994	0.9999999998728324
3.7152452452452454	0.9999999998623064
3.7164964964964966	0.999999999850909
3.717747747747748	0.9999999998385685
3.718998998998999	0.9999999998252063
3.7202502502502504	0.9999999998107383
3.7215015015015016	0.9999999997950726
3.722752752752753	0.9999999997781102
3.724004004004004	0.9999999997597437
3.7252552552552554	0.9999999997398572
3.7265065065065066	0.9999999997183244
3.727757757757758	0.9999999996950093
3.729009009009009	0.9999999996697646
3.7302602602602604	0.99999999964243
3.7315115115115116	0.999999999612833
3.732762762762763	0.9999999995807862
3.734014014014014	0.9999999995460869
3.7352652652652654	0.9999999995085151
3.7365165165165166	0.9999999994678337
3.737767767767768	0.9999999994237849
3.739019019019019	0.9999999993760902
3.7402702702702704	0.9999999993244475
3.7415215215215216	0.9999999992685302
3.742772772772773	0.9999999992079847
3.744024024024024	0.9999999991424273
3.7452752752752754	0.9999999990714439
3.7465265265265266	0.9999999989945849
3.747777777777778	0.9999999989113642
3.749029029029029	0.9999999988212549
3.7502802802802804	0.999999998723687
3.7515315315315316	0.9999999986180432
3.752782782782783	0.999999998503655
3.754034034034034	0.9999999983797987
3.7552852852852854	0.9999999982456904
3.7565365365365366	0.9999999981004817
3.757787787787788	0.9999999979432534
3.759039039039039	0.9999999977730112
3.7602902902902904	0.9999999975886775
3.7615415415415416	0.9999999973890861
3.762792792792793	0.9999999971729738
3.764044044044044	0.9999999969389737
3.7652952952952954	0.9999999966856044
3.7665465465465466	0.9999999964112634
3.767797797797798	0.9999999961142141
3.769049049049049	0.9999999957925776
3.7703003003003004	0.9999999954443182
3.7715515515515516	0.9999999950672325
3.772802802802803	0.9999999946589344
3.774054054054054	0.9999999942168405
3.7753053053053054	0.9999999937381532
3.7765565565565566	0.9999999932198438
3.777807807807808	0.9999999926586327
3.779059059059059	0.9999999920509687
3.7803103103103104	0.9999999913930065
3.7815615615615616	0.9999999906805831
3.782812812812813	0.9999999899091906
3.784064064064064	0.999999989073948
3.7853153153153154	0.9999999881695701
3.7865665665665666	0.9999999871903346
3.787817817817818	0.9999999861300453
3.789069069069069	0.9999999849819927
3.7903203203203204	0.9999999837389131
3.7915715715715717	0.9999999823929405
3.792822822822823	0.9999999809355583
3.794074074074074	0.9999999793575447
3.7953253253253254	0.9999999776489146
3.7965765765765767	0.999999975798857
3.797827827827828	0.9999999737956653
3.799079079079079	0.9999999716266642
3.8003303303303304	0.9999999692781291
3.8015815815815817	0.9999999667351998
3.802832832832833	0.9999999639817854
3.804084084084084	0.999999961000464
3.8053353353353354	0.9999999577723704
3.8065865865865867	0.9999999542770796
3.807837837837838	0.9999999504924741
3.809089089089089	0.9999999463946072
3.8103403403403404	0.9999999419575489
3.8115915915915917	0.999999937153224
3.812842842842843	0.9999999319512327
3.814094094094094	0.9999999263186589
3.8153453453453454	0.9999999202198623
3.8165965965965967	0.9999999136162524
3.817847847847848	0.9999999064660446
3.819099099099099	0.9999998987239958
3.8203503503503504	0.9999998903411171
3.8216016016016017	0.9999998812643661
3.822852852852853	0.9999998714363089
3.824104104104104	0.9999998607947579
3.8253553553553554	0.9999998492723782
3.8266066066066067	0.9999998367962613
3.827857857857858	0.999999823287464
3.829109109109109	0.9999998086605086
3.8303603603603604	0.9999997928228427
3.8316116116116117	0.9999997756742519
3.832862862862863	0.9999997571062283
3.834114114114114	0.9999997370012818
3.8353653653653654	0.9999997152321973
3.8366166166166167	0.9999996916612297
3.837867867867868	0.999999666139233
3.839119119119119	0.9999996385047153
3.8403703703703704	0.9999996085828182
3.8416216216216217	0.9999995761842095
3.842872872872873	0.9999995411038857
3.844124124124124	0.9999995031198747
3.8453753753753754	0.999999461991831
3.8466266266266267	0.9999994174595156
3.847877877877878	0.9999993692411488
3.849129129129129	0.9999993170316269
3.8503803803803804	0.9999992605005927
3.8516316316316317	0.9999991992903444
3.852882882882883	0.9999991330135722
3.854134134134134	0.9999990612509086
3.8553853853853854	0.9999989835482737
3.8566366366366367	0.9999988994140021
3.857887887887888	0.9999988083157331
3.859139139139139	0.9999987096770411
3.8603903903903904	0.999998602873789
3.8616416416416417	0.9999984872301787
3.862892892892893	0.9999983620144746
3.864144144144144	0.9999982264343751
3.8653953953953955	0.9999980796319979
3.8666466466466467	0.9999979206784534
3.867897897897898	0.9999977485679657
3.869149149149149	0.9999975622115105
3.8704004004004005	0.9999973604299228
3.8716516516516517	0.9999971419464381
3.872902902902903	0.9999969053786123
3.874154154154154	0.9999966492295758
3.8754054054054055	0.9999963718785628
3.8766566566566567	0.9999960715706552
3.877907907907908	0.9999957464056813
3.879159159159159	0.9999953943261919
3.8804104104104105	0.9999950131044428
3.8816616616616617	0.9999946003283017
3.882912912912913	0.9999941533859857
3.884164164164164	0.9999936694495375
3.8854154154154155	0.9999931454569333
3.8866666666666667	0.9999925780927122
3.887917917917918	0.9999919637669986
3.889169169169169	0.9999912985927922
3.8904204204204205	0.9999905783613774
3.8916716716716717	0.9999897985156972
3.892922922922923	0.9999889541215247
3.894174174174174	0.9999880398362492
3.8954254254254255	0.9999870498750788
3.8966766766766767	0.9999859779744465
3.897927927927928	0.9999848173523909
3.8991791791791792	0.9999835606656541
3.9004304304304305	0.9999821999632355
3.9016816816816817	0.9999807266360994
3.902932932932933	0.9999791313627236
3.9041841841841842	0.9999774040501432
3.9054354354354355	0.999975533770118
3.9066866866866867	0.9999735086900191
3.907937937937938	0.9999713159979997
3.9091891891891892	0.9999689418219782
3.9104404404404405	0.9999663711419183
3.9116916916916917	0.9999635876948596
3.912942942942943	0.9999605738720906
3.9141941941941942	0.9999573106078241
3.9154454454454455	0.9999537772586676
3.9166966966966967	0.9999499514731289
3.917947947947948	0.9999458090503386
3.9191991991991992	0.9999413237870947
3.9204504504504505	0.999936467312268
3.9217017017017017	0.9999312089075281
3.922952952952953	0.9999255153132548
3.9242042042042042	0.9999193505184238
3.9254554554554555	0.9999126755331361
3.9267067067067067	0.9999054481423704
3.927957957957958	0.9998976226394032
3.9292092092092092	0.9998891495372318
3.9304604604604605	0.9998799752561855
3.9317117117117117	0.999870041785767
3.932962962962963	0.9998592863186084
3.9342142142142142	0.9998476408542513
3.9354654654654655	0.999835031770272
3.9367167167167167	0.9998213793580769
3.937967967967968	0.9998065973204676
3.9392192192192192	0.9997905922278523
3.9404704704704705	0.9997732629297121
3.9417217217217217	0.9997544999176716
3.942972972972973	0.9997341846362173
3.9442242242242243	0.9997121887367988
3.9454754754754755	0.9996883732706962
3.9467267267267268	0.9996625878156777
3.947977977977978	0.9996346695310663
3.9492292292292293	0.999604442135409
3.9504804804804805	0.9995717148004898
3.9517317317317318	0.9995362809549162
3.952982982982983	0.9994979169899982
3.9542342342342343	0.9994563808600521
3.9554854854854855	0.9994114105686575
3.9567367367367368	0.9993627225317402
3.957987987987988	0.999310009807646
3.9592392392392393	0.9992529401836268
3.9604904904904905	0.9991911541073467
3.9617417417417418	0.9991242624511728
3.962992992992993	0.9990518440960887
3.9642442442442443	0.9989734433211015
3.9654954954954955	0.9988885669829871
3.9667467467467468	0.9987966814701107
3.967997997997998	0.9986972094129113
3.9692492492492493	0.998589526132414
3.9705005005005005	0.9984729558068418
3.9717517517517518	0.9983467673350568
3.973003003003003	0.9982101698741411
3.9742542542542543	0.9980623080269617
3.9755055055055055	0.9979022566540419
3.9767567567567568	0.9977290152824858
3.978008008008008	0.9975415020831014
3.9792592592592593	0.9973385473852324
3.9805105105105105	0.997118886697169
3.9817617617617618	0.9968811531983693
3.983013013013013	0.9966238696681375
3.9842642642642643	0.9963454398138513
3.9855155155155155	0.996044138960416
3.986766766766767	0.9957181040613188
3.988018018018018	0.9953653229905699
3.9892692692692693	0.9949836230739822
3.9905205205205205	0.9945706588177475
3.991771771771772	0.9941238987921936
3.993023023023023	0.9936406116290689
3.9942742742742743	0.9931178510918103
3.9955255255255255	0.9925524401801614
3.996776776776777	0.9919409542333819
3.998028028028028	0.9912797030003117
3.9992792792792793	0.9905647116499603
4.000530530530531	0.9897917007033293
4.001781781781782	0.9889560648761149
4.003033033033033	0.988052850833136
4.004284284284284	0.9870767338691379
4.005535535535536	0.9860219935474243
4.006786786786787	0.984882488348058
4.008038038038038	0.9836516294016145
4.009289289289289	0.9823223534132175
4.010540540540541	0.9808870949154109
4.011791791791792	0.9793377580279079
4.013043043043043	0.9776656879481066
4.014294294294294	0.9758616424490323
4.015545545545546	0.9739157637217222
4.016796796796797	0.9718175509675878
4.018048048048048	0.9695558342235024
4.019299299299299	0.9671187499885978
4.020550550550551	0.9644937193172629
4.021801801801802	0.9616674291475169
4.023053053053053	0.9586258177474416
4.024304304304304	0.9553540652838227
4.025555555555556	0.9518365906451326
4.026806806806807	0.9480570557834518
4.028058058058058	0.9439983789739016
4.029309309309309	0.9396427585216848
4.030560560560561	0.9349717085707858
4.031811811811812	0.9299661087783011
4.033063063063063	0.9246062697066106
4.034314314314314	0.9188720158422767
4.035565565565566	0.9127427881653234
4.036816816816817	0.9061977681521316
4.038068068068068	0.8992160249867398
4.039319319319319	0.8917766875631831
4.040570570570571	0.8838591425709604
4.041821821821822	0.8754432595521133
4.043073073073073	0.8665096432877085
4.044324324324324	0.8570399132041754
4.045575575575576	0.847017008678254
4.046826826826827	0.8364255181647605
4.048078078078078	0.825252028980349
4.049329329329329	0.8134854933686101
4.050580580580581	0.8011176051751917
4.051831831831832	0.7881431801212155
4.053083083083083	0.7745605313339096
4.054334334334334	0.7603718305472249
4.055585585585586	0.745583444301848
4.056836836836837	0.7302062336461191
4.058088088088088	0.7142558053581944
4.059339339339339	0.6977527026682067
4.060590590590591	0.6807225239339258
4.061841841841842	0.6631959587769536
4.063093093093093	0.645208732846778
4.064344344344344	0.6268014546440227
4.065595595595596	0.6080193606504626
4.066846846846847	0.588911958291583
4.068098098098098	0.5695325698567435
4.069349349349349	0.5499377842496895
4.070600600600601	0.5301868271313266
4.071851851851852	0.5103408634342053
4.073103103103103	0.49046224915776115
4.074354354354354	0.4706137516076358
4.075605605605606	0.4508577586665842
4.076856856856857	0.4312554981848153
4.078108108108108	0.4118662881159669
4.079359359359359	0.39274683663654136
4.080610610610611	0.37395060926308665
4.081861861861862	0.3555272770758086
4.083113113113113	0.33752225675548103
4.084364364364364	0.31997634945804815
4.085615615615616	0.30292548180173945
4.086866866866867	0.28640054863277176
4.088118118118118	0.27042735394162354
4.089369369369369	0.25502664346478354
4.090620620620621	0.24021422021917113
4.091871871871872	0.22600113253151038
4.093123123123123	0.21239392304728716
4.094374374374374	0.19939492670673345
4.095625625625626	0.18700260569731178
4.096876876876877	0.17521190985736868
4.098128128128128	0.16401465182159336
4.099379379379379	0.15339988727316486
4.100630630630631	0.14335429190942214
4.101881881881882	0.13386252805447463
4.103133133133133	0.12490759519433244
4.104384384384384	0.11647116000850011
4.105635635635636	0.10853386268489108
4.106886886886887	0.10107559740033677
4.108138138138138	0.09407576581005535
4.109389389389389	0.08751350320617583
4.110640640640641	0.08136787767914608
4.111891891891892	0.0756180631513287
4.113143143143143	0.07024348756109011
4.114394394394394	0.0652239577701805
4.115645645645646	0.0605397629631443
4.116896896896897	0.05617175841903876
4.118148148148148	0.052101431578666105
4.119399399399399	0.04831095231767803
4.120650650650651	0.044783209280741934
4.121901901901902	0.041501834044730665
4.123153153153153	0.03845121476984646
4.124404404404404	0.03561650087388655
4.125655655655656	0.0329836001336746
4.126906906906907	0.0305391694835927
4.128158158158158	0.028270600648716122
4.129409409409409	0.026166001621689233
4.130660660660661	0.024214174870832533
4.131911911911912	0.022404593053028884
4.133163163163163	0.02072737289998638
4.134414414414414	0.019173247850503228
4.135665665665666	0.017733539914815948
4.136916916916917	0.016400131179480117
4.138168168168168	0.015165435292450105
4.139419419419419	0.014022369207274139
4.140670670670671	0.012964325412303326
4.141921921921922	0.011985144824664283
4.143173173173173	0.011079090489056507
4.144424424424424	0.010240822187344577
4.145675675675676	0.009465372036018611
4.146926926926927	0.00874812112413977
4.148178178178178	0.008084777224000793
4.149429429429429	0.007471353589747312
4.150680680680681	0.0069041488453231385
4.151931931931932	0.006379727951782813
4.153183183183183	0.005894904235010894
4.154434434434434	0.005446722447765086
4.155685685685686	0.005032442834495133
4.156936936936937	0.004649526163322558
4.158188188188188	0.004295619686635851
4.159439439439439	0.003968543989829628
4.160690690690691	0.0036662806865539986
4.161941941941942	0.0033869609183747327
4.163193193193193	0.003128854616782733
4.164444444444444	0.002890360485986048
4.165695695695696	0.002669996665723004
4.166946946946947	0.0024663920344316095
4.168198198198198	0.002278278114383832
4.169449449449449	0.0021044815418330798
4.170700700700701	0.001943917066743788
4.171951951951952	0.0017955810482778978
4.173203203203203	0.0016585454138372472
4.174454454454454	0.0015319520511104339
4.175705705705706	0.001415007604197809
4.176956956956957	0.001306978646503512
4.178208208208208	0.001207187204649659
4.179459459459459	0.0011150066091985883
4.180710710710711	0.00102985764943556
4.181961961961962	0.0009512050108835125
4.183213213213213	0.0008785539755704685
4.184464464464464	0.000811447366363614
4.185715715715716	0.0007494627179051584
4.186966966966967	0.0006922096578497285
4.188218218218218	0.0006393274831977082
4.189469469469469	0.000590482917556933
4.190720720720721	0.0005453680361365686
4.191971971971972	0.0005036983461954094
4.193223223223223	0.0004652110115240642
4.194474474474474	0.0004296632103477284
4.195725725725726	0.0003968306167874912
4.196976976976977	0.0003665059967243789
4.198228228228228	0.0003384979095665437
4.199479479479479	0.0003126295080351239
4.200730730730731	0.0002887374286546427
4.201981981981982	0.0002666707661679562
4.203233233233233	0.0002462901255905418
4.204484484484484	0.0002274667460812687
4.205735735735736	0.00021008169123440835
4.206986986986987	0.00019402510079707152
4.208238238238238	0.00017919549918548353
4.209489489489489	0.00016549915651769428
4.210740740740741	0.00015284949819845974
4.211991991991992	0.00014116655938774313
4.213243243243243	0.00013037648095877595
4.214494494494494	0.00012041104380516277
4.215745745745746	0.00011120723859244264
4.216996996996997	0.0001027068682671493
4.218248248248248	9.485618083897352e-05
4.219499499499499	8.760553013825073e-05
4.220750750750751	8.090906242454946e-05
4.222002002002002	7.472442688209075e-05
4.223253253253253	6.901250818648142e-05
4.224504504504504	6.373717946419638e-05
4.225755755755756	5.8865074093517576e-05
4.227007007007007	5.436537491286854e-05
4.228258258258258	5.020961951143954e-05
4.229509509509509	4.637152037726063e-05
4.230760760760761	4.2826798771009175e-05
4.232012012012012	3.955303127958278e-05
4.233263263263263	3.652950808312656e-05
4.234514514514514	3.373710204247892e-05
4.235765765765766	3.115814778203736e-05
4.237017017017017	2.877633000566908e-05
4.238268268268268	2.6576580341450163e-05
4.239519519519519	2.454498206450339e-05
4.240770770770771	2.2668682096853253e-05
4.242022022022022	2.0935809728905256e-05
4.243273273273273	1.9335401549577986e-05
4.2445245245245244	1.7857332111122215e-05
4.245775775775776	1.6492249890861805e-05
4.247027027027027	1.5231518145398204e-05
4.248278278278278	1.4067160283741308e-05
4.2495295295295294	1.2991809414256446e-05
4.250780780780781	1.1998661746696171e-05
4.252032032032032	1.1081433554853381e-05
4.253283283283283	1.0234321427898792e-05
4.2545345345345345	9.451965559173228e-06
4.255785785785786	8.72941584041909e-06
4.257037037037037	8.06210054710984e-06
4.258288288288288	7.445797416941162e-06
4.2595395395395395	6.876606938626719e-06
4.260790790790791	6.350927682131781e-06
4.262042042042042	5.865433514346733e-06
4.263293293293293	5.417052556146193e-06
4.2645445445445445	5.0029477477572225e-06
4.265795795795796	4.620498899544857e-06
4.267047047047047	4.267286114691133e-06
4.268298298298298	3.9410744789357285e-06
4.2695495495495495	3.639799920543951e-06
4.270800800800801	3.3615561510654803e-06
4.272052052052052	3.1045826042883994e-06
4.273303303303303	2.8672532970938842e-06
4.2745545545545545	2.6480665417587676e-06
4.275805805805806	2.4456354446234473e-06
4.277057057057057	2.2586791310272464e-06
4.278308308308308	2.0860146409970173e-06
4.2795595595595595	1.926549444426166e-06
4.280810810810811	1.779274528389244e-06
4.282062062062062	1.6432580128645038e-06
4.283313313313313	1.5176392544722518e-06
4.2845645645645645	1.4016234009304371e-06
4.285815815815816	1.2944763617725404e-06
4.287067067067067	1.195520163512205e-06
4.288318318318318	1.1041286598660252e-06
4.2895695695695695	1.0197235698968976e-06
4.290820820820821	9.417708190094425e-07
4.292072072072072	8.697771596494257e-07
4.293323323323323	8.032870503250156e-07
4.2945745745745745	7.418797732055221e-07
4.295825825825826	6.851667720587431e-07
4.297077077077077	6.327891936853176e-07
4.298328328328328	5.844156172933444e-07
4.2995795795795795	5.397399574481571e-07
4.300830830830831	4.984795273275055e-07
4.302082082082082	4.6037325002901646e-07
4.303333333333333	4.25180006611624e-07
4.3045845845845845	3.9267711041966575e-07
4.305835835835836	3.6265889803527555e-07
4.307087087087087	3.3493542794436454e-07
4.308338338338338	3.0933127868161976e-07
4.3095895895895895	2.856844388507423e-07
4.310840840840841	2.638452819959626e-07
4.312092092092092	2.436756198390161e-07
4.313343343343343	2.2504782789059315e-07
4.3145945945945945	2.0784403790421378e-07
4.315845845845846	1.9195539206232155e-07
4.317097097097097	1.772813541759151e-07
4.318348348348348	1.6372907353905044e-07
4.3195995995995995	1.5121279741344244e-07
4.320850850850851	1.3965332842530417e-07
4.322102102102102	1.289775234414132e-07
4.323353353353353	1.1911783075332642e-07
4.3246046046046045	1.1001186264153307e-07
4.325855855855856	1.0160200061482027e-07
4.327107107107107	9.383503082694032e-08
4.328358358358358	8.666180736387041e-08
4.3296096096096095	8.003694127094799e-08
4.330860860860861	7.391851335235351e-08
4.332112112112112	6.826780892549883e-08
4.333363363363363	6.304907285215455e-08
4.3346146146146145	5.8229283296144806e-08
4.335865865865866	5.377794277616776e-08
4.337117117117117	4.966688519149484e-08
4.338368368368368	4.587009759962808e-08
4.3396196196196195	4.236355561811593e-08
4.340870870870871	3.9125071409108576e-08
4.342122122122122	3.613415328467553e-08
4.343373373373373	3.3371876044627495e-08
4.3446246246246245	3.0820761226332645e-08
4.345875875875876	2.846466650886224e-08
4.347127127127127	2.628868357159718e-08
4.348378378378378	2.427904376105995e-08
4.3496296296296295	2.2423030969025608e-08
4.350880880880881	2.0708901170686878e-08
4.352132132132132	1.9125808113697494e-08
4.353383383383383	1.7663734687937392e-08
4.3546346346346345	1.631342954170295e-08
4.355885885885886	1.5066348543289112e-08
4.357137137137137	1.3914600717522325e-08
4.358388388388388	1.2850898315191155e-08
4.3596396396396395	1.1868510699410256e-08
4.360890890890891	1.0961221757153862e-08
4.362142142142142	1.0123290566451623e-08
4.363393393393393	9.349415070392615e-09
4.3646446446446445	8.634698528063944e-09
4.365895895895896	7.974618530156811e-09
4.367147147147147	7.364998383165376e-09
4.368398398398398	6.801980681129484e-09
4.3696496496496495	6.282002897681183e-09
4.370900900900901	5.801774843964325e-09
4.372152152152152	5.3582578497769195e-09
4.373403403403403	4.948645536217695e-09
4.3746546546546545	4.570346058164645e-09
4.375905905905906	4.220965704232518e-09
4.377157157157157	3.89829375042686e-09
4.378408408408408	3.600288471665343e-09
4.3796596596596595	3.325064222646196e-09
4.380910910910911	3.0708795063234747e-09
4.382162162162162	2.8361259544845292e-09
4.383413413413413	2.6193181507098486e-09
4.3846646646646645	2.4190842313176875e-09
4.385915915915916	2.234157204818386e-09
4.387167167167167	2.0633669349549825e-09
4.388418418418418	1.9056327365986684e-09
4.3896696696696695	1.7599565376538177e-09
4.390920920920921	1.6254165636996376e-09
4.392172172172172	1.5011615054109599e-09
4.393423423423423	1.3864051318493825e-09
4.3946746746746745	1.2804213155434198e-09
4.395925925925926	1.182539437875275e-09
4.397177177177177	1.092140145703976e-09
4.398428428428428	1.0086514323726048e-09
4.3996796796796795	9.315450183044312e-10
4.400930930930931	8.603330082835537e-10
4.402182182182182	7.945648042705693e-10
4.403433433433433	7.338242542174313e-10
4.4046846846846845	6.777270188422501e-10
4.405935935935936	6.259181397003997e-10
4.407187187187187	5.780697931650448e-10
4.408438438438438	5.338792161041807e-10
4.4096896896896896	4.930667901300864e-10
4.410940940940941	4.5537427229789957e-10
4.412192192192192	4.2056316105888627e-10
4.413443443443443	3.8841318712809033e-10
4.4146946946946946	3.587209197181833e-10
4.415945945945946	3.3129847931945663e-10
4.417197197197197	3.059723488816737e-10
4.418448448448448	2.8258227587488957e-10
4.4196996996997	2.609802582826536e-10
4.420950950950951	2.41029608110735e-10
4.422202202202202	2.2260408648616114e-10
4.423453453453453	2.0558710487343947e-10
4.424704704704705	1.898709873541123e-10
4.425955955955956	1.7535628930118595e-10
4.427207207207207	1.6195116813766653e-10
4.428458458458458	1.4957080219733517e-10
4.42970970970971	1.381368540109348e-10
4.430960960960961	1.2757697462132427e-10
4.432212212212212	1.1782434579138707e-10
4.433463463463463	1.0881725720776545e-10
4.434714714714715	1.0049871600541847e-10
4.435965965965966	9.281608614198739e-11
4.437217217217217	8.572075534027985e-11
4.438468468468468	7.91678274912745e-11
4.43971971971972	7.311583857146963e-11
4.440970970970971	6.752649427693644e-11
4.442222222222222	6.236442771389427e-11
4.443473473473473	5.759697561270586e-11
4.444724724724725	5.3193971649161087e-11
4.445975975975976	4.9127555565378575e-11
4.447227227227227	4.537199688240749e-11
4.448478478478478	4.190353208917809e-11
4.44972972972973	3.870021427751941e-11
4.450980980980981	3.57417742718741e-11
4.452232232232232	3.300949237491392e-11
4.453483483483483	3.048607991760452e-11
4.454734734734735	2.815556986415815e-11
4.455985985985986	2.6003215779724452e-11
4.457237237237237	2.4015398521468236e-11
4.458488488488488	2.2179540062678952e-11
4.45973973973974	2.0484023904583546e-11
4.460990990990991	1.891812157230274e-11
4.462242242242242	1.7471924729803707e-11
4.463493493493493	1.613628248434774e-11
4.464744744744745	1.490274348369041e-11
4.465995995995996	1.3763502439678941e-11
4.467247247247247	1.2711350739838511e-11
4.468498498498498	1.1739630834472275e-11
4.46974974974975	1.0842194110632903e-11
4.471001001001001	1.0013361986431296e-11
4.472252252252252	9.247889979480173e-12
4.473503503503503	8.540934522137426e-12
4.474754754754755	7.888022313553414e-12
4.476006006006006	7.285022014610386e-12
4.477257257257257	6.7281181066344796e-12
4.478508508508508	6.213786748487178e-12
4.47975975975976	5.738773479257918e-12
4.481011011011011	5.3000726254811965e-12
4.482262262262262	4.894908282563301e-12
4.483513513513513	4.520716750090208e-12
4.484764764764765	4.175130309865816e-12
4.486016016016016	3.855962244043031e-12
4.487267267267267	3.5611929985396924e-12
4.488518518518518	3.288957404196781e-12
4.48976976976977	3.03753287481333e-12
4.491021021021021	2.8053285073861797e-12
4.492272272272272	2.5908750155789075e-12
4.493523523523523	2.3928154327300752e-12
4.494774774774775	2.2098965255687866e-12
4.496026026026026	2.0409608643106555e-12
4.497277277277277	1.884939498955042e-12
4.498528528528528	1.7408451954421394e-12
4.49977977977978	1.6077661888744948e-12
4.501031031031031	1.4848604142721194e-12
4.502282282282282	1.3713501783589952e-12
4.503533533533533	1.2665172386638094e-12
4.504784784784785	1.1696982588007303e-12
4.506036036036036	1.0802806111702305e-12
4.507287287287287	9.976985005235118e-13
4.508538538538538	9.21429383860288e-13
4.50978978978979	8.50990664008858e-13
4.511041041041041	7.859366359647117e-13
4.512292292292292	7.258556666670616e-13
4.513543543543543	6.703675903667992e-13
4.514794794794795	6.191213031065529e-13
4.516046046046046	5.717925410901796e-13
4.517297297297297	5.280818288853681e-13
4.518548548548548	4.877125844754884e-13
4.5197997997998	4.504293691714836e-13
4.521051051051051	4.159962713088558e-13
4.522302302302302	3.8419541350334817e-13
4.523553553553553	3.5482557401917183e-13
4.524804804804805	3.277009135272702e-13
4.526056056056056	3.0264979919626303e-13
4.527307307307307	2.795137186760578e-13
4.528558558558558	2.581462771017708e-13
4.52980980980981	2.384122707720687e-13
4.531061061061061	2.2018683163996318e-13
4.532312312312312	2.0335463720322443e-13
4.533563563563563	1.878091807945665e-13
4.534814814814815	1.7345209765478043e-13
4.536066066066066	1.601925425240561e-13
4.537317317317317	1.4794661481349443e-13
4.538568568568568	1.3663682771926962e-13
4.53981981981982	1.2619161792056404e-13
4.541071071071071	1.16544892758535e-13
4.542322322322322	1.0763561203130065e-13
4.543573573573573	9.940740175852593e-14
4.544824824824825	9.180819747192333e-14
4.546076076076076	8.478991477433192e-14
4.547327327327327	7.830814508299127e-14
4.548578578578578	7.232187463166104e-14
4.54982982982983	6.67932249537317e-14
4.551081081081081	6.168721320404586e-14
4.552332332332332	5.697153080297917e-14
4.553583583583583	5.261633900203363e-14
4.554834834834835	4.8594080077480386e-14
4.556086086086086	4.48793029573084e-14
4.557337337337337	4.144850217809298e-14
4.558588588588588	3.827996915285669e-14
4.55983983983984	3.5353654808737234e-14
4.561091091091091	3.265104272536088e-14
4.562342342342342	3.0155031971118016e-14
4.563593593593593	2.784982889605865e-14
4.564844844844845	2.5720847196664367e-14
4.566096096096096	2.3754615620199372e-14
4.567347347347347	2.1938692724577105e-14
4.568598598598598	2.0261588154437163e-14
4.56984984984985	1.8712689935261185e-14
4.571101101101101	1.728219732551227e-14
4.572352352352352	1.5961058801874208e-14
4.573603603603603	1.4740914785229676e-14
4.574854854854855	1.361404474494277e-14
4.576106106106106	1.2573318346770879e-14
4.577357357357357	1.1612150335260981e-14
4.578608608608608	1.0724458865176189e-14
4.57985985985986	9.904627018270352e-15
4.581111111111111	9.147467261924637e-15
4.582362362362362	8.448188624733838e-15
4.583613613613613	7.80236638136593e-15
4.584864864864865	7.205914054858158e-15
4.586116116116116	6.655057559206152e-15
4.587367367367367	6.146311318615741e-15
4.588618618618618	5.676456212326488e-15
4.58986986986987	5.242519205440006e-15
4.591121121121121	4.84175453687585e-15
4.592372372372372	4.47162634540894e-15
4.593623623623623	4.1297926238653434e-15
4.594874874874875	3.8140903999372354e-15
4.596126126126126	3.522522049854999e-15
4.597377377377377	3.2532426583069068e-15
4.598628628628628	3.00454834463394e-15
4.59987987987988	2.7748654814269615e-15
4.601131131131131	2.5627407373115303e-15
4.602382382382382	2.3668318809092927e-15
4.603633633633633	2.185899287793607e-15
4.604884884884885	2.0187980966947165e-15
4.606136136136136	1.864470965326219e-15
4.607387387387387	1.7219413799903951e-15
4.608638638638638	1.5903074766329798e-15
4.60988988988989	1.4687363342465922e-15
4.611141141141141	1.3564587045161975e-15
4.612392392392392	1.2527641443566604e-15
4.613643643643643	1.1569965205430592e-15
4.614894894894895	1.0685498579911754e-15
4.616146146146146	9.868645054152542e-16
4.617397397397397	9.114235941030352e-16
4.618648648648648	8.41749767399028e-16
4.6198998998999	7.774021602036976e-16
4.621151151151151	7.179736093741618e-16
4.622402402402402	6.630880773765159e-16
4.623653653653653	6.123982728865503e-16
4.624904904904905	5.655834532845604e-16
4.626156156156156	5.223473951379522e-16
4.627407407407407	4.824165198308203e-16
4.628658658658658	4.455381624794052e-16
4.62990990990991	4.114789731809739e-16
4.631161161161161	3.8002344047887375e-16
4.632412412412412	3.509725277016759e-16
4.633663663663663	3.241424135471047e-16
4.634914914914915	2.993633289425136e-16
4.636166166166166	2.7647848282130185e-16
4.637417417417417	2.5534307001862724e-16
4.638668668668668	2.3582335500833554e-16
4.63991991991992	2.17795825683973e-16
4.641171171171171	2.0114641182882078e-16
4.642422422422422	1.8576976333018627e-16
4.643673673673673	1.7156858357046125e-16
4.644924924924925	1.58453013777357e-16
4.646176176176176	1.4634006443734818e-16
4.647427427427427	1.351530901748612e-16
4.648678678678678	1.2482130477421924e-16
4.64992992992993	1.1527933327592176e-16
4.651181181181181	1.0646679831282358e-16
4.652432432432432	9.832793806895057e-17
4.653683683683683	9.081125344337794e-17
4.654934934934935	8.386918218680225e-17
4.656186186186186	7.745779794866995e-17
4.657437437437437	7.153653233072521e-17
4.658688688688688	6.606791818811931e-17
4.65993993993994	6.101735255396569e-17
4.661191191191191	5.635287768707451e-17
4.662442442442442	5.2044978857548736e-17
4.663693693693693	4.8066397590620685e-17
4.664944944944945	4.4391959187135355e-17
4.666196196196196	4.09984134291942e-17
4.667447447447447	3.786428746308278e-17
4.668698698698698	3.496974992857005e-17
4.66994994994995	3.229648547483912e-17
4.671201201201201	2.982757886908359e-17
4.672452452452452	2.7547407964390394e-17
4.673703703703703	2.5441544849728446e-17
4.674954954954955	2.349666455651208e-17
4.676206206206206	2.1700460744119288e-17
4.677457457457457	2.0041567830807285e-17
4.678708708708708	1.8509489077356168e-17
4.67995995995996	1.7094530168348022e-17
4.681211211211211	1.578773787084551e-17
4.682462462462462	1.4580843382290904e-17
4.683713713713713	1.3466210009193845e-17
4.684964964964965	1.2436784845514225e-17
4.686216216216216	1.1486054145005916e-17
4.687467467467467	1.0608002105109397e-17
4.688718718718718	9.797072801623454e-18
4.68996996996997	9.048135033275363e-18
4.691221221221221	8.356449853758694e-18
4.692472472472472	7.71764058577557e-18
4.693723723723723	7.127665127365412e-18
4.694974974974975	6.58279037527242e-18
4.696226226226226	6.0795686035265295e-18
4.697477477477477	5.614815647757266e-18
4.698728728728728	5.185590757214994e-18
4.69997997997998	4.7891779870014734e-18
4.701231231231231	4.423069012777064e-18
4.702482482482482	4.084947259192907e-18
4.703733733733733	3.7726732416303926e-18
4.704984984984985	3.4842710284892366e-18
4.706236236236236	3.2179157383700876e-18
4.707487487487487	2.9719219930315733e-18
4.708738738738738	2.7447332530648976e-18
4.70998998998999	2.534911968801236e-18
4.711241241241241	2.3411304841360445e-18
4.712492492492492	2.1621626357080136e-18
4.713743743743743	1.9968759942815838e-18
4.714994994994995	1.844224699235853e-18
4.716246246246246	1.703242840823174e-18
4.717497497497497	1.573038348319177e-18
4.718748748748748	1.4527873453951922e-18
4.72	1.3417289369934167e-18
