3.47	0.9999098632843746
3.4712512512512514	0.999907948435141
3.4725025025025027	0.9999059929109967
3.473753753753754	0.999903995848096
3.475005005005005	0.9999019563642543
3.4762562562562564	0.9998998735585591
3.4775075075075077	0.9998977465109719
3.478758758758759	0.9998955742819234
3.48001001001001	0.999893355911899
3.4812612612612615	0.9998910904210153
3.4825125125125127	0.9998887768085891
3.483763763763764	0.9998864140526952
3.485015015015015	0.9998840011097162
3.4862662662662665	0.9998815369138827
3.4875175175175177	0.9998790203768039
3.488768768768769	0.9998764503869866
3.49002002002002	0.9998738258093467
3.4912712712712715	0.9998711454847086
3.4925225225225227	0.9998684082292937
3.493773773773774	0.9998656128341996
3.495025025025025	0.9998627580648674
3.4962762762762765	0.9998598426605372
3.4975275275275277	0.9998568653336926
3.498778778778779	0.9998538247694949
3.50003003003003	0.9998507196252022
3.5012812812812815	0.999847548529579
3.5025325325325327	0.999844310082292
3.503783783783784	0.9998410028532934
3.505035035035035	0.9998376253821908
3.5062862862862865	0.9998341761776053
3.5075375375375377	0.9998306537165131
3.508788788788789	0.9998270564435767
3.51004004004004	0.9998233827704598
3.5112912912912915	0.9998196310751266
3.5125425425425427	0.9998157997011303
3.513793793793794	0.9998118869568823
3.5150450450450452	0.9998078911149085
3.5162962962962965	0.9998038104110895
3.5175475475475477	0.9997996430438834
3.518798798798799	0.9997953871735344
3.5200500500500502	0.9997910409212628
3.5213013013013015	0.9997866023684386
3.5225525525525527	0.9997820695557385
3.523803803803804	0.9997774404822828
3.5250550550550552	0.9997727131047575
3.5263063063063065	0.999767885336514
3.5275575575575577	0.9997629550466532
3.528808808808809	0.9997579200590885
3.5300600600600602	0.9997527781515892
3.5313113113113115	0.9997475270548037
3.5325625625625627	0.999742164451263
3.533813813813814	0.9997366879743619
3.5350650650650652	0.9997310952073203
3.5363163163163165	0.9997253836821207
3.5375675675675677	0.9997195508784246
3.538818818818819	0.9997135942224656
3.5400700700700702	0.9997075110859208
3.5413213213213215	0.9997012987847547
3.5425725725725727	0.9996949545780428
3.543823823823824	0.9996884756667684
3.5450750750750752	0.9996818591925942
3.5463263263263265	0.9996751022366082
3.5475775775775777	0.9996682018180433
3.548828828828829	0.9996611548929705
3.5500800800800802	0.9996539583529634
3.5513313313313315	0.9996466090237363
3.5525825825825827	0.9996391036637514
3.553833833833834	0.9996314389627992
3.5550850850850853	0.9996236115405478
3.5563363363363365	0.999615617945061
3.5575875875875878	0.999607454651288
3.558838838838839	0.9995991180595171
3.5600900900900903	0.9995906044938019
3.5613413413413415	0.9995819102003506
3.5625925925925928	0.9995730313458835
3.563843843843844	0.9995639640159553
3.5650950950950953	0.9995547042132424
3.5663463463463465	0.9995452478557952
3.5675975975975978	0.9995355907752521
3.568848848848849	0.9995257287150172
3.5701001001001003	0.9995156573284
3.5713513513513515	0.9995053721767159
3.5726026026026028	0.9994948687273458
3.573853853853854	0.9994841423517581
3.5751051051051053	0.9994731883234859
3.5763563563563565	0.9994620018160643
3.5776076076076078	0.9994505779009237
3.578858858858859	0.999438911545239
3.5801101101101103	0.9994269976097346
3.5813613613613615	0.9994148308464428
3.5826126126126128	0.9994024058964157
3.583863863863864	0.9993897172873903
3.5851151151151153	0.9993767594314032
3.5863663663663665	0.9993635266223567
3.5876176176176178	0.9993500130335349
3.588868868868869	0.9993362127150666
3.5901201201201203	0.9993221195913353
3.5913713713713715	0.9993077274583386
3.5926226226226228	0.9992930299809873
3.593873873873874	0.999278020690354
3.5951251251251253	0.9992626929808596
3.5963763763763765	0.9992470401074055
3.5976276276276278	0.9992310551824438
3.598878878878879	0.9992147311729875
3.6001301301301303	0.9991980608975589
3.6013813813813815	0.9991810370230744
3.602632632632633	0.9991636520616655
3.603883883883884	0.9991458983674334
3.6051351351351353	0.9991277681331368
3.6063863863863865	0.9991092533868106
3.607637637637638	0.9990903459883161
3.608888888888889	0.9990710376258191
3.6101401401401403	0.9990513198121953
3.6113913913913915	0.999031183881362
3.612642642642643	0.9990106209845336
3.613893893893894	0.9989896220864015
3.6151451451451453	0.9989681779612335
3.6163963963963965	0.9989462791888947
3.617647647647648	0.9989239161507848
3.618898898898899	0.9989010790256947
3.6201501501501503	0.9988777577855752
3.6214014014014015	0.9988539421912218
3.622652652652653	0.9988296217878675
3.623903903903904	0.9988047859006907
3.6251551551551553	0.9987794236302251
3.6264064064064065	0.9987535238476813
3.627657657657658	0.9987270751901697
3.628908908908909	0.9987000660558262
3.6301601601601603	0.9986724845988407
3.6314114114114115	0.9986443187243828
3.632662662662663	0.9986155560834228
3.633913913913914	0.9985861840674523
3.6351651651651653	0.9985561898030915
3.6364164164164166	0.9985255601465929
3.637667667667668	0.9984942816782297
3.638918918918919	0.9984623406965724
3.6401701701701703	0.9984297232126497
3.6414214214214216	0.9983964149439912
3.642672672672673	0.9983624013085505
3.643923923923924	0.9983276674185046
3.6451751751751753	0.9982921980739312
3.6464264264264266	0.9982559777563558
3.647677677677678	0.9982189906221712
3.648928928928929	0.9981812204959263
3.6501801801801803	0.9981426508634769
3.6514314314314316	0.998103264865004
3.652682682682683	0.9980630452878895
3.653933933933934	0.9980219745594515
3.6551851851851853	0.9979800347395348
3.6564364364364366	0.997937207512954
3.657687687687688	0.997893474181787
3.658938938938939	0.9978488156575148
3.6601901901901903	0.9978032124530081
3.6614414414414416	0.9977566446743534
3.662692692692693	0.9977090920125189
3.663943943943944	0.997660533734857
3.6651951951951953	0.997610948676439
3.6664464464464466	0.9975603152312205
3.667697697697698	0.9975086113430329
3.668948948948949	0.9974558144964013
3.6702002002002003	0.9974019017071805
3.6714514514514516	0.9973468495130106
3.672702702702703	0.9972906339635869
3.673953953953954	0.9972332306107419
3.6752052052052053	0.9971746144983339
3.6764564564564566	0.9971147601519423
3.677707707707708	0.9970536415683636
3.678958958958959	0.9969912322049062
3.6802102102102103	0.9969275049684795
3.6814614614614616	0.9968624322044756
3.682712712712713	0.9967959856854378
3.683963963963964	0.9967281365995148
3.6852152152152153	0.9966588555386948
3.6864664664664666	0.9965881124868182
3.687717717717718	0.9965158768073639
3.688968968968969	0.9964421172310053
3.6902202202202203	0.9963668018429341
3.6914714714714716	0.9962898980699462
3.692722722722723	0.9962113726672872
3.693973973973974	0.9961311917052542
3.6952252252252253	0.9960493205555485
3.6964764764764766	0.9959657238773773
3.697727727727728	0.9958803656032988
3.698978978978979	0.9957932089248099
3.7002302302302303	0.9957042162776684
3.7014814814814816	0.9956133493269494
3.702732732732733	0.9955205689518318
3.703983983983984	0.9954258352301084
3.7052352352352353	0.9953291074224181
3.7064864864864866	0.995230343956198
3.707737737737738	0.9951295024093461
3.708988988988989	0.995026539493597
3.7102402402402404	0.9949214110376025
3.7114914914914916	0.9948140719697147
3.712742742742743	0.9947044763004697
3.713993993993994	0.9945925771047638
3.7152452452452454	0.9944783265037239
3.7164964964964966	0.9943616756462633
3.717747747747748	0.9942425746903232
3.718998998998999	0.9941209727837945
3.7202502502502504	0.9939968180451147
3.7215015015015016	0.9938700575435422
3.722752752752753	0.9937406372790966
3.724004004004004	0.993608502162168
3.7252552552552554	0.9934735959927902
3.7265065065065066	0.9933358614395715
3.727757757757758	0.9931952400182857
3.729009009009009	0.9930516720701152
3.7302602602602604	0.9929050967395466
3.7315115115115116	0.9927554519519131
3.732762762762763	0.9926026743905839
3.734014014014014	0.9924466994737973
3.7352652652652654	0.9922874613311322
3.7365165165165166	0.9921248927796206
3.737767767767768	0.9919589252994953
3.739019019019019	0.9917894890095729
3.7402702702702704	0.9916165126422674
3.7415215215215216	0.9914399235182381
3.742772772772773	0.9912596475206656
3.744024024024024	0.991075609069157
3.7452752752752754	0.9908877310932781
3.7465265265265266	0.9906959350057146
3.747777777777778	0.9905001406750594
3.749029029029029	0.9903002663982267
3.7502802802802804	0.9900962288724928
3.7515315315315316	0.9898879431671659
3.752782782782783	0.9896753226948836
3.754034034034034	0.9894582791825391
3.7552852852852854	0.9892367226418415
3.7565365365365366	0.9890105613395063
3.757787787787788	0.9887797017670839
3.759039039039039	0.9885440486104259
3.7602902902902904	0.9883035047187934
3.7615415415415416	0.9880579710736092
3.762792792792793	0.9878073467568638
3.764044044044044	0.987551528919171
3.7652952952952954	0.9872904127474875
3.7665465465465466	0.9870238914324959
3.767797797797798	0.9867518561356612
3.769049049049049	0.986474195955966
3.7703003003003004	0.9861907978963332
3.7715515515515516	0.9859015468297445
3.772802802802803	0.9856063254650631
3.774054054054054	0.9853050143125717
3.7753053053053054	0.9849974916492363
3.7765565565565566	0.9846836334837061
3.777807807807808	0.9843633135210638
3.779059059059059	0.9840364031273366
3.7803103103103104	0.9837027712937872
3.7815615615615616	0.9833622846009946
3.782812812812813	0.9830148071827428
3.784064064064064	0.9826602006897358
3.7853153153153154	0.9822983242531572
3.7865665665665666	0.9819290344480899
3.787817817817818	0.9815521852568222
3.789069069069069	0.9811676280320587
3.7903203203203204	0.9807752114600581
3.7915715715715717	0.9803747815237259
3.792822822822823	0.9799661814656833
3.794074074074074	0.9795492517513446
3.7953253253253254	0.9791238300320253
3.7965765765765767	0.9786897511081177
3.797827827827828	0.9782468468923596
3.799079079079079	0.9777949463732336
3.8003303303303304	0.9773338755785286
3.8015815815815817	0.9768634575391038
3.802832832832833	0.9763835122528903
3.804084084084084	0.9758938566491704
3.8053353353353354	0.975394304553181
3.8065865865865867	0.974884666651078
3.807837837837838	0.9743647504553139
3.809089089089089	0.9738343602704751
3.8103403403403404	0.9732932971596251
3.8115915915915917	0.972741358911213
3.812842842842843	0.9721783400065933
3.814094094094094	0.9716040315882232
3.8153453453453454	0.9710182214285868
3.8165965965965967	0.9704206938999187
3.817847847847848	0.9698112299447774
3.819099099099099	0.9691896070475493
3.8203503503503504	0.9685555992069442
3.8216016016016017	0.9679089769095512
3.822852852852853	0.9672495071045422
3.824104104104104	0.9665769531795829
3.8253553553553554	0.965891074938047
3.8266066066066067	0.9651916285776087
3.827857857857858	0.9644783666702954
3.829109109109109	0.9637510381441018
3.8303603603603604	0.9630093882662426
3.8316116116116117	0.9622531586281516
3.832862862862863	0.961482087132313
3.834114114114114	0.9606959079810345
3.8353653653653654	0.9598943516672663
3.8366166166166167	0.9590771449675621
3.837867867867868	0.9582440109373103
3.839119119119119	0.9573946689083312
3.8403703703703704	0.9565288344889687
3.8416216216216217	0.9556462195667954
3.842872872872873	0.954746532314044
3.844124124124124	0.9538294771959099
3.8453753753753754	0.9528947549818325
3.8466266266266267	0.9519420627599107
3.847877877877878	0.9509710939545679
3.849129129129129	0.9499815383476216
3.8503803803803804	0.9489730821028928
3.8516316316316317	0.947945407794495
3.852882882882883	0.9468981944389672
3.854134134134134	0.9458311175313803
3.8553853853853854	0.9447438490855903
3.8566366366366367	0.9436360576787859
3.857887887887888	0.942507408500482
3.859139139139139	0.9413575634061412
3.8603903903903904	0.940186180975562
3.8616416416416417	0.9389929165762216
3.862892892892893	0.9377774224317255
3.864144144144144	0.9365393476955393
3.8653953953953955	0.9352783385301813
3.8666466466466467	0.9339940381920279
3.867897897897898	0.9326860871219311
3.869149149149149	0.9313541230417992
3.8704004004004005	0.9299977810573293
3.8716516516516517	0.9286166937670681
3.872902902902903	0.9272104913779573
3.874154154154154	0.9257788018275673
3.8754054054054055	0.9243212509131608
3.8766566566566567	0.9228374624277846
3.877907907907908	0.9213270583035507
3.879159159159159	0.9197896587622623
3.8804104104104105	0.9182248824735787
3.8816616616616617	0.9166323467208513
3.882912912912913	0.9150116675748171
3.884164164164164	0.9133624600752809
3.8854154154154155	0.9116843384209551
3.8866666666666667	0.9099769161675972
3.887917917917918	0.9082398064345696
3.889169169169169	0.9064726221199849
3.8904204204204205	0.9046749761245255
3.8916716716716717	0.9028464815840859
3.892922922922923	0.9009867521113331
3.894174174174174	0.8990954020462744
3.8954254254254255	0.89717204671595
3.8966766766766767	0.8952163027032906
3.897927927927928	0.8932277881252502
3.8991791791791792	0.8912061229202208
3.9004304304304305	0.8891509291448113
3.9016816816816817	0.8870618312799944
3.902932932932933	0.8849384565466241
3.9041841841841842	0.8827804352303527
3.9054354354354355	0.8805874010158784
3.9066866866866867	0.8783589913305252
3.907937937937938	0.8760948476970745
3.9091891891891892	0.8737946160957604
3.9104404404404405	0.8714579473353633
3.9116916916916917	0.8690844974332342
3.912942942942943	0.8666739280041461
3.9141941941941942	0.8642259066577873
3.9154454454454455	0.8617401074046924
3.9166966966966967	0.859216211070428
3.917947947947948	0.8566539057177455
3.9191991991991992	0.8540528870764795
3.9204504504504505	0.8514128589808448
3.9217017017017017	0.8487335338138452
3.922952952952953	0.8460146329584246
3.9242042042042042	0.843255887254955
3.9254554554554555	0.8404570374646925
3.9267067067067067	0.8376178347386973
3.927957957957958	0.8347380410917905
3.9292092092092092	0.8318174298810136
3.9304604604604605	0.8288557862880347
3.9317117117117117	0.8258529078049721
3.932962962962963	0.8228086047229703
3.9342142142142142	0.8197227006229502
3.9354654654654655	0.8165950328678022
3.9367167167167167	0.8134254530953672
3.937967967967968	0.8102138277114497
3.9392192192192192	0.8069600383820744
3.9404704704704705	0.8036639825242421
3.9417217217217217	0.8003255737942891
3.942972972972973	0.7969447425730479
3.9442242242242243	0.793521436446901
3.9454754754754755	0.7900556206837883
3.9467267267267268	0.7865472787032884
3.947977977977978	0.7829964125397344
3.9492292292292293	0.7794030432974388
3.9504804804804805	0.7757672115969898
3.9517317317317318	0.7720889780115698
3.952982982982983	0.7683684234923055
3.9542342342342343	0.7646056497815117
3.9554854854854855	0.7608007798128368
3.9567367367367368	0.7569539580971409
3.957987987987988	0.7530653510930791
3.9592392392392393	0.7491351475612665
3.9604904904904905	0.7451635589008958
3.9617417417417418	0.7411508194677767
3.962992992992993	0.7370971868726208
3.9642442442442443	0.7330029422585503
3.9654954954954955	0.7288683905567331
3.9667467467467468	0.724693860719049
3.967997997997998	0.7204797059268175
3.9692492492492493	0.7162263037744806
3.9705005005005005	0.7119340564273346
3.9717517517517518	0.7076033907522603
3.973003003003003	0.7032347584205915
3.9742542542542543	0.6988286359822024
3.9755055055055055	0.6943855249099324
3.9767567567567568	0.689905951613618
3.978008008008008	0.6853904674228863
3.9792592592592593	0.6808396485380844
3.9805105105105105	0.676254095948669
3.9817617617617618	0.671634435318441
3.983013013013013	0.6669813168371846
3.9842642642642643	0.6622954150381642
3.9855155155155155	0.6575774285811763
3.986766766766767	0.652828080000822
3.988018018018018	0.6480481154197342
3.9892692692692693	0.6432383042266913
3.9905205205205205	0.6383994387194536
3.991771771771772	0.6335323337124362
3.993023023023023	0.6286378261092258
3.9942742742742743	0.6237167744402113
3.9955255255255255	0.6187700583655761
3.996776776776777	0.6137985781439885
3.998028028028028	0.6088032540675338
3.9992792792792793	0.6037850258633414
4.000530530530531	0.5987448520626298
4.001781781781782	0.5936837093378744
4.003033033033033	0.588602591808886
4.004284284284284	0.5835025103187756
4.005535535535536	0.5783844916807701
4.006786786786787	0.5732495778969523
4.008038038038038	0.5680988253501068
4.009289289289289	0.5629333039699312
4.010540540540541	0.5577540963749277
4.011791791791792	0.5525622969913551
4.013043043043043	0.5473590111507314
4.014294294294294	0.542145354167413
4.015545545545546	0.5369224503978887
4.016796796796797	0.531691432283356
4.018048048048048	0.5264534393773564
4.019299299299299	0.5212096173602155
4.020550550550551	0.5159611170420737
4.021801801801802	0.5107090933563264
4.023053053053053	0.5054547043453517
4.024304304304304	0.5001991101404268
4.025555555555556	0.49494347193772636
4.026806806806807	0.4896889509723075
4.028058058058058	0.48443670749202605
4.029309309309309	0.47918789973330145
4.030560560560561	0.4739436829006913
4.031811811811812	0.468705208152096
4.033063063063063	0.46347362159155353
4.034314314314314	0.45825006327147955
4.035565565565566	0.4530356662061799
4.036816816816817	0.44783155539841946
4.038068068068068	0.4426388468808189
4.039319319319319	0.43745864677380625
4.040570570570571	0.4322920503617653
4.041821821821822	0.42714014118897037
4.043073073073073	0.422003990176865
4.044324324324324	0.41688465476415176
4.045575575575576	0.4117831780711348
4.046826826826827	0.4067005880895639
4.048078078078078	0.40163789689929835
4.049329329329329	0.3965960999129572
4.050580580580581	0.3915761751496365
4.051831831831832	0.3865790825386844
4.053083083083083	0.3816057632544685
4.054334334334334	0.376657139082976
4.055585585585586	0.37173411182097565
4.056836836836837	0.36683756270837986
4.058088088088088	0.3619683518943595
4.059339339339339	0.3571273179377425
4.060590590590591	0.35231527734199225
4.061841841841842	0.3475330241250903
4.063093093093093	0.34278132942451306
4.064344344344344	0.33806094113742946
4.065595595595596	0.3333725835961282
4.066846846846847	0.3287169572786018
4.068098098098098	0.32409473855415594
4.069349349349349	0.31950657946383393
4.070600600600601	0.3149531075353418
4.071851851851852	0.3104349256320905
4.073103103103103	0.30595261183590267
4.074354354354354	0.3015067193629273
4.075605605605606	0.29709777651211
4.076856856856857	0.292726286645612
4.078108108108108	0.28839272820047474
4.079359359359359	0.2840975547307928
4.080610610610611	0.2798411949795817
4.081861861861862	0.2756240529794827
4.083113113113113	0.27144650818142585
4.084364364364364	0.26730891561033593
4.085615615615616	0.26321160604690763
4.086866866866867	0.2591548862344495
4.088118118118118	0.2551390391097731
4.089369369369369	0.2511643240571394
4.090620620620621	0.24723097718413473
4.091871871871872	0.2433392116184336
4.093123123123123	0.23948921782435548
4.094374374374374	0.2356811639381347
4.095625625625626	0.23191519612079323
4.096876876876877	0.22819143892750557
4.098128128128128	0.22450999569236813
4.099379379379379	0.22087094892748818
4.100630630630631	0.21727436073529596
4.101881881881882	0.2137202732329956
4.103133133133133	0.21020870898808863
4.104384384384384	0.20673967146396494
4.105635635635636	0.2033131454744743
4.106886886886887	0.19992909764649236
4.108138138138138	0.19658747688948688
4.109389389389389	0.19328821487112804
4.110640640640641	0.19003122649799112
4.111891891891892	0.1868164104004265
4.113143143143143	0.18364364942071684
4.114394394394394	0.1805128111036698
4.115645645645646	0.1774237481888082
4.116896896896897	0.17437629910333594
4.118148148148148	0.17137028845514968
4.119399399399399	0.16840552752512503
4.120650650650651	0.16548181475799284
4.121901901901902	0.16259893625111152
4.123153153153153	0.1597566662405041
4.124404404404404	0.15695476758355856
4.125655655655656	0.1541929922378064
4.126906906906907	0.15147108173522786
4.128158158158158	0.1487887676515797
4.129409409409409	0.14614577207027202
4.130660660660661	0.1435418080403394
4.131911911911912	0.14097658002807079
4.133163163163163	0.13844978436194488
4.134414414414414	0.13596110967048405
4.135665665665666	0.1335102373127182
4.136916916916917	0.1310968418009411
4.138168168168168	0.128720591215496
4.139419419419419	0.12638114761135114
4.140670670670671	0.12407816741623957
4.141921921921922	0.12181130182016338
4.143173173173173	0.11958019715609931
4.144424424424424	0.11738449527176749
4.145675675675676	0.11522383389232473
4.146926926926927	0.11309784697389756
4.148178178178178	0.1110061650478507
4.149429429429429	0.1089484155557584
4.150680680680681	0.10692422317502123
4.151931931931932	0.10493321013510132
4.153183183183183	0.10297499652437497
4.154434434434434	0.10104920058761711
4.155685685685686	0.09915543901413718
4.156936936936937	0.09729332721660035
4.158188188188188	0.09546247960059366
4.159439439439439	0.0936625098250001
4.160690690690691	0.09189303105327105
4.161941941941942	0.09015365619565596
4.163193193193193	0.0884439981425118
4.164444444444444	0.0867636699887973
4.165695695695696	0.08511228524986506
4.166946946946947	0.08348945806867192
4.168198198198198	0.08189480341454461
4.169449449449449	0.08032793727364347
4.170700700700701	0.07878847683126439
4.171951951951952	0.07727604064612482
4.173203203203203	0.07579024881679422
4.174454454454454	0.0743307231404258
4.175705705705706	0.0728970872639628
4.176956956956957	0.0714889668279611
4.178208208208208	0.07010598960321593
4.179459459459459	0.06874778562036045
4.180710710710711	0.0674139872926056
4.181961961961962	0.06610422953179089
4.183213213213213	0.06481814985792446
4.184464464464464	0.06355538850239052
4.185715715715716	0.06231558850499546
4.186966966966967	0.06109839580502386
4.188218218218218	0.05990345932648362
4.189469469469469	0.05873043105771129
4.190720720720721	0.05757896612551939
4.191971971971972	0.056448722864037224
4.193223223223223	0.05533936287843036
4.194474474474474	0.05425055110366502
4.195725725725726	0.05318195585848061
4.196976976976977	0.052133248894731546
4.198228228228228	0.05110410544226324
4.199479479479479	0.05009420424948389
4.200730730730731	0.04910322761978596
4.201981981981982	0.04813086144396852
4.203233233233233	0.04717679522881537
4.204484484484484	0.046240722121975865
4.205735735735736	0.045322338933300704
4.206986986986987	0.044421346152759944
4.208238238238238	0.04353744796509475
4.209489489489489	0.042670352261337766
4.210740740740741	0.04181977064733313
4.211991991991992	0.0409854184493838
4.213243243243243	0.040167014717155475
4.214494494494494	0.03936428222396269
4.215745745745746	0.03857694746455494
4.216996996996997	0.03780474065051832
4.218248248248248	0.037047395703405775
4.219499499499499	0.03630465024571619
4.220750750750751	0.03557624558981738
4.222002002002002	0.03486192672492283
4.223253253253253	0.034161442302222594
4.224504504504504	0.03347454461826858
4.225755755755756	0.032800989596707124
4.227007007007007	0.03214053676844907
4.228258258258258	0.031492949250368135
4.229509509509509	0.03085799372261536
4.230760760760761	0.030235440404630682
4.232012012012012	0.029625063029930725
4.233263263263263	0.029026638819749533
4.234514514514514	0.028439948455614653
4.235765765765766	0.02786477605092058
4.237017017017017	0.027300909121573482
4.238268268268268	0.026748138555773272
4.239519519519519	0.02620625858299908
4.240770770770771	0.02567506674225815
4.242022022022022	0.02515436384965631
4.243273273273273	0.024643953965348343
4.2445245245245244	0.024143644359924506
4.245775775775776	0.023653245480284014
4.247027027027027	0.023172570915044877
4.248278278278278	0.022701437359537793
4.2495295295295294	0.02223966458043628
4.250780780780781	0.02178707538005928
4.252032032032032	0.021343495560392146
4.253283283283283	0.02090875388686571
4.2545345345345345	0.02048268205193329
4.255785785785786	0.020065114638481114
4.257037037037037	0.01965588908310606
4.258288288288288	0.019254845639295252
4.2595395395395395	0.01886182734054025
4.260790790790791	0.018476679963415146
4.262042042042042	0.018099251990644553
4.263293293293293	0.017729394574193834
4.2645445445445445	0.017366961498403048
4.265795795795796	0.017011809143191916
4.267047047047047	0.016663796447356445
4.268298298298298	0.0163227848719804
4.2695495495495495	0.01598863836398315
4.270800800800801	0.015661223319822386
4.272052052052052	0.015340408549369258
4.273303303303303	0.015026065239974087
4.2745545545545545	0.014718066920739807
4.275805805805806	0.014416289427017536
4.277057057057057	0.014120610865136657
4.278308308308308	0.01383091157738655
4.2795595595595595	0.013547074107259239
4.280810810810811	0.013268983164966644
4.282062062062062	0.01299652559324135
4.283313313313313	0.01272959033343183
4.2845645645645645	0.012468068391902122
4.285815815815816	0.012211852806743662
4.287067067067067	0.01196083861480641
4.288318318318318	0.011714922819057252
4.2895695695695695	0.011474004356272948
4.290820820820821	0.011237984065071937
4.292072072072072	0.011006764654292095
4.293323323323323	0.010780250671716785
4.2945745745745745	0.010558348473156447
4.295825825825826	0.010340966191887905
4.297077077077077	0.010128013708454295
4.298328328328328	0.009919402620829076
4.2995795795795795	0.009715046214947147
4.300830830830831	0.009514859435604407
4.302082082082082	0.009318758857726914
4.303333333333333	0.009126662658011432
4.3045845845845845	0.008938490586938954
4.305835835835836	0.008754163941160374
4.307087087087087	0.00857360553625605
4.308338338338338	0.008396739679867156
4.3095895895895895	0.008223492145200895
4.310840840840841	0.00805379014490769
4.312092092092092	0.007887562305329157
4.313343343343343	0.0077247386411163285
4.3145945945945945	0.007565250530217183
4.315845845845846	0.007409030689231515
4.317097097097097	0.00725601314913101
4.318348348348348	0.007106133231343172
4.3195995995995995	0.006959327524196827
4.320850850850851	0.006815533859728015
4.322102102102102	0.006674691290841477
4.323353353353353	0.006536740068827175
4.3246046046046045	0.006401621621228883
4.325855855855856	0.006269278530061786
4.327107107107107	0.006139654510375819
4.328358358358358	0.006012694389162137
4.3296096096096095	0.005888344084599927
4.330860860860861	0.005766550585640008
4.332112112112112	0.005647261931921607
4.333363363363363	0.005530427194019404
4.3346146146146145	0.005415996454017261
4.335865865865866	0.005303920786405985
4.337117117117117	0.005194152239299716
4.338368368368368	0.005086643815968882
4.3396196196196195	0.00498134945668588
4.340870870870871	0.0048782240208795884
4.342122122122122	0.004777223269594741
4.343373373373373	0.004678303848252731
4.3446246246246245	0.004581423269710344
4.345875875875876	0.004486539897612377
4.347127127127127	0.004393612930034081
4.348378378378378	0.004302602383409978
4.3496296296296295	0.004213469076745119
4.350880880880881	0.004126174616105611
4.352132132132132	0.004040681379383149
4.353383383383383	0.003956952501330915
4.3546346346346345	0.0038749518588668892
4.355885885885886	0.0037946440566405818
4.357137137137137	0.0037159944128591924
4.358388388388388	0.0036389689453696457
4.3596396396396395	0.0035635343579929505
4.360890890890891	0.003489658027106902
4.362142142142142	0.0034173079884732534
4.363393393393393	0.0033464529243055854
4.3646446446446445	0.0032770621505750944
4.365895895895896	0.0032091056045494572
4.367147147147147	0.0031425538325616964
4.368398398398398	0.0030773779780053413
4.3696496496496495	0.003013549769552528
4.370900900900901	0.0029510415095912934
4.372152152152152	0.002889826062878386
4.373403403403403	0.002829876845404282
4.3746546546546545	0.0027711678134671246
4.375905905905906	0.002713673452951968
4.377157157157157	0.0026573687688118495
4.378408408408408	0.002602229274747266
4.3796596596596595	0.0025482309830814585
4.380910910910911	0.002495350394827305
4.382162162162162	0.0024435644899430046
4.383413413413413	0.002392850717773292
4.3846646646646645	0.002343186987673163
4.385915915915916	0.00229455165981086
4.387167167167167	0.002246923536146873
4.388418418418418	0.0022002818515860713
4.3896696696696695	0.002154606265300061
4.390920920920921	0.0021098768522166637
4.392172172172172	0.002066074094673491
4.393423423423423	0.002023178874232678
4.3946746746746745	0.0019811724636544753
4.395925925925926	0.0019400365190261602
4.397177177177177	0.0018997530720438326
4.398428428428428	0.001860304522444298
4.3996796796796795	0.0018216736305844753
4.400930930930931	0.0017838435101655448
4.402182182182182	0.0017467976210991294
4.403433433433433	0.0017105197625130273
4.4046846846846845	0.0016749940658940554
4.405935935935936	0.0016402049883653856
4.407187187187187	0.0016061373060958452
4.408438438438438	0.0015727761078387131
4.4096896896896896	0.0015401067885980543
4.410940940940941	0.0015081150434196789
4.412192192192192	0.0014767868613046729
4.413443443443443	0.0014461085192431775
4.4146946946946946	0.0014160665763662736
4.415945945945946	0.0013866478682136765
4.417197197197197	0.0013578395011149937
4.418448448448448	0.0013296288466824939
4.4196996996997	0.0013020035364133618
4.420950950950951	0.00127495145639931
4.422202202202202	0.001248460742141333
4.423453453453453	0.0012225197734679633
4.424704704704705	0.0011971171695547647
4.425955955955956	0.001172241784043334
4.427207207207207	0.001147882700257738
4.428458458458458	0.0011240292265166107
4.42970970970971	0.0011006708915391426
4.430960960960961	0.0010777974399430919
4.432212212212212	0.0010553988278329835
4.433463463463463	0.001033465218476831
4.434714714714715	0.0010119869780697256
4.435965965965966	0.000990954671582567
4.437217217217217	0.0009703590586941441
4.438468468468468	0.0009501910898052276
4.43971971971972	0.0009304419021328447
4.440970970970971	0.0009111028158833365
4.442222222222222	0.0008921653305025214
4.443473473473473	0.0008736211210015355
4.444724724724725	0.000855462034356917
4.445975975975976	0.000837680085983427
4.447227227227227	0.000820267456278139
4.448478478478478	0.0008032164872344456
4.44972972972973	0.0007865196791246694
4.450980980980981	0.0007701696872498071
4.452232232232232	0.0007541593187552138
4.453483483483483	0.0007384815295107485
4.454734734734735	0.0007231294210543181
4.455985985985986	0.0007080962375974536
4.457237237237237	0.000693375363091663
4.458488488488488	0.0006789603183544015
4.45973973973974	0.0006648447582535122
4.460990990990991	0.0006510224689489381
4.462242242242242	0.0006374873651905279
4.463493493493493	0.0006242334876708619
4.464744744744745	0.0006112550004320446
4.465995995995996	0.0005985461883252995
4.467247247247247	0.0005861014545224077
4.468498498498498	0.00057391531807782
4.46974974974975	0.0005619824115405908
4.471001001001001	0.0005502974786150509
4.472252252252252	0.0005388553718692195
4.473503503503503	0.0005276510504900366
4.474754754754755	0.0005166795780845004
4.476006006006006	0.0005059361205257631
4.477257257257257	0.0004954159438432469
4.478508508508508	0.0004851144121559392
4.47975975975976	0.0004750269856479804
4.481011011011011	0.00046514921858576845
4.482262262262262	0.00045547675737557855
4.483513513513513	0.0004460053386610155
4.484764764764765	0.00043673078745947656
4.486016016016016	0.0004276490153368175
4.487267267267267	0.0004187560186194274
4.488518518518518	0.0004100478766429811
4.48976976976977	0.0004015207500371509
4.491021021021021	0.00039317087904552504
4.492272272272272	0.0003849945818799974
4.493523523523523	0.00037698825310896025
4.494774774774775	0.00036914836207860334
4.496026026026026	0.00036147145136670544
4.497277277277277	0.0003539541352681306
4.498528528528528	0.00034659309831148983
4.49977977977978	0.0003393850938063203
4.501031031031031	0.00033232694242014694
4.502282282282282	0.0003254155307848002
4.503533533533533	0.00031864781013141483
4.504784784784785	0.0003120207949535441
4.506036036036036	0.00030553156169779656
4.507287287287287	0.0002991772474814183
4.508538538538538	0.0002929550488362946
4.50978978978979	0.00028686222047882273
4.511041041041041	0.00028089607410517283
4.512292292292292	0.000275053977211321
4.513543543543543	0.00026933335193742616
4.514794794794795	0.0002637316739360464
4.516046046046046	0.0002582464712636926
4.517297297297297	0.00025287532329522957
4.518548548548548	0.00024761585966067334
4.5197997997998	0.0002424657592039389
4.521051051051051	0.00023742274896307585
4.522302302302302	0.0002324846031715406
4.523553553553553	0.00022764914228007036
4.524804804804805	0.00022291423199879786
4.526056056056056	0.00021827778235911349
4.527307307307307	0.00021373774679490584
4.528558558558558	0.00020929212124277838
4.52980980980981	0.0002049389432608671
4.531061061061061	0.0002006762911658649
4.532312312312312	0.00019650228318786808
4.533563563563563	0.00019241507664269084
4.534814814814815	0.00018841286712130092
4.536066066066066	0.00018449388769601135
4.537317317317317	0.00018065640814307775
4.538568568568568	0.00017689873418135925
4.53981981981982	0.00017321920672676118
4.541071071071071	0.00016961620116207328
4.542322322322322	0.0001660881266219151
4.543573573573573	0.00016263342529247366
4.544824824824825	0.00015925057172574012
4.546076076076076	0.00015593807216793723
4.547327327327327	0.00015269446390183663
4.548578578578578	0.0001495183146026897
4.54982982982983	0.00014640822170749999
4.551081081081081	0.00014336281179735293
4.552332332332332	0.0001403807399925282
4.553583583583583	0.00013746068936012785
4.554834834834835	0.00013460137033399986
4.556086086086086	0.00013180152014665553
4.557337337337337	0.00012905990227295562
4.558588588588588	0.000126375305885319
4.55983983983984	0.00012374654532022492
4.561091091091091	0.00012117245955576818
4.562342342342342	0.00011865191170003253
4.563593593593593	0.0001161837884900664
4.564844844844845	0.00011376699980124835
4.566096096096096	0.00011140047816682264
4.567347347347347	0.00010908317830737872
4.568598598598598	0.0001068140766701005
4.56984984984985	0.00010459217097755704
4.571101101101101	0.00010241647978585572
4.572352352352352	0.00010028604205194828
4.573603603603603	9.819991670990937e-05
4.574854854854855	9.615718225600694e-05
4.576106106106106	9.41569363423771e-05
4.577357357357357	9.219829537912025e-05
4.578608608608608	9.028039414465e-05
4.57985985985986	8.840238540412962e-05
4.581111111111111	8.656343953582392e-05
4.582362362362362	8.476274416519122e-05
4.583613613613613	8.299950380657858e-05
4.584864864864865	8.127293951234333e-05
4.586116116116116	7.958228852926053e-05
4.587367367367367	7.792680396205355e-05
4.588618618618618	7.630575444390695e-05
4.58986986986987	7.471842381382084e-05
4.591121121121121	7.316411080066093e-05
4.592372372372372	7.16421287137611e-05
4.593623623623623	7.015180513994778e-05
4.594874874874875	6.869248164685768e-05
4.596126126126126	6.726351349240862e-05
4.597377377377377	6.586426934030683e-05
4.598628628628628	6.449413098145026e-05
4.59987987987988	6.315249306112414e-05
4.601131131131131	6.183876281185876e-05
4.602382382382382	6.0552359791830056e-05
4.603633633633633	5.9292715628691465e-05
4.604884884884885	5.805927376872831e-05
4.606136136136136	5.6851489231220316e-05
4.607387387387387	5.566882836790165e-05
4.608638638638638	5.451076862741574e-05
4.60988988988989	5.337679832466572e-05
4.611141141141141	5.22664164149507e-05
4.612392392392392	5.117913227279726e-05
4.613643643643643	5.011446547537695e-05
4.614894894894895	4.907194559042869e-05
4.616146146146146	4.80511119685852e-05
4.617397397397397	4.7051513540010125e-05
4.618648648648648	4.6072708615259436e-05
4.6198998998999	4.511426469028204e-05
4.621151151151151	4.4175758255470975e-05
4.622402402402402	4.3256774608678626e-05
4.623653653653653	4.2356907672117154e-05
4.624904904904905	4.1475759813062164e-05
4.626156156156156	4.0612941668287275e-05
4.627407407407407	3.976807197213774e-05
4.628658658658658	3.8940777388179264e-05
4.62990990990991	3.81306923443463e-05
4.631161161161161	3.733745887151551e-05
4.632412412412412	3.6560726445431095e-05
4.633663663663663	3.580015183191486e-05
4.634914914914915	3.5055398935294794e-05
4.636166166166166	3.432613864998312e-05
4.637417417417417	3.361204871513661e-05
4.638668668668668	3.291281357233766e-05
4.63991991991992	3.222812422623257e-05
4.641171171171171	3.155767810807057e-05
4.642422422422422	3.090117894207221e-05
4.643673673673673	3.0258336614577413e-05
4.644924924924925	2.9628867045914366e-05
4.646176176176176	2.901249206493127e-05
4.647427427427427	2.8408939286134128e-05
4.648678678678678	2.7817941989378205e-05
4.64992992992993	2.7239239002061717e-05
4.651181181181181	2.667257458376803e-05
4.652432432432432	2.611769831330406e-05
4.653683683683683	2.5574364978087117e-05
4.654934934934935	2.5042334465830667e-05
4.656186186186186	2.4521371658485127e-05
4.657437437437437	2.401124632837826e-05
4.658688688688688	2.351173303651635e-05
4.65993993993994	2.302261103300057e-05
4.661191191191191	2.254366415951332e-05
4.662442442442442	2.207468075383047e-05
4.663693693693693	2.1615453556318668e-05
4.664944944944945	2.1165779618377768e-05
4.666196196196196	2.07254602127866e-05
4.667447447447447	2.0294300745911403e-05
4.668698698698698	1.9872110671739746e-05
4.66994994994995	1.945870340770149e-05
4.671201201201201	1.905389625224259e-05
4.672452452452452	1.8657510304108687e-05
4.673703703703703	1.8269370383308334e-05
4.674954954954955	1.7889304953720266e-05
4.676206206206206	1.751714604730974e-05
4.677457457457457	1.715272918991952e-05
4.678708708708708	1.679589332860387e-05
4.67995995995996	1.6446480760474435e-05
4.681211211211211	1.6104337063025498e-05
4.682462462462462	1.5769311025907297e-05
4.683713713713713	1.544125458411688e-05
4.684964964964965	1.5120022752581277e-05
4.686216216216216	1.4805473562098623e-05
4.687467467467467	1.4497467996611579e-05
4.688718718718718	1.4195869931784849e-05
4.68996996996997	1.3900546074860785e-05
4.691221221221221	1.3611365905765604e-05
4.692472472472472	1.3328201619439458e-05
4.693723723723723	1.3050928069365777e-05
4.694974974974975	1.2779422712275674e-05
4.696226226226226	1.2513565554002188e-05
4.697477477477477	1.225323909645992e-05
4.698728728728728	1.1998328285726443e-05
4.69997997997998	1.1748720461205806e-05
4.701231231231231	1.1504305305847458e-05
4.702482482482482	1.1264974797400606e-05
4.703733733733733	1.1030623160682149e-05
4.704984984984985	1.0801146820837896e-05
4.706236236236236	1.0576444357575771e-05
4.707487487487487	1.0356416460350167e-05
4.708738738738738	1.014096588447835e-05
4.70998998998999	9.929997408170115e-06
4.711241241241241	9.723417790451042e-06
4.712492492492492	9.521135729960402e-06
4.713743743743743	9.323061824605316e-06
4.714994994994995	9.129108532055876e-06
4.716246246246246	8.939190131060515e-06
4.717497497497497	8.753222683566063e-06
4.718748748748748	8.571123997625518e-06
4.72	8.392813591077767e-06
