#CDA decimation FMS KSAT
#N=4096  stepsdec=5  alpha=3.3   NSamples=398
#av(e)	2.341708542713568
#std(e)	0.0766857731198452
#av(t)	927.0854271356784
#std(t)	7.388261382021367
2.0	890.0	1
0.0	866.0	2
1.0	903.0	3
3.0	887.0	4
0.0	884.0	5
3.0	896.0	6
2.0	912.0	7
2.0	896.0	8
4.0	910.0	9
4.0	908.0	10
2.0	908.0	11
0.0	887.0	12
1.0	882.0	13
2.0	894.0	14
6.0	905.0	15
0.0	857.0	16
2.0	913.0	17
1.0	904.0	18
1.0	896.0	19
4.0	913.0	20
1.0	896.0	21
1.0	1052.0	51
1.0	1100.0	52
5.0	1088.0	53
1.0	1058.0	54
5.0	1071.0	55
0.0	1016.0	56
5.0	1072.0	57
1.0	1050.0	58
2.0	1076.0	59
3.0	1076.0	60
3.0	1076.0	61
1.0	1070.0	62
3.0	1070.0	63
3.0	1076.0	64
4.0	1062.0	65
1.0	1057.0	66
1.0	1055.0	67
1.0	1035.0	68
2.0	843.0	101
3.0	871.0	102
1.0	852.0	103
4.0	887.0	104
3.0	883.0	105
2.0	895.0	106
3.0	874.0	107
0.0	834.0	108
3.0	890.0	109
4.0	875.0	110
5.0	895.0	111
0.0	869.0	112
0.0	855.0	113
2.0	887.0	114
4.0	887.0	115
2.0	880.0	116
3.0	887.0	117
0.0	839.0	118
2.0	885.0	119
1.0	899.0	120
0.0	829.0	121
1.0	1021.0	151
1.0	1045.0	152
3.0	1065.0	153
5.0	1065.0	154
2.0	1037.0	155
3.0	1054.0	156
1.0	1048.0	157
5.0	1055.0	158
0.0	1028.0	159
2.0	1049.0	160
3.0	1056.0	161
3.0	1060.0	162
2.0	1065.0	163
1.0	1037.0	164
5.0	1066.0	165
4.0	1055.0	166
2.0	1051.0	167
3.0	1055.0	168
0.0	789.0	201
2.0	828.0	202
0.0	886.0	203
3.0	1005.0	204
1.0	853.0	205
4.0	832.0	206
2.0	1095.0	207
3.0	863.0	208
3.0	895.0	209
3.0	875.0	210
3.0	889.0	211
1.0	876.0	212
2.0	884.0	213
6.0	873.0	214
4.0	885.0	215
2.0	857.0	216
2.0	852.0	217
3.0	869.0	218
1.0	868.0	219
2.0	860.0	220
2.0	872.0	221
0.0	777.0	251
5.0	885.0	252
2.0	960.0	253
5.0	1004.0	254
3.0	872.0	255
4.0	837.0	256
2.0	1067.0	257
1.0	875.0	258
2.0	864.0	259
2.0	907.0	260
1.0	864.0	261
1.0	900.0	262
7.0	898.0	263
3.0	882.0	264
4.0	879.0	265
2.0	870.0	266
5.0	864.0	267
2.0	868.0	268
1.0	859.0	269
4.0	896.0	270
1.0	879.0	271
1.0	818.0	301
1.0	848.0	302
4.0	938.0	303
3.0	968.0	304
2.0	853.0	305
2.0	832.0	306
4.0	1066.0	307
1.0	869.0	308
1.0	843.0	309
7.0	884.0	310
1.0	854.0	311
1.0	910.0	312
2.0	883.0	313
3.0	874.0	314
4.0	863.0	315
4.0	859.0	316
2.0	835.0	317
3.0	873.0	318
4.0	860.0	319
2.0	860.0	320
1.0	855.0	321
2.0	879.0	351
4.0	885.0	352
4.0	886.0	353
1.0	872.0	354
1.0	877.0	355
1.0	852.0	356
1.0	874.0	357
3.0	880.0	358
3.0	878.0	359
1.0	866.0	360
2.0	884.0	361
4.0	876.0	362
6.0	882.0	363
4.0	877.0	364
2.0	882.0	365
2.0	875.0	366
2.0	870.0	367
1.0	877.0	368
4.0	877.0	369
5.0	875.0	370
2.0	873.0	371
3.0	1046.0	401
1.0	1057.0	402
5.0	1051.0	403
1.0	1045.0	404
3.0	1082.0	405
0.0	1006.0	406
4.0	1071.0	407
3.0	1062.0	408
2.0	1063.0	409
2.0	1049.0	410
1.0	1041.0	411
5.0	1058.0	412
4.0	1063.0	413
2.0	1049.0	414
1.0	1043.0	415
6.0	1051.0	416
0.0	1004.0	417
2.0	871.0	451
4.0	882.0	452
0.0	857.0	453
2.0	869.0	454
1.0	887.0	455
1.0	856.0	456
2.0	872.0	457
0.0	852.0	458
2.0	862.0	459
1.0	891.0	460
4.0	871.0	461
0.0	854.0	462
2.0	879.0	463
4.0	866.0	464
3.0	879.0	465
0.0	864.0	466
4.0	860.0	467
2.0	879.0	468
2.0	866.0	469
4.0	874.0	470
1.0	848.0	471
3.0	1431.0	501
2.0	1413.0	502
2.0	1460.0	503
6.0	1464.0	504
1.0	1452.0	505
2.0	1478.0	506
2.0	1460.0	507
2.0	1474.0	508
4.0	1489.0	509
2.0	1456.0	510
3.0	1455.0	511
0.0	1364.0	512
3.0	1375.0	542
2.0	977.0	551
0.0	960.0	552
1.0	979.0	553
6.0	995.0	554
2.0	959.0	555
1.0	942.0	556
3.0	979.0	557
0.0	905.0	558
2.0	977.0	559
3.0	972.0	560
5.0	962.0	561
3.0	974.0	562
4.0	967.0	563
0.0	969.0	564
4.0	1004.0	565
4.0	1004.0	566
4.0	994.0	567
1.0	985.0	568
3.0	1003.0	569
2.0	801.0	601
1.0	795.0	602
1.0	792.0	603
1.0	789.0	604
0.0	779.0	605
1.0	763.0	606
3.0	718.0	607
1.0	775.0	608
1.0	755.0	609
4.0	739.0	610
3.0	755.0	611
2.0	775.0	612
4.0	774.0	613
1.0	773.0	614
4.0	767.0	615
1.0	763.0	616
3.0	771.0	617
3.0	762.0	618
1.0	757.0	619
1.0	758.0	620
3.0	765.0	621
1.0	750.0	622
2.0	758.0	623
2.0	750.0	624
2.0	805.0	651
2.0	810.0	652
5.0	815.0	653
4.0	805.0	654
1.0	803.0	655
1.0	764.0	656
2.0	743.0	657
2.0	783.0	658
1.0	767.0	659
2.0	754.0	660
2.0	786.0	661
1.0	773.0	662
1.0	781.0	663
5.0	776.0	664
1.0	771.0	665
2.0	764.0	666
2.0	755.0	667
2.0	770.0	668
4.0	769.0	669
2.0	771.0	670
0.0	744.0	671
2.0	767.0	672
4.0	774.0	673
4.0	771.0	674
1.0	1168.0	701
1.0	1181.0	702
1.0	1174.0	703
3.0	1145.0	704
1.0	1195.0	705
2.0	1229.0	706
0.0	1168.0	707
0.0	1394.0	708
5.0	1409.0	709
5.0	1185.0	710
4.0	1266.0	711
3.0	1180.0	712
2.0	1221.0	713
2.0	1155.0	714
3.0	1178.0	715
2.0	890.0	751
2.0	885.0	752
4.0	905.0	753
1.0	898.0	754
4.0	901.0	755
1.0	903.0	756
1.0	900.0	757
2.0	901.0	758
3.0	907.0	759
0.0	858.0	760
4.0	910.0	761
4.0	899.0	762
4.0	908.0	763
4.0	907.0	764
1.0	895.0	765
4.0	898.0	766
6.0	910.0	767
3.0	907.0	768
4.0	895.0	769
0.0	870.0	770
0.0	794.0	801
3.0	803.0	802
2.0	814.0	803
3.0	814.0	804
3.0	811.0	805
2.0	814.0	806
3.0	807.0	807
4.0	806.0	808
1.0	795.0	809
1.0	806.0	810
2.0	802.0	811
5.0	809.0	812
6.0	811.0	813
1.0	793.0	814
0.0	762.0	815
0.0	760.0	816
4.0	813.0	817
1.0	809.0	818
2.0	807.0	819
2.0	811.0	820
2.0	813.0	821
1.0	809.0	822
3.0	815.0	823
4.0	876.0	851
1.0	854.0	852
1.0	885.0	853
1.0	860.0	854
1.0	866.0	855
3.0	869.0	856
2.0	870.0	857
4.0	868.0	858
4.0	881.0	859
1.0	876.0	860
2.0	876.0	861
2.0	875.0	862
6.0	878.0	863
2.0	875.0	864
2.0	878.0	865
3.0	888.0	866
2.0	869.0	867
1.0	872.0	868
5.0	879.0	869
1.0	871.0	870
1.0	852.0	871
2.0	1107.0	901
1.0	1089.0	902
3.0	1090.0	903
2.0	1090.0	904
1.0	1057.0	905
0.0	1055.0	906
1.0	1066.0	907
5.0	1089.0	908
3.0	1075.0	909
3.0	1087.0	910
2.0	1084.0	911
3.0	1076.0	912
7.0	1095.0	913
2.0	1091.0	914
0.0	1075.0	915
2.0	1096.0	916
0.0	1073.0	917
3.0	826.0	951
4.0	825.0	952
4.0	822.0	953
3.0	829.0	954
2.0	810.0	955
4.0	823.0	956
4.0	817.0	957
3.0	821.0	958
1.0	819.0	959
1.0	823.0	960
3.0	830.0	961
3.0	832.0	962
2.0	818.0	963
3.0	829.0	964
0.0	783.0	965
1.0	796.0	966
0.0	778.0	967
5.0	823.0	968
4.0	815.0	969
2.0	819.0	970
3.0	822.0	971
3.0	821.0	972
