#CDA decimation FMS KSAT
#N=8192  stepsdec=10  alpha=4.06   NSamples=995
#av(e)	0.9899497487437185
#std(e)	0.04366830698355116
#av(t)	12096.840201005025
#std(t)	873.2995677281414
6.0	10486.0	19
0.0	6650.0	20
0.0	6759.0	21
0.0	9862.0	22
1.0	10140.0	23
0.0	9048.0	24
2.0	10835.0	25
1.0	9907.0	26
2.0	9050.0	27
0.0	4291.0	28
0.0	5258.0	29
3.0	8923.0	30
0.0	7805.0	31
1.0	8090.0	32
0.0	5077.0	33
0.0	5818.0	34
3.0	11024.0	35
0.0	3876.0	36
7.0	8658.0	37
0.0	7166.0	38
0.0	7357.0	39
0.0	5902.0	40
0.0	6484.0	41
1.0	10673.0	42
1.0	10862.0	43
0.0	9770.0	44
0.0	6177.0	45
1.0	10241.0	46
2.0	9761.0	47
0.0	4034.0	48
0.0	6344.0	49
2.0	9644.0	50
2.0	10468.0	64
0.0	7219.0	65
1.0	10794.0	66
3.0	10515.0	67
1.0	10166.0	68
1.0	10085.0	69
0.0	8599.0	70
0.0	5335.0	71
0.0	6405.0	72
0.0	5123.0	73
2.0	8564.0	74
3.0	8100.0	75
6.0	8803.0	76
0.0	5324.0	77
0.0	4601.0	78
0.0	6217.0	79
0.0	7320.0	80
0.0	5608.0	81
0.0	6197.0	82
1.0	10798.0	83
0.0	4437.0	84
1.0	10312.0	85
0.0	3019.0	86
3.0	10009.0	87
0.0	9338.0	88
0.0	4414.0	89
1.0	9839.0	90
0.0	3849.0	91
0.0	5410.0	92
1.0	8518.0	93
3.0	8113.0	94
0.0	4417.0	95
0.0	7012.0	96
2.0	11244.0	97
2.0	8441.0	98
0.0	6725.0	99
0.0	4811.0	100
1.0	10445.0	112
5.0	10607.0	113
0.0	8907.0	114
1.0	10297.0	115
0.0	6187.0	116
4.0	10113.0	117
2.0	9746.0	118
1.0	9809.0	119
0.0	3790.0	120
0.0	4289.0	121
3.0	10359.0	122
0.0	6784.0	123
4.0	10698.0	124
0.0	10202.0	125
0.0	9212.0	126
0.0	8507.0	127
0.0	4618.0	128
1.0	9855.0	129
1.0	9592.0	130
0.0	8374.0	131
0.0	6838.0	132
2.0	8164.0	133
2.0	8966.0	134
0.0	6974.0	135
3.0	8556.0	136
2.0	8474.0	137
0.0	2563.0	138
3.0	7732.0	139
0.0	5047.0	140
5.0	10397.0	141
0.0	7568.0	142
0.0	9893.0	143
1.0	10236.0	144
0.0	3518.0	145
0.0	3425.0	146
0.0	9950.0	147
2.0	9886.0	148
1.0	9862.0	149
1.0	9607.0	150
1.0	10407.0	161
0.0	10684.0	162
0.0	6452.0	163
3.0	10359.0	164
1.0	10237.0	165
2.0	9932.0	166
2.0	9914.0	167
0.0	9237.0	168
2.0	9304.0	169
1.0	8984.0	170
4.0	8791.0	171
2.0	9250.0	172
4.0	10615.0	173
0.0	7594.0	174
0.0	7959.0	175
0.0	7394.0	176
1.0	8468.0	177
4.0	9057.0	178
1.0	7618.0	179
1.0	10361.0	181
0.0	9996.0	182
0.0	9627.0	183
0.0	4984.0	184
0.0	5581.0	185
0.0	9522.0	186
5.0	9891.0	187
4.0	9839.0	188
0.0	6176.0	189
1.0	9583.0	190
0.0	8072.0	191
0.0	3806.0	192
2.0	8804.0	193
1.0	9392.0	194
0.0	7827.0	195
0.0	6639.0	196
1.0	9447.0	197
4.0	8979.0	198
0.0	3623.0	199
4.0	9318.0	200
4.0	10251.0	202
3.0	10586.0	203
1.0	10593.0	204
0.0	3802.0	205
2.0	10115.0	206
3.0	10024.0	207
0.0	6708.0	208
0.0	8725.0	209
0.0	8453.0	210
0.0	6277.0	211
3.0	8878.0	212
3.0	8731.0	213
0.0	5922.0	214
0.0	3531.0	215
3.0	10302.0	216
0.0	4448.0	217
1.0	9026.0	218
3.0	9122.0	219
0.0	6523.0	220
0.0	9791.0	221
0.0	10019.0	222
1.0	10622.0	223
0.0	8607.0	224
0.0	5294.0	225
0.0	4823.0	226
0.0	6010.0	227
0.0	8648.0	228
1.0	9608.0	229
1.0	9499.0	230
0.0	5135.0	231
1.0	8855.0	232
0.0	5307.0	233
0.0	4137.0	234
0.0	7796.0	235
0.0	2317.0	236
2.0	10139.0	237
0.0	4096.0	238
6.0	9281.0	239
2.0	8730.0	240
0.0	8183.0	241
1.0	10542.0	242
0.0	10005.0	243
0.0	3981.0	244
1.0	10201.0	245
0.0	7641.0	246
0.0	7791.0	247
0.0	8546.0	248
0.0	6398.0	249
2.0	8856.0	250
0.0	4475.0	272
1.0	10252.0	273
1.0	10801.0	274
0.0	3385.0	275
1.0	10198.0	276
0.0	5431.0	277
3.0	9945.0	278
0.0	4482.0	279
0.0	7094.0	280
0.0	3980.0	281
0.0	3856.0	282
2.0	10183.0	283
0.0	4675.0	284
0.0	7463.0	285
4.0	9910.0	286
1.0	9944.0	287
2.0	9990.0	288
1.0	9596.0	289
0.0	3833.0	290
4.0	9302.0	291
2.0	9299.0	292
1.0	8695.0	293
0.0	6266.0	294
1.0	11053.0	295
1.0	10126.0	296
3.0	9739.0	297
3.0	10420.0	298
0.0	6522.0	299
0.0	7414.0	300
2.0	10691.0	312
0.0	2588.0	313
0.0	4417.0	314
1.0	11144.0	315
0.0	8369.0	316
0.0	7134.0	317
0.0	8792.0	318
2.0	10595.0	319
2.0	10351.0	320
0.0	6915.0	321
2.0	10921.0	322
2.0	11076.0	323
0.0	6185.0	324
3.0	10955.0	325
0.0	8285.0	326
0.0	9206.0	327
2.0	10587.0	328
2.0	9306.0	329
2.0	9317.0	330
0.0	2185.0	331
0.0	5476.0	332
3.0	9346.0	333
0.0	5923.0	334
5.0	10703.0	335
2.0	9444.0	336
1.0	11286.0	337
0.0	4084.0	338
2.0	9353.0	339
0.0	4762.0	340
0.0	10656.0	341
0.0	2358.0	342
1.0	10878.0	343
0.0	7888.0	344
0.0	5344.0	345
0.0	4395.0	346
4.0	10824.0	347
1.0	10753.0	348
1.0	10352.0	349
2.0	9989.0	350
0.0	2671.0	351
0.0	7156.0	352
0.0	6705.0	353
1.0	9790.0	354
0.0	6784.0	355
0.0	4207.0	356
3.0	9592.0	357
1.0	9978.0	358
0.0	7860.0	359
0.0	6468.0	360
0.0	7869.0	361
0.0	8805.0	362
1.0	11045.0	363
1.0	10813.0	364
0.0	8367.0	365
2.0	10862.0	366
4.0	10500.0	367
0.0	3241.0	368
0.0	6848.0	369
0.0	5556.0	370
0.0	8392.0	371
1.0	9310.0	372
0.0	5220.0	373
1.0	10200.0	374
0.0	9724.0	375
1.0	9881.0	376
1.0	10213.0	377
0.0	5070.0	378
1.0	9494.0	379
0.0	7540.0	380
1.0	10807.0	381
0.0	9647.0	382
0.0	2405.0	383
0.0	6819.0	384
0.0	2942.0	385
0.0	4853.0	386
0.0	4232.0	387
0.0	7860.0	388
0.0	8941.0	389
2.0	10484.0	390
2.0	9958.0	391
0.0	6948.0	392
0.0	4740.0	393
0.0	3596.0	394
0.0	3480.0	395
0.0	3722.0	396
0.0	5797.0	397
1.0	10564.0	398
1.0	9831.0	399
1.0	9713.0	400
1.0	10822.0	402
4.0	10818.0	403
0.0	4963.0	404
0.0	8062.0	405
1.0	10782.0	406
4.0	10601.0	407
2.0	10460.0	408
0.0	6221.0	409
0.0	4903.0	410
5.0	9984.0	411
1.0	9539.0	412
4.0	9360.0	413
2.0	10238.0	414
0.0	8218.0	415
3.0	9651.0	416
3.0	9674.0	417
0.0	2480.0	418
1.0	8504.0	419
0.0	7092.0	420
0.0	4452.0	421
1.0	10824.0	422
3.0	10967.0	423
6.0	10875.0	424
1.0	10775.0	425
1.0	10729.0	426
0.0	4838.0	427
2.0	10429.0	428
1.0	9994.0	429
1.0	9923.0	430
1.0	9413.0	431
0.0	7883.0	432
0.0	8860.0	433
0.0	3972.0	434
5.0	9523.0	435
2.0	10192.0	436
5.0	9574.0	437
0.0	8798.0	438
2.0	8984.0	439
3.0	10834.0	441
0.0	8256.0	442
1.0	10987.0	443
0.0	9347.0	444
2.0	10834.0	445
0.0	7438.0	446
0.0	8317.0	447
0.0	7391.0	448
1.0	10039.0	449
1.0	9993.0	450
0.0	9058.0	451
2.0	9968.0	452
0.0	7227.0	453
0.0	5658.0	454
1.0	9654.0	455
2.0	10474.0	456
1.0	9318.0	457
2.0	9600.0	458
1.0	10811.0	461
0.0	3363.0	462
1.0	10997.0	463
6.0	10919.0	464
0.0	7575.0	465
4.0	10775.0	466
0.0	6528.0	467
0.0	7658.0	468
1.0	10014.0	469
0.0	7463.0	470
1.0	9754.0	471
1.0	9419.0	472
0.0	9729.0	473
0.0	9288.0	474
0.0	6697.0	475
0.0	8274.0	476
1.0	9850.0	477
2.0	9665.0	478
2.0	9127.0	479
0.0	5708.0	481
0.0	6728.0	482
4.0	10987.0	483
2.0	10997.0	484
0.0	7353.0	485
0.0	6308.0	486
0.0	8506.0	487
1.0	10468.0	488
0.0	6980.0	489
2.0	10080.0	490
0.0	4304.0	491
0.0	9109.0	492
0.0	7110.0	493
1.0	10205.0	494
4.0	10250.0	495
0.0	7214.0	496
3.0	10113.0	497
3.0	9581.0	498
2.0	9557.0	499
0.0	6147.0	500
2.0	10878.0	507
0.0	6940.0	508
0.0	4467.0	509
0.0	7963.0	510
0.0	10571.0	511
0.0	7000.0	512
3.0	10694.0	513
1.0	10610.0	514
0.0	9592.0	515
0.0	7341.0	516
2.0	9859.0	517
1.0	9515.0	518
0.0	4336.0	519
0.0	10056.0	520
0.0	4445.0	521
0.0	7804.0	522
0.0	5788.0	523
3.0	11174.0	524
1.0	10725.0	525
5.0	10639.0	526
1.0	10732.0	527
5.0	10353.0	528
2.0	10152.0	529
0.0	7401.0	530
0.0	3859.0	531
1.0	9456.0	532
0.0	8306.0	533
2.0	10301.0	534
1.0	8845.0	535
4.0	10302.0	536
1.0	9595.0	537
0.0	7627.0	538
0.0	7212.0	539
0.0	5328.0	540
1.0	10880.0	541
0.0	6513.0	542
0.0	3778.0	543
1.0	10883.0	544
3.0	10680.0	545
1.0	10770.0	546
3.0	10546.0	547
1.0	10239.0	548
2.0	9994.0	549
0.0	8646.0	550
2.0	10788.0	562
0.0	5719.0	563
0.0	9390.0	564
0.0	5343.0	565
0.0	5480.0	566
0.0	5740.0	567
1.0	10811.0	568
0.0	8482.0	569
1.0	10347.0	570
3.0	10140.0	571
0.0	7698.0	572
1.0	8934.0	573
0.0	5610.0	574
0.0	8024.0	575
4.0	10857.0	576
2.0	8943.0	577
1.0	10626.0	578
0.0	6602.0	579
6.0	8911.0	580
4.0	10839.0	581
4.0	10946.0	582
0.0	7945.0	583
0.0	10192.0	584
1.0	10878.0	585
1.0	10783.0	586
0.0	5674.0	587
0.0	4475.0	588
0.0	8019.0	589
0.0	6011.0	590
3.0	9295.0	591
2.0	8776.0	592
0.0	9357.0	593
0.0	7619.0	594
0.0	5862.0	595
1.0	9668.0	596
0.0	6131.0	597
3.0	9787.0	598
0.0	8311.0	599
1.0	8211.0	600
0.0	7646.0	614
4.0	11142.0	615
0.0	4393.0	616
1.0	11073.0	617
0.0	7562.0	618
1.0	11086.0	619
0.0	10377.0	620
0.0	5824.0	621
0.0	9372.0	622
3.0	10861.0	623
1.0	10835.0	624
0.0	4043.0	625
0.0	6810.0	626
1.0	10699.0	627
5.0	10425.0	628
1.0	10177.0	629
0.0	7764.0	630
1.0	9144.0	631
2.0	8562.0	632
0.0	5518.0	633
0.0	10595.0	634
0.0	4673.0	635
1.0	9001.0	636
6.0	11106.0	637
1.0	8872.0	638
1.0	8902.0	639
1.0	7968.0	640
3.0	10917.0	641
0.0	9215.0	642
6.0	10929.0	643
0.0	5240.0	644
3.0	10906.0	645
0.0	9701.0	646
0.0	4420.0	647
2.0	10448.0	648
0.0	7056.0	649
1.0	10180.0	650
1.0	9631.0	664
1.0	9967.0	665
5.0	10396.0	666
0.0	6336.0	667
0.0	3514.0	668
1.0	8699.0	669
1.0	8229.0	670
2.0	8353.0	671
0.0	5500.0	672
1.0	8305.0	673
1.0	8350.0	674
1.0	8593.0	675
0.0	5880.0	676
0.0	2231.0	677
0.0	5128.0	678
0.0	8029.0	679
0.0	8833.0	680
0.0	7071.0	681
2.0	9968.0	682
0.0	3524.0	683
0.0	5560.0	684
0.0	9125.0	685
0.0	6480.0	686
0.0	4796.0	687
6.0	8555.0	688
0.0	3851.0	689
0.0	5454.0	690
0.0	7141.0	691
1.0	8478.0	692
1.0	8603.0	693
0.0	2381.0	694
2.0	8427.0	695
0.0	6941.0	696
3.0	9603.0	697
0.0	4707.0	698
0.0	5319.0	699
0.0	4381.0	700
0.0	5965.0	713
0.0	8893.0	714
0.0	4560.0	715
0.0	4498.0	716
0.0	3908.0	717
0.0	2030.0	718
1.0	9573.0	719
0.0	6966.0	720
1.0	9767.0	721
0.0	3979.0	722
3.0	10527.0	723
0.0	9005.0	724
0.0	4112.0	725
1.0	9095.0	726
0.0	3947.0	727
0.0	5620.0	728
0.0	4251.0	729
0.0	5517.0	730
5.0	7648.0	731
2.0	7750.0	732
1.0	8240.0	733
0.0	5253.0	734
1.0	7757.0	735
3.0	8834.0	736
4.0	9613.0	737
3.0	8018.0	738
0.0	4936.0	739
0.0	5573.0	740
0.0	8839.0	741
1.0	11013.0	742
0.0	4121.0	743
0.0	3503.0	744
2.0	11047.0	745
0.0	8480.0	746
0.0	5641.0	747
4.0	10736.0	748
6.0	10640.0	749
1.0	10095.0	750
3.0	10883.0	768
1.0	10885.0	769
0.0	5139.0	770
0.0	5635.0	771
1.0	10911.0	772
0.0	8987.0	773
1.0	10563.0	774
0.0	8399.0	775
0.0	4431.0	776
0.0	8652.0	777
0.0	5618.0	778
2.0	9136.0	779
2.0	8782.0	780
0.0	8124.0	781
0.0	4222.0	782
3.0	10875.0	783
0.0	5101.0	784
2.0	10859.0	785
0.0	6289.0	786
0.0	6714.0	787
4.0	10714.0	788
2.0	10073.0	789
0.0	9581.0	790
0.0	5389.0	791
0.0	5935.0	792
0.0	7736.0	793
0.0	6196.0	794
0.0	2999.0	795
1.0	10861.0	796
0.0	11345.0	797
3.0	9888.0	798
0.0	4981.0	799
2.0	8494.0	800
4.0	10907.0	812
0.0	4164.0	813
0.0	5942.0	814
0.0	2754.0	815
1.0	10831.0	816
0.0	5787.0	817
1.0	10811.0	818
1.0	10664.0	819
0.0	4518.0	820
3.0	10987.0	821
0.0	3491.0	822
4.0	10849.0	823
3.0	10951.0	824
0.0	4753.0	825
0.0	4039.0	826
0.0	7057.0	827
0.0	7868.0	828
0.0	7884.0	829
0.0	5764.0	830
0.0	8544.0	831
3.0	9612.0	832
1.0	9006.0	833
0.0	5192.0	834
0.0	5781.0	835
1.0	11619.0	836
0.0	8011.0	837
0.0	5766.0	838
2.0	8605.0	839
0.0	3533.0	840
1.0	10928.0	841
0.0	7786.0	842
6.0	11010.0	843
0.0	7232.0	844
2.0	10894.0	845
2.0	10619.0	846
0.0	6182.0	847
0.0	5154.0	848
1.0	10205.0	849
0.0	3517.0	850
0.0	7374.0	862
0.0	8331.0	863
1.0	11018.0	864
0.0	7460.0	865
2.0	10945.0	866
0.0	6042.0	867
0.0	7343.0	868
1.0	10642.0	869
0.0	5443.0	870
0.0	4962.0	871
1.0	10325.0	872
0.0	9740.0	873
1.0	9477.0	874
0.0	6577.0	875
0.0	6053.0	876
7.0	10500.0	877
0.0	4258.0	878
0.0	4668.0	879
0.0	7424.0	880
0.0	9884.0	881
0.0	3989.0	882
0.0	9140.0	883
1.0	10891.0	884
0.0	5109.0	885
2.0	10878.0	886
0.0	7021.0	887
1.0	10642.0	888
1.0	10434.0	889
1.0	10307.0	890
3.0	10046.0	891
0.0	7534.0	892
0.0	2667.0	893
0.0	5030.0	894
1.0	10588.0	895
0.0	9153.0	896
1.0	9693.0	897
0.0	6754.0	898
1.0	9243.0	899
1.0	7986.0	900
3.0	10876.0	913
0.0	5513.0	914
1.0	10783.0	915
2.0	10767.0	916
1.0	10769.0	917
0.0	6644.0	918
0.0	5432.0	919
1.0	10681.0	920
3.0	11016.0	921
0.0	7947.0	922
0.0	4587.0	923
0.0	7402.0	924
0.0	8319.0	925
0.0	7126.0	926
0.0	4490.0	927
1.0	10551.0	928
1.0	10535.0	929
1.0	9628.0	930
3.0	9643.0	931
1.0	9106.0	932
2.0	8679.0	933
3.0	10112.0	934
2.0	12388.0	935
2.0	10214.0	936
0.0	2891.0	937
1.0	8168.0	938
0.0	7539.0	939
1.0	7789.0	940
0.0	6927.0	941
1.0	10865.0	942
1.0	10903.0	943
0.0	6087.0	944
1.0	10709.0	945
0.0	8508.0	946
0.0	5354.0	947
0.0	8712.0	948
1.0	10513.0	949
1.0	10332.0	950
2.0	10752.0	971
0.0	7314.0	972
0.0	10506.0	973
0.0	10488.0	974
2.0	10885.0	975
1.0	10740.0	976
3.0	10603.0	977
1.0	10405.0	978
1.0	10013.0	979
1.0	9088.0	980
3.0	10885.0	981
1.0	11001.0	982
0.0	8052.0	983
3.0	10985.0	984
3.0	10403.0	985
0.0	8266.0	986
0.0	7911.0	987
1.0	9971.0	988
0.0	7799.0	989
0.0	1938.0	990
0.0	3042.0	991
0.0	3123.0	992
0.0	5969.0	993
1.0	8834.0	994
0.0	6157.0	995
1.0	11259.0	996
0.0	5062.0	997
1.0	10509.0	998
1.0	8193.0	999
0.0	2012.0	1000
0.0	198404.0	14
0.0	180794.0	15
0.0	98883.0	16
2.0	229176.0	17
1.0	231196.0	18
6.0	232577.0	267
5.0	232995.0	268
0.0	157642.0	269
0.0	202472.0	270
2.0	232336.0	271
0.0	100176.0	501
0.0	157247.0	502
3.0	235552.0	503
0.0	146986.0	504
0.0	202048.0	505
1.0	229964.0	506
1.0	230873.0	763
0.0	218206.0	764
0.0	104197.0	765
0.0	207821.0	766
2.0	228602.0	767
0.0	4495.0	201
1.0	7888.0	261
2.0	7869.0	262
0.0	4031.0	263
1.0	7830.0	264
0.0	2996.0	265
1.0	7848.0	266
2.0	32663.0	401
1.0	9644.0	962
0.0	5344.0	963
2.0	9417.0	964
0.0	4049.0	965
0.0	3192.0	966
1.0	9080.0	967
1.0	9120.0	968
1.0	9188.0	969
1.0	9212.0	970
0.0	3869.0	1
2.0	10638.0	2
0.0	5223.0	3
0.0	3459.0	4
0.0	8889.0	5
1.0	10763.0	6
0.0	8870.0	7
1.0	10716.0	8
2.0	10582.0	9
0.0	6751.0	10
0.0	3296.0	11
3.0	10732.0	12
0.0	4354.0	13
0.0	3242.0	51
0.0	4830.0	52
0.0	5842.0	53
0.0	5940.0	54
0.0	7007.0	55
1.0	10790.0	56
1.0	10726.0	57
0.0	10677.0	58
1.0	10728.0	59
0.0	7142.0	60
0.0	9401.0	61
4.0	10757.0	62
0.0	3139.0	63
0.0	4224.0	101
2.0	10808.0	102
1.0	10772.0	103
0.0	8575.0	104
0.0	9092.0	105
1.0	10649.0	106
2.0	10783.0	107
3.0	10785.0	108
0.0	5613.0	109
0.0	6026.0	110
1.0	10771.0	111
2.0	10802.0	151
2.0	10760.0	152
1.0	10790.0	153
0.0	4794.0	154
5.0	10823.0	155
2.0	10884.0	156
0.0	10396.0	157
0.0	5721.0	158
1.0	10776.0	159
0.0	6802.0	160
0.0	9914.0	251
1.0	10722.0	252
0.0	7155.0	253
0.0	6590.0	254
0.0	10228.0	255
2.0	10821.0	256
1.0	10748.0	257
3.0	10757.0	258
0.0	6587.0	259
1.0	10858.0	260
3.0	10673.0	301
0.0	3602.0	302
0.0	3111.0	303
1.0	10758.0	304
0.0	4018.0	305
2.0	10726.0	306
1.0	10665.0	307
2.0	10661.0	308
5.0	10744.0	309
1.0	10798.0	310
1.0	10929.0	311
1.0	10034.0	551
0.0	6122.0	552
2.0	10681.0	553
0.0	4242.0	554
1.0	10718.0	555
3.0	10695.0	556
0.0	7893.0	557
1.0	10693.0	558
4.0	10721.0	559
0.0	8469.0	560
3.0	10648.0	561
2.0	10033.0	601
0.0	4815.0	602
2.0	10815.0	603
3.0	10747.0	604
1.0	10824.0	605
0.0	7867.0	606
0.0	6246.0	607
1.0	10836.0	608
0.0	5403.0	609
0.0	8482.0	610
0.0	4773.0	611
0.0	5784.0	612
0.0	5690.0	613
3.0	10154.0	651
0.0	2121.0	652
0.0	7292.0	653
6.0	10821.0	654
0.0	4117.0	655
0.0	10522.0	656
0.0	9001.0	657
0.0	6121.0	658
0.0	4791.0	659
0.0	7984.0	660
0.0	8111.0	661
0.0	2489.0	662
1.0	10785.0	663
2.0	10216.0	701
0.0	7833.0	702
3.0	10699.0	703
1.0	10626.0	704
1.0	10664.0	705
0.0	4164.0	706
6.0	10516.0	707
2.0	10543.0	708
0.0	3746.0	709
2.0	10707.0	710
1.0	10746.0	711
0.0	3994.0	712
1.0	10593.0	751
1.0	10686.0	752
0.0	4385.0	753
0.0	4394.0	754
0.0	6348.0	755
3.0	10625.0	756
0.0	5920.0	757
0.0	5246.0	758
1.0	10746.0	759
0.0	7161.0	760
4.0	10596.0	761
0.0	8644.0	762
2.0	10873.0	801
4.0	10909.0	802
2.0	10797.0	803
1.0	10930.0	804
1.0	10865.0	805
2.0	10937.0	806
0.0	3303.0	807
0.0	4667.0	808
2.0	10992.0	809
4.0	10886.0	810
1.0	10825.0	811
1.0	10017.0	851
1.0	10662.0	852
0.0	4391.0	853
1.0	10709.0	854
1.0	10736.0	855
2.0	10866.0	856
3.0	10875.0	857
5.0	10841.0	858
0.0	4737.0	859
2.0	10814.0	860
0.0	5541.0	861
0.0	4102.0	901
0.0	9439.0	902
1.0	10854.0	903
0.0	8895.0	904
0.0	9374.0	905
0.0	5244.0	906
0.0	6484.0	907
2.0	10649.0	908
0.0	6982.0	909
0.0	8253.0	910
0.0	6434.0	911
1.0	10802.0	912
1.0	10764.0	951
1.0	10940.0	952
0.0	5359.0	953
3.0	10956.0	954
0.0	8876.0	955
1.0	10846.0	956
0.0	5950.0	957
1.0	11120.0	958
0.0	6155.0	959
1.0	10942.0	960
1.0	10924.0	961
