#CDA decimation Metropolis T0 KSAT
#N=4096  stepsdec=10  alpha=2.1   NSamples=803
#av(e)	0.0547945205479452
#std(e)	0.008221917455105658
#av(t)	529.9053549190536
#std(t)	3.1349883433852797
0.0	483.0	1
0.0	488.0	2
0.0	487.0	3
0.0	477.0	4
0.0	488.0	5
0.0	489.0	6
0.0	485.0	7
0.0	482.0	8
0.0	484.0	9
0.0	488.0	10
0.0	481.0	11
0.0	484.0	12
0.0	475.0	13
0.0	479.0	14
0.0	479.0	15
0.0	480.0	16
0.0	486.0	17
0.0	488.0	18
0.0	498.0	19
0.0	502.0	20
0.0	490.0	21
0.0	495.0	22
0.0	490.0	23
0.0	492.0	24
0.0	475.0	25
0.0	484.0	26
0.0	492.0	27
0.0	490.0	28
0.0	492.0	29
1.0	492.0	30
0.0	496.0	31
0.0	493.0	32
0.0	484.0	33
0.0	489.0	34
0.0	496.0	35
0.0	485.0	36
0.0	496.0	37
0.0	485.0	38
0.0	490.0	39
0.0	496.0	40
0.0	488.0	41
0.0	473.0	42
0.0	477.0	43
0.0	491.0	51
0.0	494.0	52
0.0	489.0	53
0.0	491.0	54
0.0	494.0	55
0.0	495.0	56
0.0	486.0	57
0.0	497.0	58
0.0	504.0	59
0.0	486.0	60
0.0	489.0	61
0.0	493.0	62
0.0	486.0	63
0.0	491.0	64
0.0	482.0	65
0.0	489.0	66
0.0	492.0	67
0.0	493.0	68
0.0	503.0	69
0.0	500.0	70
0.0	494.0	71
0.0	510.0	72
0.0	489.0	73
0.0	488.0	74
0.0	484.0	75
0.0	490.0	76
0.0	492.0	77
1.0	492.0	78
0.0	494.0	79
0.0	487.0	80
0.0	493.0	81
0.0	493.0	82
0.0	495.0	83
1.0	491.0	84
0.0	492.0	85
0.0	495.0	86
0.0	493.0	87
0.0	494.0	88
0.0	503.0	89
0.0	489.0	90
0.0	479.0	91
0.0	481.0	92
0.0	482.0	93
0.0	485.0	101
0.0	495.0	102
0.0	494.0	103
0.0	488.0	104
0.0	491.0	105
0.0	491.0	106
0.0	499.0	107
0.0	491.0	108
0.0	504.0	109
0.0	490.0	110
0.0	501.0	111
0.0	494.0	112
0.0	484.0	113
1.0	481.0	114
0.0	489.0	115
0.0	481.0	116
0.0	484.0	117
0.0	495.0	118
0.0	508.0	119
1.0	502.0	120
0.0	511.0	121
0.0	503.0	122
0.0	504.0	123
0.0	488.0	124
0.0	495.0	125
1.0	492.0	126
0.0	498.0	127
0.0	498.0	128
0.0	494.0	129
0.0	491.0	130
0.0	490.0	131
0.0	498.0	132
0.0	493.0	133
0.0	494.0	134
0.0	497.0	135
0.0	501.0	136
0.0	485.0	137
0.0	496.0	138
0.0	503.0	139
0.0	494.0	140
0.0	481.0	141
0.0	479.0	142
0.0	480.0	143
0.0	497.0	151
0.0	490.0	152
0.0	498.0	153
0.0	484.0	154
0.0	488.0	155
0.0	498.0	156
0.0	505.0	157
0.0	498.0	158
0.0	495.0	159
0.0	487.0	160
0.0	496.0	161
1.0	494.0	162
0.0	489.0	163
0.0	484.0	164
0.0	498.0	165
0.0	488.0	166
0.0	486.0	167
0.0	502.0	168
0.0	495.0	169
0.0	504.0	170
0.0	503.0	171
0.0	504.0	172
1.0	499.0	173
0.0	483.0	174
0.0	488.0	175
0.0	500.0	176
0.0	495.0	177
1.0	501.0	178
0.0	488.0	179
0.0	491.0	180
0.0	487.0	181
0.0	493.0	182
0.0	494.0	183
0.0	502.0	184
0.0	491.0	185
0.0	492.0	186
0.0	491.0	187
0.0	492.0	188
0.0	492.0	189
0.0	497.0	190
0.0	480.0	191
0.0	474.0	192
0.0	471.0	193
0.0	485.0	201
0.0	494.0	202
0.0	486.0	203
0.0	489.0	204
0.0	493.0	205
0.0	506.0	206
0.0	494.0	207
0.0	487.0	208
0.0	492.0	209
0.0	490.0	210
0.0	490.0	211
0.0	488.0	212
0.0	484.0	213
0.0	490.0	214
0.0	484.0	215
0.0	486.0	216
0.0	482.0	217
0.0	497.0	218
1.0	498.0	219
0.0	496.0	220
0.0	503.0	221
0.0	490.0	222
0.0	493.0	223
0.0	494.0	224
0.0	490.0	225
0.0	494.0	226
0.0	492.0	227
0.0	484.0	228
0.0	486.0	229
0.0	489.0	230
0.0	486.0	231
1.0	493.0	232
0.0	492.0	233
0.0	492.0	234
0.0	480.0	235
0.0	491.0	236
0.0	491.0	237
0.0	499.0	238
0.0	495.0	239
0.0	492.0	240
0.0	481.0	241
0.0	472.0	242
0.0	475.0	243
0.0	485.0	251
0.0	491.0	252
0.0	488.0	253
0.0	489.0	254
0.0	490.0	255
0.0	487.0	256
0.0	499.0	257
0.0	494.0	258
0.0	498.0	259
0.0	486.0	260
0.0	486.0	261
0.0	480.0	262
0.0	478.0	263
1.0	479.0	264
0.0	476.0	265
0.0	478.0	266
0.0	477.0	267
1.0	495.0	268
0.0	497.0	269
0.0	502.0	270
0.0	497.0	271
0.0	505.0	272
0.0	500.0	273
0.0	485.0	274
0.0	487.0	275
0.0	495.0	276
0.0	486.0	277
0.0	488.0	278
0.0	494.0	279
0.0	489.0	280
0.0	493.0	281
0.0	494.0	282
0.0	490.0	283
0.0	493.0	284
0.0	495.0	285
0.0	492.0	286
0.0	493.0	287
0.0	493.0	288
0.0	491.0	289
1.0	496.0	290
0.0	489.0	291
0.0	474.0	292
0.0	475.0	293
0.0	777.0	301
0.0	1004.0	302
0.0	758.0	303
0.0	747.0	304
0.0	775.0	305
0.0	827.0	306
0.0	848.0	307
0.0	1399.0	308
0.0	1363.0	309
1.0	785.0	310
0.0	1331.0	311
0.0	807.0	312
0.0	960.0	313
0.0	718.0	314
0.0	724.0	315
1.0	729.0	316
0.0	822.0	317
0.0	773.0	318
0.0	726.0	319
0.0	731.0	320
0.0	721.0	321
0.0	723.0	322
0.0	784.0	323
0.0	776.0	324
0.0	761.0	339
0.0	769.0	340
0.0	775.0	341
0.0	778.0	342
0.0	790.0	343
0.0	796.0	344
0.0	764.0	349
0.0	781.0	350
0.0	490.0	351
0.0	493.0	352
0.0	493.0	353
0.0	499.0	354
0.0	500.0	355
0.0	508.0	356
0.0	497.0	357
0.0	508.0	358
0.0	500.0	359
1.0	495.0	360
0.0	498.0	361
0.0	502.0	362
0.0	498.0	363
0.0	493.0	364
0.0	506.0	365
0.0	498.0	366
0.0	498.0	367
0.0	499.0	368
0.0	497.0	369
0.0	495.0	370
0.0	497.0	371
0.0	500.0	372
0.0	501.0	373
0.0	500.0	374
1.0	497.0	375
0.0	503.0	376
1.0	495.0	377
0.0	488.0	378
1.0	499.0	379
1.0	493.0	380
0.0	490.0	381
0.0	503.0	382
0.0	501.0	383
0.0	502.0	384
0.0	497.0	385
0.0	493.0	386
0.0	493.0	387
0.0	496.0	388
0.0	502.0	389
0.0	498.0	390
1.0	492.0	391
0.0	498.0	392
0.0	492.0	401
0.0	497.0	402
0.0	487.0	403
0.0	495.0	404
0.0	497.0	405
0.0	496.0	406
0.0	500.0	407
0.0	501.0	408
0.0	499.0	409
0.0	498.0	410
0.0	503.0	411
0.0	488.0	412
0.0	496.0	413
0.0	496.0	414
0.0	495.0	415
0.0	494.0	416
0.0	493.0	417
0.0	497.0	418
0.0	489.0	419
0.0	507.0	420
0.0	494.0	421
0.0	498.0	422
0.0	492.0	423
0.0	503.0	424
0.0	498.0	425
0.0	492.0	426
0.0	498.0	427
0.0	490.0	428
0.0	492.0	429
0.0	496.0	430
0.0	499.0	431
0.0	495.0	432
0.0	488.0	433
0.0	492.0	434
0.0	485.0	435
0.0	491.0	436
0.0	492.0	437
0.0	494.0	438
0.0	501.0	439
0.0	489.0	440
0.0	504.0	441
0.0	489.0	442
0.0	498.0	451
0.0	495.0	452
0.0	498.0	453
0.0	496.0	454
0.0	488.0	455
0.0	501.0	456
0.0	489.0	457
0.0	496.0	458
0.0	497.0	459
0.0	497.0	460
0.0	497.0	461
1.0	497.0	462
0.0	495.0	463
0.0	497.0	464
0.0	493.0	465
0.0	496.0	466
0.0	487.0	467
0.0	493.0	468
0.0	496.0	469
0.0	493.0	470
0.0	490.0	471
0.0	506.0	472
0.0	495.0	473
0.0	492.0	474
0.0	483.0	475
0.0	493.0	476
0.0	492.0	477
0.0	485.0	478
0.0	493.0	479
0.0	492.0	480
0.0	495.0	481
0.0	492.0	482
0.0	483.0	483
0.0	493.0	484
0.0	487.0	485
0.0	488.0	486
1.0	492.0	487
0.0	489.0	488
0.0	493.0	489
1.0	488.0	490
0.0	488.0	491
0.0	496.0	492
1.0	495.0	493
0.0	494.0	501
0.0	496.0	502
0.0	504.0	503
0.0	507.0	504
0.0	493.0	505
0.0	496.0	506
0.0	494.0	507
0.0	495.0	508
0.0	497.0	509
0.0	497.0	510
0.0	493.0	511
0.0	500.0	512
0.0	495.0	513
0.0	498.0	514
0.0	503.0	515
0.0	494.0	516
0.0	491.0	517
0.0	492.0	518
0.0	495.0	519
0.0	496.0	520
0.0	496.0	521
0.0	499.0	522
0.0	494.0	523
0.0	495.0	524
0.0	491.0	525
0.0	488.0	526
0.0	492.0	527
0.0	493.0	528
0.0	495.0	529
0.0	493.0	530
0.0	492.0	531
0.0	498.0	532
0.0	498.0	533
0.0	494.0	534
0.0	492.0	535
1.0	489.0	536
0.0	487.0	537
0.0	490.0	538
0.0	496.0	539
0.0	490.0	540
0.0	484.0	541
0.0	492.0	542
0.0	637.0	551
0.0	609.0	552
0.0	627.0	553
0.0	641.0	554
0.0	638.0	555
0.0	614.0	556
0.0	627.0	557
0.0	626.0	558
0.0	632.0	559
0.0	645.0	560
0.0	622.0	561
0.0	621.0	562
0.0	616.0	563
0.0	631.0	564
0.0	634.0	565
0.0	637.0	566
0.0	635.0	567
0.0	628.0	568
0.0	605.0	569
0.0	613.0	570
0.0	604.0	571
0.0	616.0	572
0.0	609.0	573
0.0	608.0	574
0.0	623.0	575
0.0	623.0	576
0.0	609.0	577
0.0	616.0	578
0.0	621.0	579
0.0	618.0	580
0.0	616.0	581
0.0	613.0	582
0.0	615.0	583
0.0	654.0	584
0.0	485.0	601
0.0	489.0	602
0.0	486.0	603
0.0	493.0	604
0.0	487.0	605
0.0	489.0	606
0.0	491.0	607
0.0	483.0	608
0.0	492.0	609
1.0	488.0	610
0.0	485.0	611
0.0	487.0	612
0.0	491.0	613
1.0	493.0	614
0.0	484.0	615
0.0	494.0	616
0.0	480.0	617
0.0	480.0	618
0.0	485.0	619
0.0	498.0	620
0.0	485.0	621
0.0	492.0	622
0.0	488.0	623
0.0	482.0	624
0.0	490.0	625
0.0	482.0	626
0.0	486.0	627
0.0	483.0	628
0.0	485.0	629
0.0	477.0	630
0.0	478.0	631
0.0	476.0	632
0.0	475.0	633
0.0	484.0	634
0.0	487.0	635
0.0	475.0	636
0.0	476.0	637
0.0	488.0	638
0.0	473.0	639
0.0	490.0	640
0.0	485.0	641
0.0	477.0	642
0.0	491.0	643
0.0	483.0	651
0.0	489.0	652
1.0	485.0	653
0.0	487.0	654
0.0	496.0	655
0.0	490.0	656
0.0	484.0	657
0.0	483.0	658
2.0	560.0	659
0.0	489.0	660
0.0	488.0	661
0.0	491.0	662
0.0	482.0	663
0.0	481.0	664
0.0	484.0	665
0.0	489.0	666
0.0	477.0	667
0.0	487.0	668
0.0	492.0	669
0.0	487.0	670
0.0	491.0	671
0.0	489.0	672
0.0	483.0	673
0.0	482.0	674
0.0	483.0	675
0.0	492.0	676
0.0	488.0	677
0.0	486.0	678
1.0	487.0	679
0.0	486.0	680
0.0	477.0	681
0.0	481.0	682
0.0	480.0	683
0.0	490.0	684
0.0	492.0	685
0.0	492.0	686
0.0	482.0	687
0.0	485.0	688
0.0	485.0	689
0.0	489.0	690
0.0	487.0	691
0.0	486.0	692
0.0	500.0	693
0.0	638.0	701
0.0	623.0	702
0.0	637.0	703
0.0	622.0	704
0.0	642.0	705
0.0	637.0	706
0.0	632.0	707
0.0	624.0	708
0.0	642.0	709
0.0	637.0	710
0.0	621.0	711
0.0	635.0	712
0.0	625.0	713
0.0	629.0	714
0.0	630.0	715
0.0	637.0	716
0.0	635.0	717
0.0	628.0	718
0.0	625.0	719
0.0	633.0	720
0.0	627.0	721
0.0	624.0	722
0.0	622.0	723
0.0	626.0	724
0.0	637.0	725
0.0	639.0	726
0.0	630.0	727
0.0	624.0	728
0.0	638.0	729
0.0	625.0	730
0.0	627.0	731
0.0	635.0	732
0.0	641.0	733
0.0	500.0	751
0.0	502.0	752
1.0	506.0	753
0.0	490.0	754
0.0	508.0	755
0.0	496.0	756
1.0	501.0	757
0.0	490.0	758
0.0	503.0	759
0.0	494.0	760
0.0	495.0	761
0.0	503.0	762
0.0	497.0	763
0.0	498.0	764
0.0	496.0	765
0.0	491.0	766
0.0	496.0	767
0.0	499.0	768
1.0	487.0	769
0.0	491.0	770
0.0	494.0	771
0.0	491.0	772
0.0	497.0	773
0.0	492.0	774
0.0	497.0	775
1.0	495.0	776
0.0	495.0	777
0.0	488.0	778
0.0	498.0	779
0.0	491.0	780
0.0	496.0	781
0.0	499.0	782
0.0	491.0	783
0.0	498.0	784
0.0	488.0	785
0.0	491.0	786
0.0	493.0	787
0.0	489.0	788
0.0	495.0	789
0.0	490.0	790
0.0	493.0	791
0.0	496.0	792
0.0	639.0	801
0.0	635.0	802
0.0	640.0	803
0.0	639.0	804
0.0	633.0	805
0.0	635.0	806
0.0	633.0	807
0.0	639.0	808
0.0	628.0	809
0.0	630.0	810
0.0	635.0	811
0.0	636.0	812
0.0	632.0	813
0.0	626.0	814
0.0	625.0	815
0.0	627.0	816
0.0	632.0	817
0.0	635.0	818
0.0	637.0	819
0.0	625.0	820
1.0	648.0	821
0.0	639.0	822
0.0	627.0	823
0.0	634.0	824
0.0	627.0	825
0.0	619.0	826
0.0	633.0	827
0.0	619.0	828
0.0	632.0	829
1.0	625.0	830
0.0	639.0	831
0.0	622.0	832
0.0	624.0	833
0.0	504.0	851
0.0	511.0	852
0.0	519.0	853
0.0	516.0	854
0.0	505.0	855
0.0	503.0	856
0.0	501.0	857
0.0	510.0	858
0.0	507.0	859
0.0	513.0	860
0.0	513.0	861
0.0	507.0	862
0.0	515.0	863
0.0	509.0	864
1.0	507.0	865
0.0	505.0	866
0.0	504.0	867
0.0	508.0	868
0.0	513.0	869
0.0	507.0	870
0.0	506.0	871
0.0	507.0	872
0.0	500.0	873
0.0	502.0	874
0.0	509.0	875
0.0	503.0	876
1.0	509.0	877
0.0	510.0	878
0.0	503.0	879
0.0	504.0	880
0.0	504.0	881
0.0	506.0	882
0.0	509.0	883
0.0	502.0	884
0.0	511.0	885
0.0	501.0	886
1.0	513.0	887
0.0	508.0	888
0.0	500.0	889
0.0	504.0	890
0.0	509.0	891
0.0	632.0	901
0.0	635.0	902
0.0	641.0	903
0.0	649.0	904
0.0	646.0	905
0.0	639.0	906
0.0	640.0	907
0.0	637.0	908
0.0	641.0	909
0.0	627.0	910
0.0	635.0	911
0.0	632.0	912
0.0	641.0	913
0.0	630.0	914
0.0	643.0	915
0.0	636.0	916
1.0	644.0	917
0.0	639.0	918
0.0	633.0	919
0.0	639.0	920
0.0	636.0	921
0.0	644.0	922
0.0	638.0	923
0.0	637.0	924
0.0	627.0	925
0.0	634.0	926
0.0	638.0	927
0.0	629.0	928
0.0	636.0	929
0.0	645.0	930
0.0	637.0	931
0.0	638.0	932
0.0	637.0	933
0.0	493.0	951
0.0	504.0	952
1.0	515.0	953
0.0	512.0	954
0.0	499.0	955
0.0	508.0	956
0.0	512.0	957
0.0	506.0	958
0.0	495.0	959
0.0	502.0	960
0.0	501.0	961
0.0	503.0	962
0.0	506.0	963
0.0	506.0	964
0.0	495.0	965
0.0	502.0	966
0.0	498.0	967
0.0	501.0	968
0.0	496.0	969
0.0	497.0	970
0.0	502.0	971
0.0	501.0	972
0.0	499.0	973
0.0	517.0	974
0.0	498.0	975
0.0	498.0	976
0.0	502.0	977
0.0	512.0	978
0.0	505.0	979
0.0	499.0	980
0.0	507.0	981
0.0	507.0	982
0.0	497.0	983
0.0	496.0	984
0.0	504.0	985
0.0	493.0	986
0.0	496.0	987
0.0	499.0	988
0.0	507.0	989
0.0	496.0	990
0.0	499.0	991
0.0	492.0	992
