#CDA decimation FMS KSAT
#N=1024  stepsdec=5  alpha=3.3   NSamples=1000
#av(e)	5.269
#std(e)	0.06701223022702645
#av(t)	56.659
#std(t)	0.3407502296404219
5.0	61.0	1
2.0	61.0	2
1.0	61.0	3
3.0	62.0	4
2.0	63.0	5
4.0	66.0	6
5.0	62.0	7
4.0	63.0	8
7.0	63.0	9
4.0	62.0	10
5.0	62.0	11
1.0	62.0	12
6.0	63.0	13
7.0	62.0	14
4.0	63.0	15
7.0	63.0	16
8.0	62.0	17
4.0	61.0	18
3.0	61.0	19
3.0	62.0	20
5.0	61.0	21
6.0	65.0	22
8.0	62.0	23
6.0	63.0	24
3.0	62.0	25
6.0	60.0	26
6.0	62.0	27
7.0	63.0	28
6.0	63.0	29
4.0	62.0	30
4.0	62.0	31
9.0	64.0	32
2.0	64.0	33
7.0	63.0	34
9.0	63.0	35
6.0	62.0	36
5.0	65.0	37
4.0	63.0	38
4.0	61.0	39
5.0	63.0	40
5.0	63.0	41
7.0	60.0	42
3.0	61.0	43
6.0	60.0	44
5.0	63.0	45
5.0	63.0	46
3.0	61.0	47
2.0	62.0	48
5.0	63.0	49
6.0	63.0	50
4.0	61.0	51
6.0	61.0	52
3.0	61.0	53
8.0	62.0	54
2.0	65.0	55
3.0	64.0	56
8.0	60.0	57
6.0	64.0	58
5.0	62.0	59
3.0	63.0	60
4.0	60.0	61
5.0	62.0	62
6.0	62.0	63
4.0	64.0	64
4.0	63.0	65
9.0	65.0	66
9.0	61.0	67
5.0	64.0	68
7.0	60.0	69
8.0	62.0	70
4.0	63.0	71
10.0	62.0	72
6.0	62.0	73
6.0	60.0	74
2.0	62.0	75
8.0	63.0	76
4.0	61.0	77
4.0	64.0	78
5.0	60.0	79
3.0	61.0	80
5.0	60.0	81
5.0	63.0	82
4.0	61.0	83
6.0	59.0	84
5.0	63.0	85
8.0	64.0	86
7.0	61.0	87
2.0	63.0	88
4.0	61.0	89
7.0	61.0	90
6.0	68.0	91
8.0	61.0	92
3.0	63.0	93
7.0	64.0	94
8.0	63.0	95
9.0	61.0	96
3.0	62.0	97
2.0	61.0	98
5.0	60.0	99
4.0	63.0	100
6.0	61.0	101
7.0	63.0	102
6.0	63.0	103
6.0	62.0	104
5.0	60.0	105
5.0	61.0	106
5.0	62.0	107
4.0	60.0	108
9.0	60.0	109
5.0	61.0	110
1.0	61.0	111
6.0	61.0	112
4.0	63.0	113
3.0	61.0	114
3.0	60.0	115
4.0	63.0	116
6.0	61.0	117
3.0	61.0	118
2.0	60.0	119
5.0	61.0	120
3.0	63.0	121
5.0	61.0	122
3.0	61.0	123
4.0	61.0	124
4.0	62.0	125
12.0	62.0	126
7.0	62.0	127
5.0	63.0	128
5.0	62.0	129
7.0	64.0	130
4.0	62.0	131
5.0	63.0	132
5.0	62.0	133
5.0	61.0	134
7.0	60.0	135
6.0	66.0	136
3.0	61.0	137
4.0	62.0	138
5.0	60.0	139
6.0	63.0	140
4.0	61.0	141
5.0	62.0	142
5.0	60.0	143
5.0	62.0	144
7.0	61.0	145
4.0	63.0	146
9.0	62.0	147
5.0	63.0	148
4.0	62.0	149
3.0	60.0	150
7.0	61.0	151
7.0	62.0	152
6.0	60.0	153
10.0	59.0	154
5.0	60.0	155
4.0	63.0	156
8.0	61.0	157
6.0	61.0	158
2.0	62.0	159
3.0	59.0	160
4.0	59.0	161
7.0	60.0	162
6.0	61.0	163
3.0	60.0	164
6.0	60.0	165
5.0	62.0	166
4.0	61.0	167
0.0	61.0	168
3.0	60.0	169
6.0	63.0	170
7.0	62.0	171
5.0	62.0	172
4.0	61.0	173
3.0	63.0	174
9.0	60.0	175
6.0	63.0	176
5.0	62.0	177
9.0	59.0	178
9.0	63.0	179
6.0	61.0	180
7.0	61.0	181
8.0	63.0	182
4.0	60.0	183
4.0	61.0	184
8.0	59.0	185
6.0	61.0	186
7.0	59.0	187
3.0	58.0	188
5.0	62.0	189
7.0	57.0	190
6.0	58.0	191
4.0	59.0	192
4.0	59.0	193
1.0	55.0	194
8.0	57.0	195
3.0	58.0	196
5.0	59.0	197
3.0	58.0	198
6.0	59.0	199
12.0	59.0	200
3.0	50.0	201
3.0	49.0	202
4.0	51.0	203
4.0	49.0	204
7.0	49.0	205
9.0	50.0	206
2.0	49.0	207
4.0	48.0	208
3.0	49.0	209
5.0	50.0	210
5.0	50.0	211
5.0	50.0	212
7.0	48.0	213
4.0	48.0	214
9.0	49.0	215
7.0	50.0	216
4.0	49.0	217
3.0	50.0	218
1.0	49.0	219
8.0	50.0	220
4.0	51.0	221
6.0	47.0	222
6.0	48.0	223
5.0	49.0	224
3.0	49.0	225
5.0	50.0	226
5.0	49.0	227
8.0	50.0	228
7.0	50.0	229
4.0	49.0	230
3.0	48.0	231
7.0	49.0	232
6.0	51.0	233
10.0	50.0	234
4.0	49.0	235
2.0	49.0	236
8.0	49.0	237
5.0	49.0	238
8.0	49.0	239
3.0	48.0	240
10.0	50.0	241
6.0	48.0	242
4.0	48.0	243
7.0	49.0	244
2.0	49.0	245
8.0	50.0	246
3.0	48.0	247
4.0	49.0	248
5.0	49.0	249
5.0	50.0	250
8.0	49.0	251
5.0	49.0	252
5.0	49.0	253
7.0	49.0	254
2.0	50.0	255
8.0	49.0	256
6.0	49.0	257
6.0	49.0	258
3.0	48.0	259
6.0	49.0	260
6.0	48.0	261
3.0	48.0	262
0.0	48.0	263
3.0	49.0	264
3.0	48.0	265
6.0	49.0	266
5.0	50.0	267
4.0	48.0	268
6.0	49.0	269
5.0	49.0	270
5.0	49.0	271
6.0	48.0	272
7.0	48.0	273
4.0	49.0	274
7.0	50.0	275
10.0	48.0	276
6.0	50.0	277
6.0	48.0	278
3.0	49.0	279
6.0	50.0	280
5.0	50.0	281
7.0	49.0	282
5.0	49.0	283
3.0	49.0	284
7.0	49.0	285
1.0	49.0	286
2.0	49.0	287
5.0	49.0	288
9.0	49.0	289
2.0	49.0	290
4.0	49.0	291
4.0	49.0	292
7.0	49.0	293
5.0	48.0	294
7.0	49.0	295
6.0	49.0	296
7.0	48.0	297
6.0	48.0	298
6.0	50.0	299
8.0	48.0	300
6.0	50.0	301
10.0	49.0	302
2.0	49.0	303
5.0	49.0	304
7.0	49.0	305
4.0	50.0	306
6.0	49.0	307
7.0	48.0	308
3.0	49.0	309
6.0	49.0	310
6.0	52.0	311
3.0	49.0	312
5.0	50.0	313
4.0	49.0	314
3.0	50.0	315
6.0	50.0	316
4.0	49.0	317
6.0	50.0	318
8.0	48.0	319
5.0	50.0	320
8.0	50.0	321
2.0	49.0	322
5.0	49.0	323
8.0	49.0	324
5.0	51.0	325
4.0	49.0	326
7.0	50.0	327
6.0	50.0	328
5.0	49.0	329
5.0	49.0	330
14.0	50.0	331
7.0	50.0	332
7.0	50.0	333
4.0	49.0	334
9.0	49.0	335
7.0	49.0	336
6.0	48.0	337
7.0	49.0	338
5.0	49.0	339
2.0	48.0	340
2.0	50.0	341
5.0	49.0	342
5.0	50.0	343
5.0	49.0	344
9.0	49.0	345
3.0	49.0	346
8.0	49.0	347
3.0	49.0	348
4.0	49.0	349
2.0	48.0	350
8.0	51.0	351
4.0	49.0	352
5.0	50.0	353
8.0	49.0	354
5.0	48.0	355
7.0	48.0	356
10.0	50.0	357
5.0	51.0	358
6.0	49.0	359
7.0	50.0	360
5.0	50.0	361
4.0	49.0	362
5.0	49.0	363
8.0	49.0	364
5.0	49.0	365
5.0	50.0	366
3.0	48.0	367
5.0	50.0	368
7.0	50.0	369
6.0	49.0	370
4.0	50.0	371
6.0	49.0	372
9.0	49.0	373
5.0	48.0	374
4.0	49.0	375
8.0	48.0	376
4.0	48.0	377
7.0	47.0	378
6.0	51.0	379
2.0	50.0	380
7.0	48.0	381
3.0	49.0	382
4.0	49.0	383
5.0	49.0	384
7.0	49.0	385
4.0	49.0	386
8.0	48.0	387
1.0	48.0	388
6.0	48.0	389
6.0	48.0	390
8.0	48.0	391
3.0	49.0	392
8.0	48.0	393
9.0	48.0	394
4.0	48.0	395
7.0	47.0	396
3.0	48.0	397
7.0	49.0	398
3.0	48.0	399
5.0	47.0	400
5.0	70.0	401
5.0	70.0	402
8.0	70.0	403
5.0	71.0	404
12.0	71.0	405
4.0	70.0	406
2.0	70.0	407
3.0	72.0	408
9.0	71.0	409
5.0	70.0	410
5.0	72.0	411
5.0	71.0	412
6.0	70.0	413
2.0	70.0	414
6.0	71.0	415
5.0	69.0	416
2.0	71.0	417
5.0	70.0	418
4.0	72.0	419
4.0	71.0	420
9.0	71.0	421
7.0	69.0	422
8.0	72.0	423
6.0	72.0	424
9.0	72.0	425
4.0	70.0	426
7.0	70.0	427
7.0	72.0	428
5.0	71.0	429
5.0	70.0	430
3.0	71.0	431
5.0	72.0	432
6.0	71.0	433
8.0	71.0	434
3.0	70.0	435
6.0	70.0	436
5.0	70.0	437
3.0	71.0	438
6.0	71.0	439
2.0	70.0	440
3.0	72.0	441
1.0	70.0	442
9.0	71.0	443
12.0	72.0	444
7.0	72.0	445
4.0	71.0	446
6.0	71.0	447
7.0	73.0	448
3.0	69.0	449
3.0	70.0	450
3.0	69.0	451
4.0	72.0	452
5.0	71.0	453
4.0	71.0	454
4.0	72.0	455
5.0	71.0	456
5.0	71.0	457
9.0	71.0	458
5.0	72.0	459
10.0	72.0	460
5.0	71.0	461
7.0	70.0	462
8.0	71.0	463
6.0	72.0	464
7.0	72.0	465
6.0	72.0	466
5.0	71.0	467
9.0	72.0	468
5.0	70.0	469
5.0	71.0	470
2.0	72.0	471
4.0	70.0	472
4.0	70.0	473
3.0	72.0	474
4.0	71.0	475
4.0	71.0	476
2.0	71.0	477
6.0	71.0	478
3.0	71.0	479
8.0	71.0	480
7.0	69.0	481
7.0	71.0	482
4.0	70.0	483
0.0	69.0	484
5.0	69.0	485
6.0	70.0	486
6.0	70.0	487
7.0	70.0	488
7.0	69.0	489
8.0	71.0	490
5.0	71.0	491
1.0	72.0	492
5.0	68.0	493
8.0	71.0	494
3.0	68.0	495
6.0	72.0	496
6.0	69.0	497
2.0	71.0	498
5.0	70.0	499
7.0	71.0	500
7.0	71.0	501
6.0	70.0	502
6.0	70.0	503
9.0	72.0	504
4.0	70.0	505
4.0	70.0	506
9.0	72.0	507
7.0	70.0	508
11.0	71.0	509
3.0	71.0	510
7.0	73.0	511
4.0	72.0	512
3.0	70.0	513
3.0	71.0	514
5.0	70.0	515
7.0	71.0	516
6.0	71.0	517
3.0	72.0	518
7.0	71.0	519
4.0	72.0	520
7.0	71.0	521
6.0	70.0	522
4.0	72.0	523
2.0	71.0	524
4.0	70.0	525
7.0	73.0	526
4.0	71.0	527
5.0	70.0	528
5.0	71.0	529
6.0	73.0	530
3.0	71.0	531
5.0	71.0	532
6.0	70.0	533
6.0	71.0	534
4.0	72.0	535
10.0	70.0	536
4.0	71.0	537
3.0	74.0	538
3.0	71.0	539
2.0	71.0	540
6.0	69.0	541
5.0	69.0	542
3.0	70.0	543
7.0	71.0	544
4.0	72.0	545
4.0	71.0	546
5.0	76.0	547
7.0	71.0	548
5.0	72.0	549
4.0	72.0	550
9.0	73.0	551
8.0	71.0	552
3.0	71.0	553
5.0	71.0	554
5.0	73.0	555
5.0	70.0	556
10.0	71.0	557
2.0	72.0	558
6.0	70.0	559
4.0	79.0	560
4.0	70.0	561
9.0	69.0	562
4.0	69.0	563
6.0	70.0	564
7.0	68.0	565
2.0	68.0	566
9.0	206.0	567
2.0	207.0	568
11.0	69.0	569
6.0	68.0	570
3.0	67.0	571
5.0	68.0	572
5.0	66.0	573
9.0	68.0	574
7.0	68.0	575
4.0	68.0	576
1.0	68.0	577
4.0	70.0	578
8.0	66.0	579
6.0	67.0	580
4.0	68.0	581
3.0	68.0	582
3.0	68.0	583
5.0	69.0	584
5.0	69.0	585
9.0	69.0	586
3.0	69.0	587
3.0	68.0	588
5.0	67.0	589
4.0	68.0	590
6.0	73.0	591
5.0	69.0	592
8.0	66.0	593
3.0	68.0	594
6.0	69.0	595
7.0	70.0	596
7.0	67.0	597
3.0	68.0	598
4.0	68.0	599
7.0	67.0	600
6.0	50.0	601
2.0	48.0	602
4.0	50.0	603
6.0	49.0	604
0.0	49.0	605
5.0	50.0	606
3.0	50.0	607
4.0	51.0	608
4.0	51.0	609
5.0	49.0	610
8.0	50.0	611
6.0	49.0	612
3.0	50.0	613
9.0	50.0	614
5.0	49.0	615
1.0	49.0	616
5.0	49.0	617
7.0	49.0	618
8.0	51.0	619
9.0	50.0	620
5.0	50.0	621
3.0	49.0	622
5.0	49.0	623
4.0	50.0	624
6.0	50.0	625
4.0	51.0	626
5.0	50.0	627
5.0	49.0	628
3.0	49.0	629
3.0	49.0	630
2.0	49.0	631
9.0	50.0	632
4.0	50.0	633
9.0	51.0	634
3.0	49.0	635
4.0	50.0	636
1.0	49.0	637
6.0	49.0	638
6.0	49.0	639
9.0	50.0	640
7.0	52.0	641
4.0	51.0	642
5.0	50.0	643
8.0	50.0	644
6.0	50.0	645
5.0	50.0	646
6.0	50.0	647
6.0	50.0	648
6.0	50.0	649
4.0	51.0	650
4.0	50.0	651
6.0	50.0	652
2.0	49.0	653
1.0	50.0	654
4.0	50.0	655
5.0	50.0	656
6.0	49.0	657
3.0	49.0	658
5.0	51.0	659
9.0	50.0	660
4.0	50.0	661
3.0	50.0	662
4.0	51.0	663
2.0	50.0	664
4.0	50.0	665
8.0	51.0	666
3.0	51.0	667
4.0	50.0	668
8.0	50.0	669
6.0	51.0	670
6.0	49.0	671
4.0	49.0	672
7.0	49.0	673
7.0	50.0	674
3.0	51.0	675
7.0	50.0	676
6.0	49.0	677
6.0	51.0	678
6.0	49.0	679
7.0	49.0	680
6.0	50.0	681
5.0	50.0	682
3.0	49.0	683
7.0	50.0	684
4.0	51.0	685
2.0	50.0	686
5.0	49.0	687
4.0	51.0	688
8.0	49.0	689
4.0	49.0	690
3.0	50.0	691
4.0	50.0	692
6.0	51.0	693
3.0	50.0	694
4.0	49.0	695
6.0	51.0	696
5.0	49.0	697
6.0	50.0	698
5.0	49.0	699
7.0	51.0	700
4.0	50.0	701
4.0	50.0	702
8.0	51.0	703
4.0	48.0	704
4.0	50.0	705
8.0	50.0	706
6.0	51.0	707
3.0	51.0	708
3.0	49.0	709
7.0	52.0	710
5.0	49.0	711
7.0	51.0	712
6.0	51.0	713
2.0	52.0	714
3.0	50.0	715
5.0	50.0	716
3.0	52.0	717
6.0	52.0	718
7.0	50.0	719
9.0	49.0	720
3.0	50.0	721
2.0	51.0	722
8.0	52.0	723
8.0	49.0	724
6.0	51.0	725
9.0	52.0	726
9.0	52.0	727
2.0	50.0	728
3.0	50.0	729
10.0	51.0	730
6.0	50.0	731
6.0	51.0	732
8.0	50.0	733
5.0	49.0	734
9.0	50.0	735
11.0	50.0	736
6.0	49.0	737
5.0	51.0	738
4.0	51.0	739
9.0	52.0	740
9.0	50.0	741
8.0	51.0	742
7.0	50.0	743
7.0	51.0	744
4.0	50.0	745
6.0	50.0	746
7.0	51.0	747
3.0	50.0	748
4.0	50.0	749
4.0	51.0	750
8.0	50.0	751
6.0	49.0	752
1.0	49.0	753
5.0	49.0	754
7.0	51.0	755
4.0	50.0	756
6.0	50.0	757
9.0	49.0	758
7.0	51.0	759
5.0	49.0	760
7.0	50.0	761
7.0	50.0	762
7.0	51.0	763
6.0	49.0	764
6.0	50.0	765
5.0	49.0	766
6.0	52.0	767
6.0	52.0	768
2.0	50.0	769
7.0	51.0	770
5.0	50.0	771
4.0	50.0	772
9.0	51.0	773
7.0	49.0	774
4.0	50.0	775
6.0	51.0	776
3.0	49.0	777
8.0	51.0	778
8.0	52.0	779
4.0	51.0	780
6.0	52.0	781
8.0	52.0	782
5.0	50.0	783
7.0	49.0	784
5.0	50.0	785
5.0	51.0	786
3.0	49.0	787
9.0	51.0	788
4.0	52.0	789
4.0	52.0	790
8.0	50.0	791
7.0	52.0	792
6.0	51.0	793
7.0	51.0	794
3.0	49.0	795
4.0	51.0	796
7.0	51.0	797
10.0	52.0	798
6.0	51.0	799
4.0	51.0	800
7.0	50.0	801
2.0	49.0	802
5.0	50.0	803
6.0	50.0	804
4.0	50.0	805
5.0	50.0	806
9.0	52.0	807
7.0	50.0	808
7.0	51.0	809
5.0	49.0	810
3.0	50.0	811
6.0	51.0	812
12.0	50.0	813
5.0	49.0	814
5.0	52.0	815
7.0	50.0	816
3.0	51.0	817
6.0	51.0	818
5.0	50.0	819
9.0	52.0	820
6.0	51.0	821
3.0	51.0	822
3.0	51.0	823
8.0	50.0	824
6.0	50.0	825
1.0	50.0	826
6.0	52.0	827
4.0	51.0	828
5.0	52.0	829
5.0	50.0	830
7.0	50.0	831
5.0	49.0	832
6.0	51.0	833
9.0	51.0	834
9.0	51.0	835
4.0	50.0	836
7.0	50.0	837
3.0	51.0	838
5.0	51.0	839
5.0	52.0	840
6.0	50.0	841
4.0	51.0	842
5.0	51.0	843
4.0	50.0	844
5.0	49.0	845
2.0	51.0	846
2.0	52.0	847
9.0	50.0	848
5.0	51.0	849
5.0	51.0	850
4.0	51.0	851
9.0	51.0	852
3.0	50.0	853
4.0	49.0	854
5.0	50.0	855
5.0	52.0	856
4.0	50.0	857
7.0	51.0	858
6.0	51.0	859
7.0	52.0	860
2.0	51.0	861
6.0	51.0	862
5.0	51.0	863
3.0	51.0	864
4.0	50.0	865
1.0	51.0	866
7.0	49.0	867
5.0	50.0	868
5.0	51.0	869
7.0	52.0	870
5.0	51.0	871
1.0	50.0	872
6.0	51.0	873
6.0	51.0	874
8.0	51.0	875
4.0	51.0	876
5.0	53.0	877
5.0	50.0	878
2.0	49.0	879
6.0	50.0	880
5.0	51.0	881
7.0	50.0	882
7.0	51.0	883
6.0	52.0	884
12.0	51.0	885
3.0	50.0	886
2.0	51.0	887
4.0	50.0	888
5.0	49.0	889
7.0	51.0	890
3.0	50.0	891
4.0	49.0	892
3.0	51.0	893
4.0	51.0	894
2.0	51.0	895
2.0	50.0	896
2.0	51.0	897
5.0	51.0	898
3.0	51.0	899
6.0	51.0	900
6.0	52.0	901
6.0	50.0	902
4.0	51.0	903
6.0	50.0	904
3.0	50.0	905
3.0	49.0	906
5.0	51.0	907
6.0	52.0	908
5.0	50.0	909
6.0	51.0	910
6.0	51.0	911
3.0	50.0	912
5.0	50.0	913
10.0	53.0	914
3.0	50.0	915
5.0	52.0	916
5.0	53.0	917
4.0	50.0	918
5.0	50.0	919
6.0	52.0	920
3.0	52.0	921
6.0	50.0	922
6.0	49.0	923
9.0	51.0	924
3.0	52.0	925
6.0	51.0	926
7.0	50.0	927
8.0	52.0	928
5.0	51.0	929
5.0	52.0	930
2.0	51.0	931
6.0	51.0	932
4.0	49.0	933
4.0	51.0	934
5.0	51.0	935
4.0	50.0	936
2.0	49.0	937
3.0	52.0	938
4.0	51.0	939
4.0	51.0	940
3.0	50.0	941
9.0	51.0	942
8.0	51.0	943
5.0	51.0	944
5.0	51.0	945
4.0	51.0	946
7.0	51.0	947
6.0	50.0	948
7.0	51.0	949
9.0	51.0	950
4.0	50.0	951
5.0	50.0	952
5.0	51.0	953
5.0	51.0	954
2.0	51.0	955
3.0	52.0	956
7.0	51.0	957
3.0	52.0	958
5.0	51.0	959
5.0	51.0	960
3.0	50.0	961
7.0	50.0	962
5.0	51.0	963
6.0	49.0	964
4.0	51.0	965
2.0	51.0	966
2.0	51.0	967
5.0	51.0	968
3.0	50.0	969
4.0	51.0	970
5.0	50.0	971
9.0	51.0	972
3.0	50.0	973
6.0	50.0	974
4.0	50.0	975
3.0	51.0	976
8.0	50.0	977
3.0	51.0	978
5.0	51.0	979
7.0	52.0	980
5.0	52.0	981
3.0	51.0	982
2.0	51.0	983
5.0	51.0	984
8.0	51.0	985
2.0	51.0	986
4.0	49.0	987
3.0	52.0	988
4.0	51.0	989
2.0	51.0	990
9.0	51.0	991
5.0	52.0	992
8.0	51.0	993
6.0	52.0	994
2.0	50.0	995
5.0	51.0	996
7.0	52.0	997
4.0	52.0	998
7.0	50.0	999
1.0	48.0	1000
