#CDA decimation Metropolis T0 KSAT
#N=1024  stepsdec=5  alpha=3.1   NSamples=1000
#av(e)	3.768
#std(e)	0.056992771471477
#av(t)	46.924
#std(t)	0.20958583921629886
2.0	35.0	1
5.0	35.0	2
2.0	36.0	3
1.0	34.0	4
5.0	36.0	5
4.0	35.0	6
3.0	36.0	7
3.0	35.0	8
3.0	36.0	9
5.0	35.0	10
6.0	35.0	11
3.0	34.0	12
6.0	35.0	13
6.0	36.0	14
2.0	36.0	15
3.0	36.0	16
5.0	37.0	17
2.0	36.0	18
4.0	37.0	19
2.0	36.0	20
3.0	35.0	21
4.0	35.0	22
5.0	35.0	23
5.0	36.0	24
5.0	35.0	25
1.0	34.0	26
3.0	36.0	27
4.0	34.0	28
0.0	34.0	29
2.0	35.0	30
3.0	35.0	31
6.0	35.0	32
2.0	35.0	33
5.0	35.0	34
3.0	35.0	35
5.0	35.0	36
1.0	36.0	37
5.0	35.0	38
3.0	36.0	39
3.0	36.0	40
5.0	36.0	41
3.0	35.0	42
1.0	34.0	43
4.0	35.0	44
2.0	36.0	45
5.0	35.0	46
2.0	35.0	47
3.0	36.0	48
4.0	35.0	49
4.0	36.0	50
4.0	35.0	51
5.0	35.0	52
4.0	36.0	53
6.0	35.0	54
3.0	36.0	55
3.0	36.0	56
2.0	35.0	57
5.0	36.0	58
7.0	35.0	59
5.0	36.0	60
7.0	35.0	61
5.0	35.0	62
8.0	36.0	63
3.0	36.0	64
3.0	36.0	65
5.0	35.0	66
6.0	36.0	67
2.0	35.0	68
5.0	35.0	69
7.0	35.0	70
1.0	35.0	71
3.0	35.0	72
7.0	35.0	73
6.0	35.0	74
3.0	35.0	75
2.0	35.0	76
3.0	34.0	77
1.0	34.0	78
4.0	34.0	79
3.0	35.0	80
3.0	34.0	81
3.0	36.0	82
3.0	35.0	83
3.0	35.0	84
3.0	35.0	85
7.0	35.0	86
6.0	34.0	87
1.0	34.0	88
5.0	33.0	89
3.0	35.0	90
4.0	35.0	91
8.0	35.0	92
2.0	34.0	93
5.0	34.0	94
3.0	35.0	95
5.0	34.0	96
6.0	34.0	97
5.0	34.0	98
4.0	34.0	99
7.0	34.0	100
4.0	35.0	101
3.0	34.0	102
5.0	36.0	103
6.0	35.0	104
6.0	34.0	105
4.0	35.0	106
4.0	34.0	107
2.0	34.0	108
8.0	35.0	109
5.0	35.0	110
2.0	35.0	111
6.0	35.0	112
4.0	34.0	113
4.0	35.0	114
0.0	34.0	115
1.0	34.0	116
2.0	35.0	117
2.0	36.0	118
3.0	35.0	119
2.0	35.0	120
3.0	36.0	121
2.0	35.0	122
5.0	35.0	123
4.0	34.0	124
6.0	35.0	125
9.0	35.0	126
5.0	35.0	127
2.0	35.0	128
2.0	35.0	129
5.0	36.0	130
5.0	35.0	131
6.0	35.0	132
3.0	35.0	133
5.0	35.0	134
2.0	35.0	135
5.0	35.0	136
3.0	35.0	137
4.0	35.0	138
3.0	34.0	139
3.0	34.0	140
4.0	34.0	141
2.0	35.0	142
4.0	34.0	143
6.0	34.0	144
6.0	34.0	145
4.0	35.0	146
5.0	36.0	147
3.0	34.0	148
2.0	35.0	149
5.0	35.0	150
3.0	35.0	151
3.0	35.0	152
4.0	35.0	153
8.0	35.0	154
2.0	35.0	155
2.0	35.0	156
5.0	35.0	157
7.0	34.0	158
2.0	35.0	159
0.0	32.0	160
1.0	34.0	161
4.0	35.0	162
7.0	35.0	163
5.0	34.0	164
2.0	35.0	165
4.0	35.0	166
2.0	35.0	167
2.0	34.0	168
5.0	35.0	169
4.0	35.0	170
2.0	35.0	171
4.0	35.0	172
6.0	34.0	173
3.0	35.0	174
3.0	35.0	175
5.0	35.0	176
6.0	35.0	177
5.0	35.0	178
3.0	35.0	179
6.0	34.0	180
5.0	34.0	181
6.0	35.0	182
2.0	35.0	183
3.0	38.0	184
8.0	39.0	185
4.0	40.0	186
7.0	40.0	187
5.0	39.0	188
3.0	40.0	189
3.0	40.0	190
1.0	38.0	191
4.0	39.0	192
2.0	39.0	193
2.0	39.0	194
7.0	39.0	195
4.0	39.0	196
3.0	38.0	197
2.0	39.0	198
3.0	40.0	199
5.0	39.0	200
2.0	39.0	201
2.0	39.0	202
7.0	40.0	203
5.0	38.0	204
5.0	38.0	205
7.0	40.0	206
2.0	40.0	207
2.0	39.0	208
6.0	40.0	209
2.0	39.0	210
2.0	40.0	211
4.0	40.0	212
4.0	39.0	213
1.0	37.0	214
3.0	39.0	215
4.0	40.0	216
4.0	37.0	217
2.0	38.0	218
4.0	38.0	219
5.0	38.0	220
5.0	39.0	221
2.0	38.0	222
3.0	37.0	223
3.0	37.0	224
4.0	37.0	225
3.0	38.0	226
5.0	38.0	227
8.0	37.0	228
3.0	35.0	229
3.0	35.0	230
5.0	35.0	231
7.0	36.0	232
2.0	37.0	233
7.0	36.0	234
2.0	39.0	235
1.0	40.0	236
3.0	41.0	237
4.0	41.0	238
5.0	40.0	239
3.0	39.0	240
7.0	41.0	241
5.0	40.0	242
3.0	40.0	243
7.0	40.0	244
2.0	41.0	245
7.0	39.0	246
3.0	38.0	247
3.0	39.0	248
2.0	38.0	249
4.0	38.0	250
6.0	48.0	251
4.0	47.0	252
3.0	46.0	253
4.0	47.0	254
2.0	46.0	255
6.0	46.0	256
5.0	47.0	257
7.0	46.0	258
5.0	47.0	259
3.0	48.0	260
3.0	46.0	261
4.0	46.0	262
3.0	46.0	263
0.0	45.0	264
3.0	47.0	265
2.0	46.0	266
3.0	48.0	267
4.0	47.0	268
2.0	47.0	269
2.0	46.0	270
2.0	46.0	271
2.0	47.0	272
4.0	47.0	273
2.0	47.0	274
4.0	47.0	275
7.0	47.0	276
6.0	47.0	277
4.0	46.0	278
5.0	49.0	279
2.0	53.0	280
3.0	53.0	281
6.0	53.0	282
4.0	51.0	283
1.0	50.0	284
4.0	51.0	285
1.0	51.0	286
6.0	51.0	287
3.0	52.0	288
6.0	52.0	289
3.0	51.0	290
1.0	50.0	291
2.0	52.0	292
5.0	51.0	293
4.0	50.0	294
3.0	53.0	295
4.0	52.0	296
3.0	51.0	297
1.0	51.0	298
4.0	52.0	299
3.0	51.0	300
2.0	52.0	301
1.0	51.0	302
2.0	52.0	303
4.0	52.0	304
4.0	52.0	305
3.0	53.0	306
4.0	52.0	307
6.0	51.0	308
3.0	51.0	309
7.0	53.0	310
4.0	53.0	311
4.0	51.0	312
3.0	50.0	313
4.0	48.0	314
1.0	48.0	315
0.0	47.0	316
5.0	49.0	317
9.0	48.0	318
2.0	48.0	319
3.0	47.0	320
5.0	47.0	321
5.0	47.0	322
1.0	48.0	323
5.0	51.0	324
0.0	52.0	325
2.0	52.0	326
2.0	52.0	327
3.0	52.0	328
4.0	51.0	329
2.0	52.0	330
7.0	52.0	331
3.0	52.0	332
5.0	52.0	333
2.0	52.0	334
6.0	51.0	335
3.0	52.0	336
2.0	52.0	337
3.0	52.0	338
1.0	49.0	339
3.0	52.0	340
1.0	51.0	341
3.0	52.0	342
4.0	52.0	343
3.0	51.0	344
5.0	52.0	345
1.0	51.0	346
2.0	51.0	347
6.0	52.0	348
3.0	53.0	349
3.0	51.0	350
6.0	52.0	351
5.0	52.0	352
5.0	52.0	353
7.0	53.0	354
2.0	52.0	355
6.0	51.0	356
7.0	52.0	357
10.0	53.0	358
7.0	52.0	359
6.0	53.0	360
1.0	50.0	361
1.0	51.0	362
6.0	51.0	363
4.0	53.0	364
3.0	52.0	365
3.0	52.0	366
5.0	52.0	367
3.0	52.0	368
2.0	52.0	369
2.0	51.0	370
5.0	52.0	371
6.0	52.0	372
7.0	52.0	373
0.0	50.0	374
4.0	52.0	375
4.0	52.0	376
3.0	51.0	377
3.0	50.0	378
5.0	53.0	379
5.0	52.0	380
5.0	51.0	381
2.0	52.0	382
3.0	52.0	383
7.0	52.0	384
4.0	52.0	385
5.0	52.0	386
3.0	52.0	387
1.0	49.0	388
4.0	50.0	389
2.0	53.0	390
4.0	52.0	391
7.0	52.0	392
3.0	51.0	393
5.0	52.0	394
4.0	52.0	395
5.0	52.0	396
5.0	51.0	397
5.0	51.0	398
2.0	51.0	399
3.0	51.0	400
2.0	52.0	401
2.0	52.0	402
3.0	51.0	403
5.0	52.0	404
9.0	51.0	405
2.0	52.0	406
4.0	51.0	407
3.0	52.0	408
7.0	53.0	409
3.0	50.0	410
1.0	51.0	411
4.0	52.0	412
5.0	53.0	413
3.0	51.0	414
5.0	52.0	415
2.0	52.0	416
3.0	51.0	417
8.0	51.0	418
2.0	52.0	419
2.0	52.0	420
5.0	52.0	421
7.0	52.0	422
3.0	52.0	423
3.0	52.0	424
7.0	52.0	425
5.0	51.0	426
4.0	52.0	427
1.0	51.0	428
3.0	51.0	429
7.0	50.0	430
5.0	49.0	431
1.0	47.0	432
5.0	48.0	433
2.0	48.0	434
4.0	48.0	435
6.0	47.0	436
4.0	46.0	437
4.0	47.0	438
4.0	47.0	439
3.0	46.0	440
3.0	47.0	441
5.0	52.0	442
3.0	52.0	443
4.0	53.0	444
2.0	52.0	445
3.0	52.0	446
4.0	53.0	447
6.0	52.0	448
2.0	51.0	449
2.0	52.0	450
4.0	52.0	451
3.0	52.0	452
5.0	53.0	453
4.0	51.0	454
2.0	51.0	455
1.0	50.0	456
5.0	52.0	457
5.0	51.0	458
4.0	52.0	459
4.0	52.0	460
4.0	53.0	461
6.0	52.0	462
3.0	52.0	463
2.0	52.0	464
8.0	51.0	465
3.0	52.0	466
5.0	51.0	467
2.0	52.0	468
1.0	50.0	469
5.0	52.0	470
4.0	52.0	471
4.0	52.0	472
1.0	52.0	473
5.0	52.0	474
5.0	53.0	475
3.0	52.0	476
4.0	51.0	477
2.0	52.0	478
3.0	53.0	479
6.0	52.0	480
2.0	51.0	481
6.0	53.0	482
5.0	51.0	483
2.0	52.0	484
4.0	52.0	485
5.0	52.0	486
5.0	51.0	487
2.0	52.0	488
4.0	51.0	489
4.0	52.0	490
5.0	49.0	491
2.0	48.0	492
1.0	46.0	493
5.0	48.0	494
1.0	46.0	495
4.0	49.0	496
5.0	48.0	497
0.0	46.0	498
2.0	48.0	499
1.0	50.0	500
3.0	48.0	501
2.0	47.0	502
6.0	46.0	503
5.0	48.0	504
1.0	45.0	505
4.0	47.0	506
5.0	48.0	507
5.0	47.0	508
6.0	49.0	509
2.0	47.0	510
5.0	48.0	511
4.0	48.0	512
2.0	46.0	513
5.0	46.0	514
0.0	46.0	515
3.0	46.0	516
5.0	47.0	517
3.0	47.0	518
4.0	47.0	519
5.0	47.0	520
4.0	47.0	521
6.0	47.0	522
2.0	47.0	523
1.0	46.0	524
3.0	46.0	525
4.0	48.0	526
2.0	47.0	527
1.0	45.0	528
4.0	49.0	529
4.0	52.0	530
4.0	51.0	531
3.0	53.0	532
4.0	52.0	533
4.0	51.0	534
1.0	51.0	535
5.0	51.0	536
4.0	52.0	537
2.0	53.0	538
3.0	51.0	539
3.0	51.0	540
5.0	52.0	541
4.0	51.0	542
1.0	50.0	543
5.0	51.0	544
5.0	51.0	545
3.0	52.0	546
5.0	51.0	547
5.0	53.0	548
6.0	51.0	549
4.0	51.0	550
5.0	51.0	551
8.0	53.0	552
4.0	52.0	553
2.0	51.0	554
4.0	51.0	555
2.0	50.0	556
2.0	51.0	557
3.0	51.0	558
2.0	52.0	559
3.0	52.0	560
4.0	51.0	561
3.0	50.0	562
3.0	49.0	563
5.0	48.0	564
2.0	49.0	565
3.0	47.0	566
5.0	48.0	567
4.0	47.0	568
6.0	48.0	569
6.0	48.0	570
3.0	47.0	571
3.0	47.0	572
4.0	48.0	573
6.0	51.0	574
1.0	50.0	575
2.0	52.0	576
5.0	51.0	577
5.0	51.0	578
6.0	50.0	579
2.0	51.0	580
6.0	52.0	581
5.0	52.0	582
5.0	52.0	583
3.0	52.0	584
4.0	51.0	585
3.0	52.0	586
3.0	52.0	587
1.0	50.0	588
3.0	51.0	589
3.0	51.0	590
4.0	52.0	591
4.0	52.0	592
7.0	50.0	593
3.0	52.0	594
4.0	52.0	595
3.0	51.0	596
7.0	51.0	597
3.0	51.0	598
4.0	52.0	599
8.0	52.0	600
5.0	51.0	601
2.0	50.0	602
4.0	52.0	603
4.0	52.0	604
1.0	50.0	605
3.0	52.0	606
8.0	52.0	607
4.0	53.0	608
6.0	52.0	609
6.0	50.0	610
4.0	52.0	611
4.0	51.0	612
2.0	52.0	613
8.0	52.0	614
4.0	50.0	615
4.0	51.0	616
2.0	52.0	617
4.0	52.0	618
5.0	52.0	619
6.0	51.0	620
2.0	52.0	621
3.0	50.0	622
3.0	52.0	623
3.0	51.0	624
2.0	51.0	625
3.0	51.0	626
2.0	51.0	627
9.0	51.0	628
2.0	50.0	629
0.0	49.0	630
1.0	49.0	631
5.0	51.0	632
6.0	52.0	633
6.0	51.0	634
4.0	52.0	635
0.0	51.0	636
3.0	50.0	637
3.0	51.0	638
3.0	51.0	639
5.0	52.0	640
3.0	53.0	641
2.0	51.0	642
5.0	51.0	643
5.0	52.0	644
3.0	51.0	645
4.0	51.0	646
1.0	50.0	647
3.0	52.0	648
5.0	49.0	649
2.0	50.0	650
2.0	52.0	651
5.0	51.0	652
2.0	51.0	653
3.0	52.0	654
5.0	53.0	655
1.0	50.0	656
5.0	52.0	657
2.0	51.0	658
4.0	51.0	659
4.0	52.0	660
3.0	52.0	661
6.0	52.0	662
4.0	52.0	663
6.0	53.0	664
5.0	51.0	665
8.0	53.0	666
3.0	51.0	667
3.0	52.0	668
5.0	52.0	669
4.0	52.0	670
4.0	54.0	671
4.0	52.0	672
5.0	52.0	673
6.0	52.0	674
3.0	53.0	675
1.0	50.0	676
3.0	51.0	677
7.0	52.0	678
2.0	51.0	679
5.0	49.0	680
5.0	49.0	681
7.0	47.0	682
3.0	48.0	683
4.0	48.0	684
3.0	48.0	685
2.0	48.0	686
6.0	47.0	687
4.0	48.0	688
6.0	47.0	689
4.0	47.0	690
1.0	46.0	691
3.0	49.0	692
7.0	52.0	693
4.0	51.0	694
4.0	51.0	695
4.0	53.0	696
3.0	53.0	697
3.0	51.0	698
3.0	50.0	699
4.0	52.0	700
0.0	49.0	701
4.0	52.0	702
6.0	53.0	703
3.0	51.0	704
2.0	51.0	705
3.0	52.0	706
1.0	50.0	707
4.0	52.0	708
4.0	51.0	709
6.0	52.0	710
3.0	52.0	711
7.0	51.0	712
4.0	52.0	713
3.0	52.0	714
5.0	51.0	715
3.0	52.0	716
1.0	50.0	717
4.0	52.0	718
6.0	50.0	719
4.0	51.0	720
3.0	51.0	721
4.0	53.0	722
2.0	52.0	723
5.0	51.0	724
6.0	53.0	725
1.0	50.0	726
8.0	51.0	727
3.0	51.0	728
4.0	51.0	729
7.0	51.0	730
4.0	51.0	731
3.0	52.0	732
4.0	51.0	733
3.0	51.0	734
5.0	52.0	735
8.0	52.0	736
4.0	51.0	737
4.0	52.0	738
3.0	52.0	739
4.0	52.0	740
3.0	50.0	741
3.0	50.0	742
3.0	48.0	743
4.0	48.0	744
8.0	48.0	745
3.0	48.0	746
8.0	49.0	747
3.0	48.0	748
5.0	48.0	749
3.0	50.0	750
3.0	47.0	751
4.0	47.0	752
1.0	45.0	753
1.0	46.0	754
3.0	47.0	755
3.0	49.0	756
1.0	46.0	757
3.0	46.0	758
6.0	48.0	759
2.0	47.0	760
2.0	48.0	761
4.0	49.0	762
5.0	47.0	763
3.0	47.0	764
2.0	49.0	765
1.0	46.0	766
6.0	47.0	767
6.0	47.0	768
3.0	48.0	769
4.0	48.0	770
3.0	48.0	771
6.0	49.0	772
3.0	49.0	773
5.0	47.0	774
6.0	47.0	775
2.0	47.0	776
4.0	47.0	777
6.0	49.0	778
4.0	51.0	779
4.0	52.0	780
3.0	52.0	781
4.0	52.0	782
5.0	52.0	783
4.0	51.0	784
3.0	52.0	785
3.0	52.0	786
6.0	53.0	787
4.0	52.0	788
2.0	53.0	789
3.0	53.0	790
3.0	51.0	791
4.0	53.0	792
4.0	50.0	793
6.0	53.0	794
0.0	49.0	795
5.0	52.0	796
5.0	52.0	797
2.0	52.0	798
5.0	51.0	799
0.0	50.0	800
3.0	51.0	801
2.0	51.0	802
1.0	49.0	803
8.0	51.0	804
6.0	51.0	805
3.0	51.0	806
7.0	52.0	807
6.0	52.0	808
4.0	51.0	809
6.0	51.0	810
3.0	51.0	811
4.0	51.0	812
9.0	50.0	813
2.0	49.0	814
4.0	50.0	815
6.0	49.0	816
1.0	47.0	817
4.0	51.0	818
4.0	49.0	819
2.0	47.0	820
1.0	47.0	821
2.0	48.0	822
2.0	50.0	823
3.0	54.0	824
1.0	52.0	825
1.0	50.0	826
4.0	53.0	827
1.0	51.0	828
2.0	51.0	829
3.0	52.0	830
6.0	52.0	831
3.0	50.0	832
4.0	52.0	833
6.0	52.0	834
5.0	52.0	835
3.0	50.0	836
3.0	52.0	837
6.0	51.0	838
2.0	53.0	839
3.0	52.0	840
1.0	49.0	841
5.0	53.0	842
4.0	52.0	843
3.0	51.0	844
2.0	51.0	845
3.0	51.0	846
6.0	51.0	847
6.0	51.0	848
5.0	52.0	849
4.0	52.0	850
3.0	52.0	851
7.0	51.0	852
1.0	50.0	853
3.0	52.0	854
4.0	52.0	855
5.0	53.0	856
7.0	51.0	857
4.0	53.0	858
1.0	51.0	859
7.0	52.0	860
4.0	52.0	861
4.0	51.0	862
1.0	51.0	863
3.0	51.0	864
2.0	53.0	865
2.0	52.0	866
1.0	50.0	867
3.0	51.0	868
5.0	52.0	869
2.0	52.0	870
3.0	52.0	871
3.0	51.0	872
5.0	53.0	873
5.0	52.0	874
4.0	52.0	875
4.0	52.0	876
5.0	53.0	877
4.0	51.0	878
4.0	51.0	879
6.0	51.0	880
5.0	52.0	881
3.0	52.0	882
3.0	52.0	883
3.0	52.0	884
8.0	51.0	885
3.0	52.0	886
1.0	50.0	887
3.0	50.0	888
4.0	52.0	889
5.0	52.0	890
2.0	52.0	891
5.0	50.0	892
3.0	51.0	893
3.0	51.0	894
3.0	52.0	895
2.0	51.0	896
4.0	53.0	897
2.0	52.0	898
3.0	51.0	899
4.0	51.0	900
8.0	51.0	901
3.0	52.0	902
3.0	52.0	903
3.0	51.0	904
5.0	52.0	905
8.0	49.0	906
3.0	51.0	907
2.0	52.0	908
4.0	53.0	909
2.0	52.0	910
5.0	52.0	911
3.0	51.0	912
3.0	52.0	913
8.0	54.0	914
3.0	51.0	915
2.0	51.0	916
3.0	51.0	917
5.0	50.0	918
7.0	52.0	919
3.0	52.0	920
2.0	53.0	921
2.0	52.0	922
4.0	51.0	923
5.0	52.0	924
0.0	51.0	925
6.0	53.0	926
3.0	52.0	927
5.0	52.0	928
3.0	50.0	929
4.0	49.0	930
3.0	50.0	931
5.0	51.0	932
5.0	47.0	933
4.0	50.0	934
2.0	48.0	935
2.0	48.0	936
5.0	46.0	937
4.0	49.0	938
2.0	47.0	939
9.0	49.0	940
3.0	50.0	941
2.0	53.0	942
7.0	51.0	943
1.0	50.0	944
4.0	51.0	945
3.0	53.0	946
4.0	53.0	947
4.0	52.0	948
10.0	52.0	949
5.0	52.0	950
3.0	53.0	951
4.0	51.0	952
3.0	52.0	953
6.0	51.0	954
3.0	52.0	955
3.0	51.0	956
4.0	52.0	957
3.0	52.0	958
1.0	51.0	959
5.0	51.0	960
3.0	53.0	961
4.0	51.0	962
6.0	52.0	963
1.0	49.0	964
7.0	50.0	965
1.0	50.0	966
3.0	52.0	967
3.0	51.0	968
3.0	51.0	969
1.0	51.0	970
4.0	52.0	971
6.0	53.0	972
4.0	52.0	973
4.0	53.0	974
2.0	52.0	975
2.0	52.0	976
4.0	52.0	977
1.0	50.0	978
6.0	51.0	979
8.0	51.0	980
2.0	52.0	981
0.0	50.0	982
4.0	52.0	983
3.0	50.0	984
2.0	53.0	985
4.0	52.0	986
3.0	50.0	987
4.0	52.0	988
3.0	51.0	989
1.0	50.0	990
4.0	49.0	991
2.0	50.0	992
1.0	47.0	993
2.0	47.0	994
3.0	49.0	995
6.0	49.0	996
6.0	50.0	997
2.0	48.0	998
6.0	53.0	999
0.0	49.0	1000
