#CDA decimation Metropolis T0 KSAT
#N=8192  stepsdec=10  alpha=1.9   NSamples=589
#av(e)	0.022071307300509338
#std(e)	0.006053547795100412
#av(t)	1954.0458404074702
#std(t)	8.849756000255647
0.0	1784.0	1
0.0	1792.0	2
0.0	1772.0	3
0.0	1796.0	4
0.0	1793.0	5
0.0	1784.0	6
0.0	1758.0	7
0.0	1804.0	8
0.0	1772.0	9
0.0	1758.0	10
0.0	1812.0	11
0.0	1810.0	18
0.0	1766.0	19
0.0	1767.0	20
0.0	1774.0	23
0.0	1784.0	24
0.0	1797.0	26
0.0	1782.0	27
0.0	1762.0	28
0.0	1783.0	29
0.0	1791.0	30
0.0	1795.0	31
0.0	1766.0	32
0.0	1809.0	33
0.0	1770.0	34
0.0	1788.0	35
0.0	1790.0	36
0.0	1821.0	43
0.0	1771.0	44
0.0	1789.0	45
0.0	1789.0	48
0.0	1793.0	49
0.0	1776.0	51
0.0	1785.0	52
0.0	1773.0	53
0.0	1801.0	54
0.0	1793.0	55
0.0	1781.0	56
0.0	1726.0	57
0.0	1839.0	58
0.0	1760.0	59
0.0	1739.0	60
0.0	1784.0	61
0.0	1776.0	68
0.0	1776.0	69
0.0	1766.0	70
0.0	1759.0	73
0.0	1795.0	74
0.0	1813.0	76
0.0	1805.0	77
0.0	1779.0	78
0.0	1793.0	79
0.0	1802.0	80
0.0	1792.0	81
0.0	1764.0	82
0.0	1835.0	83
0.0	1801.0	84
0.0	1801.0	85
0.0	1822.0	86
0.0	1815.0	93
0.0	1788.0	94
0.0	1781.0	95
0.0	1826.0	97
0.0	1802.0	98
1.0	1799.0	99
0.0	1786.0	101
0.0	1793.0	102
0.0	1775.0	103
0.0	1804.0	104
0.0	1823.0	105
0.0	1790.0	106
0.0	1800.0	107
0.0	1817.0	108
0.0	1799.0	109
0.0	1777.0	110
0.0	1791.0	111
0.0	1831.0	118
0.0	1814.0	119
0.0	1793.0	120
0.0	1778.0	122
0.0	1801.0	123
0.0	1781.0	124
0.0	1795.0	126
0.0	1812.0	127
0.0	1801.0	128
0.0	1799.0	129
1.0	1818.0	130
0.0	1781.0	131
0.0	1779.0	132
0.0	1828.0	133
0.0	1791.0	134
0.0	1802.0	135
0.0	1816.0	136
0.0	1807.0	143
0.0	1792.0	144
0.0	1783.0	145
0.0	1835.0	147
0.0	1797.0	148
0.0	1802.0	149
0.0	1820.0	151
0.0	1800.0	152
0.0	1770.0	153
0.0	1819.0	154
0.0	1808.0	155
0.0	1783.0	156
0.0	1785.0	157
0.0	1795.0	158
0.0	1788.0	159
0.0	1789.0	160
1.0	1797.0	161
0.0	1805.0	168
0.0	1783.0	169
0.0	1767.0	170
0.0	1789.0	173
0.0	1828.0	174
0.0	1787.0	176
0.0	1806.0	177
0.0	1806.0	178
0.0	1789.0	179
0.0	1798.0	180
0.0	1820.0	181
0.0	1777.0	182
0.0	1812.0	183
0.0	1802.0	184
0.0	1799.0	185
1.0	1819.0	186
0.0	1799.0	193
0.0	1784.0	194
0.0	1815.0	195
0.0	1804.0	197
0.0	1806.0	198
0.0	1800.0	201
0.0	1800.0	202
0.0	1819.0	203
0.0	1814.0	204
0.0	1811.0	205
0.0	1778.0	206
0.0	1791.0	207
0.0	1836.0	208
0.0	1794.0	209
0.0	1814.0	210
0.0	1819.0	211
0.0	1801.0	218
0.0	1821.0	219
0.0	1815.0	220
1.0	1799.0	222
0.0	1801.0	223
0.0	1791.0	226
0.0	1783.0	227
0.0	1763.0	228
0.0	1807.0	229
0.0	1780.0	230
0.0	1789.0	231
0.0	1783.0	232
0.0	1823.0	233
0.0	1770.0	234
0.0	1782.0	235
0.0	1832.0	236
0.0	1813.0	243
0.0	1793.0	244
0.0	1793.0	245
0.0	1800.0	248
0.0	1771.0	249
0.0	1826.0	251
0.0	1807.0	252
0.0	1787.0	253
0.0	1816.0	254
0.0	1791.0	255
0.0	1788.0	256
0.0	1788.0	257
1.0	1781.0	258
0.0	1784.0	259
0.0	1794.0	260
0.0	1793.0	261
0.0	1822.0	268
0.0	1796.0	269
0.0	1818.0	270
0.0	1808.0	272
0.0	1786.0	273
0.0	1803.0	274
0.0	1792.0	276
0.0	1794.0	277
0.0	1775.0	278
0.0	1787.0	279
0.0	1799.0	280
0.0	1755.0	281
0.0	1757.0	282
0.0	1805.0	283
0.0	1761.0	284
0.0	1746.0	285
0.0	1802.0	286
0.0	1808.0	293
0.0	1772.0	294
0.0	1753.0	295
0.0	1771.0	298
0.0	1799.0	299
0.0	1802.0	301
0.0	1792.0	302
0.0	1781.0	303
0.0	1789.0	304
0.0	1803.0	305
0.0	1774.0	306
0.0	1776.0	307
0.0	1799.0	308
0.0	1800.0	309
0.0	1782.0	310
0.0	1799.0	311
0.0	1807.0	318
0.0	1780.0	319
0.0	1764.0	320
0.0	1794.0	323
0.0	1818.0	324
0.0	1776.0	326
0.0	1780.0	327
0.0	1798.0	328
0.0	1800.0	329
0.0	1806.0	330
0.0	1774.0	331
0.0	1757.0	332
0.0	1797.0	333
0.0	1752.0	334
0.0	1766.0	335
0.0	1783.0	336
0.0	1784.0	343
0.0	1756.0	344
0.0	1771.0	345
0.0	1739.0	348
0.0	1809.0	349
0.0	1786.0	351
0.0	1776.0	352
0.0	1757.0	353
0.0	1786.0	354
0.0	1795.0	355
0.0	1792.0	356
0.0	1758.0	357
0.0	1791.0	358
0.0	1781.0	359
0.0	1782.0	360
0.0	1800.0	361
0.0	1797.0	368
0.0	1777.0	369
0.0	1776.0	370
0.0	1779.0	373
0.0	1800.0	374
0.0	1796.0	376
0.0	1795.0	377
0.0	1788.0	378
0.0	1777.0	379
0.0	1796.0	380
0.0	1762.0	381
0.0	1761.0	382
0.0	1817.0	383
0.0	1746.0	384
0.0	1747.0	385
0.0	1793.0	386
0.0	1783.0	393
0.0	1751.0	394
0.0	1742.0	395
0.0	1773.0	398
0.0	1791.0	399
0.0	1798.0	401
0.0	1803.0	402
0.0	1781.0	403
0.0	1804.0	404
0.0	1782.0	405
0.0	1779.0	406
0.0	1766.0	407
0.0	1851.0	408
0.0	1769.0	409
0.0	1776.0	410
0.0	1784.0	411
0.0	1800.0	418
0.0	1769.0	419
0.0	1770.0	420
0.0	1779.0	423
0.0	1809.0	424
0.0	1802.0	426
0.0	1785.0	427
0.0	1782.0	428
0.0	1803.0	429
0.0	1784.0	430
0.0	1755.0	431
0.0	1745.0	432
0.0	1788.0	433
0.0	1783.0	434
0.0	1800.0	435
0.0	1802.0	436
0.0	1805.0	443
0.0	1769.0	444
0.0	1775.0	445
0.0	1764.0	448
0.0	1779.0	449
0.0	1960.0	451
0.0	1945.0	452
0.0	1973.0	453
0.0	1963.0	454
0.0	1951.0	455
0.0	1941.0	456
0.0	1979.0	457
0.0	1941.0	458
0.0	1944.0	459
0.0	1955.0	460
0.0	1974.0	467
0.0	1990.0	468
0.0	1952.0	471
0.0	1959.0	472
0.0	2597.0	476
0.0	2616.0	477
0.0	2531.0	478
0.0	2592.0	479
0.0	2565.0	480
0.0	2714.0	481
0.0	2641.0	482
0.0	2705.0	483
0.0	2598.0	488
0.0	2576.0	491
0.0	2061.0	501
0.0	2043.0	502
0.0	2043.0	503
0.0	2055.0	504
0.0	2083.0	505
0.0	2059.0	506
0.0	2029.0	507
0.0	2096.0	508
0.0	2129.0	509
0.0	2059.0	510
0.0	2094.0	516
0.0	2048.0	517
0.0	2084.0	520
0.0	2591.0	526
0.0	2590.0	527
0.0	2624.0	528
0.0	2639.0	529
0.0	2625.0	530
0.0	2555.0	531
0.0	2650.0	532
0.0	2610.0	533
0.0	2626.0	538
0.0	2724.0	540
0.0	2654.0	541
0.0	1930.0	551
0.0	1923.0	552
0.0	1918.0	553
0.0	1995.0	554
0.0	1924.0	555
0.0	1917.0	556
0.0	1947.0	557
0.0	1919.0	558
0.0	1916.0	559
0.0	1910.0	560
0.0	2073.0	567
0.0	1984.0	568
0.0	1991.0	571
0.0	1954.0	572
0.0	1868.0	576
0.0	1875.0	577
0.0	1874.0	578
0.0	1853.0	579
0.0	1878.0	580
0.0	1857.0	581
0.0	1867.0	582
0.0	1877.0	583
0.0	1886.0	584
0.0	1852.0	585
0.0	1877.0	586
0.0	1857.0	592
0.0	1875.0	593
0.0	1915.0	594
0.0	1893.0	597
0.0	1882.0	598
0.0	2001.0	601
0.0	2000.0	602
0.0	2004.0	603
1.0	2011.0	604
0.0	1994.0	605
1.0	2005.0	606
0.0	2008.0	607
0.0	1992.0	608
0.0	2006.0	609
0.0	2014.0	610
0.0	2134.0	616
0.0	2032.0	617
0.0	2010.0	618
0.0	1993.0	620
0.0	1981.0	621
0.0	2018.0	626
0.0	2022.0	627
0.0	2017.0	628
0.0	2032.0	629
0.0	2022.0	630
0.0	2024.0	631
0.0	2027.0	632
0.0	1993.0	633
0.0	2024.0	634
0.0	2020.0	635
0.0	2016.0	641
0.0	2060.0	642
0.0	2066.0	645
0.0	2016.0	646
0.0	2519.0	651
0.0	2517.0	652
0.0	2565.0	653
0.0	2542.0	654
0.0	2514.0	655
0.0	2512.0	656
0.0	2563.0	657
0.0	2472.0	658
0.0	2493.0	663
0.0	2546.0	664
0.0	2545.0	666
0.0	2496.0	667
0.0	2459.0	676
0.0	2544.0	677
0.0	2446.0	678
0.0	2431.0	679
0.0	2459.0	680
0.0	2471.0	681
0.0	2441.0	682
0.0	2468.0	683
0.0	2473.0	688
0.0	2500.0	689
0.0	2483.0	691
0.0	2460.0	692
0.0	2033.0	701
0.0	2057.0	702
0.0	2054.0	703
0.0	2009.0	704
0.0	2025.0	705
0.0	2030.0	706
0.0	2002.0	707
0.0	2050.0	708
0.0	2040.0	709
0.0	2027.0	710
0.0	2075.0	716
1.0	2025.0	717
0.0	2078.0	720
0.0	2056.0	721
0.0	2060.0	726
0.0	2047.0	727
0.0	2048.0	728
0.0	2144.0	729
0.0	2049.0	730
1.0	2033.0	731
0.0	2043.0	732
0.0	2029.0	733
0.0	2022.0	734
0.0	2031.0	735
0.0	2085.0	741
0.0	2102.0	742
0.0	2075.0	745
0.0	2047.0	751
0.0	2090.0	752
0.0	2023.0	753
0.0	2030.0	754
0.0	2082.0	755
0.0	2051.0	756
0.0	2047.0	757
0.0	2027.0	758
0.0	2041.0	759
0.0	2059.0	760
0.0	2087.0	766
0.0	2072.0	767
0.0	2054.0	770
0.0	2074.0	776
0.0	2096.0	777
0.0	2078.0	778
0.0	2088.0	779
0.0	2098.0	780
0.0	2132.0	781
0.0	2081.0	782
0.0	2045.0	783
0.0	2067.0	784
0.0	2035.0	785
0.0	2132.0	791
0.0	2139.0	792
0.0	2109.0	794
0.0	2128.0	795
0.0	2031.0	801
0.0	2078.0	802
0.0	2093.0	803
0.0	2064.0	804
1.0	2113.0	805
0.0	2005.0	806
0.0	2076.0	807
0.0	2061.0	808
0.0	2075.0	809
0.0	2048.0	810
0.0	2090.0	816
0.0	2113.0	817
0.0	2096.0	819
0.0	2090.0	820
0.0	2101.0	826
0.0	2089.0	827
1.0	2065.0	828
0.0	2043.0	829
0.0	2098.0	830
0.0	2088.0	831
0.0	2061.0	832
0.0	2069.0	833
0.0	2095.0	834
0.0	2094.0	835
0.0	2111.0	841
0.0	2089.0	842
0.0	2095.0	844
0.0	2097.0	845
0.0	2145.0	851
0.0	2081.0	852
0.0	2084.0	853
0.0	2082.0	854
0.0	2096.0	855
0.0	2116.0	856
0.0	2083.0	857
0.0	2061.0	858
0.0	2073.0	859
0.0	2077.0	860
0.0	2144.0	866
0.0	2103.0	867
0.0	2120.0	869
0.0	2115.0	870
0.0	2030.0	876
0.0	2043.0	877
0.0	2034.0	878
0.0	2031.0	879
0.0	2030.0	880
0.0	2023.0	881
0.0	1999.0	882
0.0	2027.0	883
0.0	2039.0	884
0.0	2019.0	885
0.0	2073.0	891
0.0	2083.0	892
0.0	2056.0	895
0.0	2028.0	896
0.0	2091.0	901
0.0	2082.0	902
0.0	2109.0	903
0.0	2076.0	904
0.0	2095.0	905
0.0	2063.0	906
0.0	2068.0	907
0.0	2086.0	908
0.0	2115.0	909
0.0	2065.0	910
0.0	2128.0	916
0.0	2077.0	917
0.0	2128.0	919
0.0	2114.0	920
0.0	2017.0	926
0.0	2037.0	927
0.0	2040.0	928
0.0	2064.0	929
0.0	2044.0	930
0.0	2054.0	931
0.0	2033.0	932
0.0	2032.0	933
0.0	2033.0	934
0.0	2026.0	935
0.0	2062.0	941
0.0	2072.0	942
0.0	2043.0	945
0.0	2041.0	946
0.0	2059.0	951
0.0	2051.0	952
0.0	2058.0	953
0.0	2079.0	954
0.0	2086.0	955
0.0	2047.0	956
0.0	2072.0	957
0.0	2071.0	958
0.0	2104.0	959
0.0	2065.0	960
1.0	2140.0	966
0.0	2097.0	967
0.0	2087.0	969
0.0	2090.0	970
0.0	2035.0	976
0.0	2012.0	977
0.0	2010.0	978
0.0	2020.0	979
0.0	2108.0	980
0.0	2043.0	981
0.0	2039.0	982
0.0	2031.0	983
0.0	2038.0	984
0.0	2014.0	985
0.0	2067.0	991
0.0	2089.0	992
0.0	2078.0	995
0.0	2044.0	996
