#CDA decimation FMS KSAT
#N=2048  stepsdec=10  alpha=3.9   NSamples=526
#av(e)	12.509505703422054
#std(e)	0.13719140798617752
#av(t)	559.0589353612168
#std(t)	0.9117811519780629
15.0	555.0	1
15.0	567.0	2
7.0	555.0	3
13.0	559.0	4
7.0	556.0	5
11.0	552.0	6
14.0	555.0	7
16.0	558.0	8
10.0	555.0	9
9.0	558.0	10
9.0	554.0	11
12.0	560.0	12
8.0	548.0	13
7.0	547.0	14
9.0	542.0	15
14.0	532.0	16
10.0	538.0	17
12.0	535.0	18
12.0	535.0	19
10.0	541.0	20
9.0	535.0	21
15.0	539.0	22
11.0	537.0	23
15.0	531.0	24
12.0	533.0	25
12.0	533.0	26
13.0	526.0	27
13.0	544.0	28
11.0	545.0	29
12.0	541.0	30
10.0	530.0	31
10.0	539.0	32
8.0	547.0	33
9.0	546.0	34
9.0	541.0	35
15.0	547.0	36
7.0	531.0	37
15.0	533.0	38
10.0	535.0	39
12.0	545.0	59
12.0	533.0	60
8.0	525.0	61
6.0	538.0	62
9.0	525.0	63
13.0	538.0	64
10.0	530.0	65
11.0	526.0	66
7.0	530.0	67
11.0	528.0	74
11.0	517.0	75
10.0	541.0	76
12.0	523.0	77
12.0	525.0	78
18.0	530.0	79
13.0	529.0	80
14.0	560.0	101
11.0	554.0	102
11.0	569.0	103
19.0	555.0	104
11.0	557.0	105
14.0	562.0	106
15.0	561.0	107
15.0	553.0	108
14.0	553.0	109
10.0	556.0	110
14.0	554.0	111
13.0	570.0	112
13.0	557.0	113
13.0	541.0	114
13.0	531.0	115
11.0	546.0	116
9.0	537.0	117
15.0	520.0	118
17.0	529.0	119
11.0	547.0	120
13.0	542.0	121
13.0	543.0	122
16.0	535.0	123
14.0	545.0	124
10.0	538.0	125
12.0	536.0	126
13.0	547.0	127
10.0	532.0	128
9.0	528.0	129
13.0	539.0	130
10.0	532.0	131
16.0	540.0	132
12.0	533.0	133
11.0	539.0	134
11.0	535.0	135
13.0	529.0	136
17.0	537.0	137
13.0	551.0	138
13.0	536.0	139
10.0	525.0	159
13.0	529.0	160
17.0	526.0	161
10.0	532.0	162
14.0	532.0	163
9.0	530.0	164
17.0	537.0	165
12.0	524.0	166
9.0	528.0	167
10.0	532.0	174
7.0	528.0	175
15.0	525.0	176
13.0	525.0	177
16.0	530.0	178
16.0	536.0	179
10.0	534.0	180
20.0	559.0	201
13.0	557.0	202
14.0	566.0	203
17.0	562.0	204
12.0	560.0	205
10.0	560.0	206
15.0	560.0	207
9.0	558.0	208
10.0	558.0	209
15.0	553.0	210
16.0	550.0	211
13.0	554.0	212
12.0	562.0	213
15.0	542.0	214
9.0	528.0	215
16.0	543.0	216
12.0	543.0	217
11.0	540.0	218
21.0	547.0	219
14.0	537.0	220
10.0	530.0	221
12.0	534.0	222
11.0	537.0	223
7.0	534.0	224
8.0	543.0	225
17.0	536.0	226
15.0	536.0	227
15.0	544.0	228
7.0	534.0	229
16.0	533.0	230
13.0	536.0	231
13.0	538.0	232
10.0	533.0	233
8.0	544.0	234
12.0	537.0	235
12.0	541.0	236
8.0	532.0	237
9.0	542.0	238
10.0	530.0	239
6.0	534.0	259
14.0	531.0	260
12.0	532.0	261
7.0	530.0	262
12.0	525.0	263
13.0	529.0	264
10.0	524.0	265
13.0	536.0	266
15.0	540.0	267
14.0	547.0	274
17.0	531.0	275
10.0	530.0	276
14.0	529.0	277
14.0	533.0	278
9.0	542.0	279
18.0	525.0	280
6.0	556.0	301
21.0	558.0	302
10.0	571.0	303
11.0	561.0	304
15.0	546.0	305
16.0	550.0	306
14.0	557.0	307
14.0	563.0	308
11.0	559.0	309
7.0	558.0	310
11.0	561.0	311
9.0	558.0	312
13.0	550.0	313
15.0	542.0	314
10.0	537.0	315
14.0	547.0	316
18.0	538.0	317
14.0	533.0	318
9.0	533.0	319
12.0	538.0	320
16.0	537.0	321
15.0	550.0	322
14.0	541.0	323
11.0	547.0	324
13.0	536.0	325
12.0	530.0	326
15.0	541.0	327
13.0	535.0	328
8.0	533.0	329
7.0	543.0	330
10.0	539.0	331
11.0	543.0	332
17.0	551.0	333
17.0	537.0	334
15.0	535.0	335
13.0	537.0	336
14.0	528.0	337
13.0	544.0	338
12.0	527.0	359
16.0	532.0	360
11.0	528.0	361
12.0	527.0	362
16.0	534.0	363
12.0	524.0	364
9.0	531.0	365
11.0	539.0	366
7.0	540.0	367
19.0	531.0	373
4.0	534.0	374
11.0	532.0	375
8.0	530.0	376
16.0	545.0	377
11.0	529.0	378
11.0	536.0	379
11.0	547.0	401
18.0	557.0	402
18.0	566.0	403
14.0	555.0	404
12.0	559.0	405
10.0	564.0	406
7.0	561.0	407
14.0	558.0	408
12.0	558.0	409
15.0	567.0	410
14.0	551.0	411
7.0	550.0	412
13.0	556.0	413
12.0	546.0	414
14.0	550.0	415
11.0	543.0	416
17.0	540.0	417
10.0	546.0	418
12.0	543.0	419
7.0	539.0	420
9.0	537.0	421
5.0	541.0	422
11.0	542.0	423
14.0	550.0	424
13.0	545.0	425
12.0	547.0	426
15.0	541.0	427
10.0	542.0	428
17.0	529.0	429
15.0	533.0	430
16.0	538.0	431
15.0	541.0	432
11.0	539.0	433
10.0	534.0	434
9.0	533.0	435
13.0	534.0	436
10.0	535.0	437
13.0	536.0	438
18.0	534.0	459
13.0	541.0	460
10.0	531.0	461
16.0	524.0	462
15.0	529.0	463
19.0	539.0	464
15.0	533.0	465
12.0	543.0	466
14.0	537.0	467
12.0	532.0	473
8.0	525.0	474
21.0	548.0	475
16.0	529.0	476
11.0	534.0	477
12.0	533.0	478
12.0	542.0	479
10.0	579.0	501
20.0	605.0	502
11.0	582.0	503
10.0	583.0	504
17.0	579.0	505
15.0	587.0	506
12.0	590.0	507
18.0	594.0	508
12.0	585.0	509
13.0	581.0	510
10.0	584.0	511
15.0	582.0	512
16.0	591.0	513
8.0	574.0	514
19.0	578.0	515
8.0	582.0	516
15.0	570.0	517
16.0	584.0	518
16.0	577.0	519
14.0	585.0	520
19.0	586.0	521
11.0	579.0	522
20.0	582.0	523
11.0	576.0	524
11.0	580.0	525
11.0	586.0	526
10.0	575.0	527
9.0	582.0	528
12.0	583.0	529
13.0	575.0	530
10.0	576.0	531
12.0	584.0	532
16.0	585.0	533
10.0	579.0	534
9.0	570.0	535
10.0	579.0	536
16.0	581.0	555
12.0	585.0	556
9.0	582.0	557
13.0	565.0	558
10.0	571.0	559
9.0	567.0	560
9.0	577.0	561
15.0	581.0	562
13.0	581.0	569
18.0	578.0	570
12.0	572.0	571
13.0	576.0	572
15.0	585.0	573
11.0	590.0	574
13.0	575.0	601
18.0	573.0	602
10.0	576.0	603
6.0	584.0	604
15.0	590.0	605
14.0	578.0	606
17.0	581.0	607
9.0	577.0	608
11.0	581.0	609
15.0	590.0	610
14.0	580.0	611
9.0	584.0	612
11.0	586.0	613
14.0	580.0	614
19.0	582.0	615
11.0	579.0	616
15.0	580.0	617
11.0	585.0	618
17.0	580.0	619
14.0	577.0	620
15.0	582.0	621
14.0	583.0	622
20.0	580.0	623
10.0	581.0	624
11.0	569.0	625
13.0	577.0	626
17.0	578.0	627
9.0	584.0	628
13.0	572.0	629
11.0	590.0	630
19.0	575.0	631
18.0	580.0	632
12.0	575.0	633
15.0	580.0	634
12.0	579.0	635
9.0	573.0	636
13.0	579.0	655
15.0	578.0	656
10.0	574.0	657
12.0	576.0	658
12.0	579.0	659
15.0	571.0	660
12.0	576.0	661
18.0	569.0	662
17.0	583.0	663
15.0	569.0	669
8.0	569.0	670
20.0	584.0	671
14.0	575.0	672
15.0	571.0	673
11.0	581.0	674
12.0	579.0	701
10.0	574.0	702
19.0	576.0	703
15.0	580.0	704
12.0	589.0	705
16.0	581.0	706
9.0	576.0	707
15.0	578.0	708
14.0	587.0	709
11.0	574.0	710
12.0	578.0	711
8.0	564.0	712
18.0	582.0	713
10.0	577.0	714
7.0	576.0	715
9.0	577.0	716
12.0	573.0	717
14.0	575.0	718
7.0	576.0	719
14.0	571.0	720
15.0	584.0	721
11.0	579.0	722
10.0	575.0	723
10.0	582.0	724
12.0	575.0	725
12.0	575.0	726
9.0	572.0	727
16.0	571.0	728
15.0	583.0	729
9.0	566.0	730
11.0	572.0	731
15.0	576.0	732
10.0	580.0	733
12.0	568.0	734
17.0	573.0	735
16.0	566.0	736
11.0	575.0	756
14.0	563.0	757
13.0	575.0	758
12.0	573.0	759
14.0	573.0	760
12.0	570.0	761
10.0	574.0	762
10.0	570.0	763
10.0	573.0	769
15.0	576.0	770
12.0	572.0	771
13.0	570.0	772
14.0	565.0	773
9.0	565.0	774
11.0	557.0	775
8.0	577.0	801
14.0	573.0	802
12.0	588.0	803
10.0	585.0	804
12.0	576.0	805
12.0	573.0	806
11.0	582.0	807
11.0	578.0	808
14.0	582.0	809
11.0	579.0	810
10.0	581.0	811
9.0	586.0	812
21.0	588.0	813
10.0	579.0	814
12.0	588.0	815
8.0	587.0	816
11.0	581.0	817
14.0	576.0	818
17.0	579.0	819
13.0	568.0	820
9.0	580.0	821
20.0	585.0	822
17.0	588.0	823
18.0	573.0	824
12.0	571.0	825
17.0	579.0	826
15.0	566.0	827
12.0	569.0	828
4.0	574.0	829
14.0	582.0	830
13.0	579.0	831
11.0	577.0	832
11.0	574.0	833
14.0	574.0	834
11.0	575.0	835
11.0	570.0	836
13.0	574.0	855
15.0	574.0	856
12.0	571.0	857
20.0	582.0	858
9.0	579.0	859
14.0	576.0	860
13.0	578.0	861
16.0	579.0	862
17.0	583.0	863
12.0	574.0	869
8.0	577.0	870
16.0	582.0	871
15.0	587.0	872
8.0	573.0	873
7.0	566.0	874
10.0	586.0	901
7.0	587.0	902
13.0	583.0	903
17.0	584.0	904
11.0	572.0	905
12.0	587.0	906
16.0	583.0	907
12.0	587.0	908
10.0	585.0	909
18.0	581.0	910
7.0	580.0	911
15.0	589.0	912
16.0	580.0	913
13.0	578.0	914
12.0	584.0	915
15.0	585.0	916
13.0	590.0	917
12.0	587.0	918
12.0	579.0	919
13.0	591.0	920
12.0	588.0	921
9.0	584.0	922
15.0	580.0	923
14.0	580.0	924
10.0	582.0	925
12.0	568.0	926
12.0	583.0	927
15.0	584.0	928
11.0	577.0	929
13.0	579.0	930
16.0	579.0	931
14.0	579.0	932
11.0	588.0	933
4.0	565.0	934
14.0	584.0	935
17.0	573.0	936
12.0	578.0	955
17.0	574.0	956
14.0	576.0	957
6.0	583.0	958
11.0	576.0	959
12.0	582.0	960
15.0	567.0	961
9.0	575.0	962
16.0	575.0	969
15.0	584.0	970
10.0	580.0	971
10.0	585.0	972
13.0	580.0	973
11.0	581.0	974
