#CDA decimation Metropolis T0 KSAT
#N=4096  stepsdec=5  alpha=2.1   NSamples=565
#av(e)	0.07964601769911504
#std(e)	0.011662082311721821
#av(t)	601.1610619469027
#std(t)	2.9553464526550286
0.0	672.0	1
0.0	665.0	2
0.0	666.0	3
0.0	668.0	4
0.0	672.0	5
0.0	670.0	6
0.0	669.0	7
1.0	662.0	8
0.0	669.0	9
0.0	671.0	10
0.0	669.0	11
0.0	660.0	12
0.0	666.0	13
0.0	676.0	14
0.0	671.0	15
0.0	677.0	16
0.0	684.0	17
0.0	670.0	18
0.0	669.0	19
0.0	683.0	20
0.0	666.0	21
0.0	666.0	22
0.0	678.0	23
0.0	674.0	24
1.0	659.0	25
0.0	669.0	51
0.0	676.0	52
0.0	675.0	53
0.0	677.0	54
0.0	664.0	55
1.0	669.0	56
0.0	658.0	57
0.0	675.0	58
0.0	679.0	59
0.0	673.0	60
0.0	674.0	61
0.0	673.0	62
0.0	678.0	63
1.0	674.0	64
0.0	667.0	65
0.0	673.0	66
0.0	687.0	67
0.0	659.0	68
0.0	671.0	69
0.0	666.0	70
0.0	664.0	71
0.0	677.0	72
0.0	660.0	73
0.0	667.0	74
0.0	667.0	75
0.0	664.0	101
0.0	670.0	102
0.0	673.0	103
1.0	673.0	104
0.0	663.0	105
0.0	669.0	106
0.0	669.0	107
0.0	670.0	108
1.0	673.0	109
0.0	668.0	110
0.0	684.0	111
0.0	677.0	112
0.0	670.0	113
0.0	674.0	114
0.0	670.0	115
0.0	664.0	116
0.0	666.0	117
0.0	668.0	118
0.0	678.0	119
0.0	671.0	120
1.0	674.0	121
0.0	675.0	122
0.0	681.0	123
0.0	675.0	124
0.0	680.0	125
0.0	538.0	151
0.0	544.0	152
0.0	555.0	153
0.0	545.0	154
0.0	542.0	155
0.0	551.0	156
0.0	559.0	157
0.0	545.0	158
0.0	543.0	159
0.0	548.0	160
0.0	558.0	161
0.0	538.0	162
0.0	527.0	163
0.0	519.0	164
0.0	529.0	165
0.0	530.0	166
0.0	526.0	167
1.0	528.0	168
0.0	519.0	169
0.0	515.0	170
0.0	564.0	171
1.0	536.0	172
0.0	472.0	173
0.0	464.0	174
0.0	465.0	175
0.0	468.0	176
0.0	466.0	177
1.0	475.0	178
0.0	462.0	179
0.0	468.0	180
0.0	468.0	181
0.0	470.0	182
0.0	464.0	183
0.0	533.0	201
0.0	549.0	202
0.0	554.0	203
1.0	551.0	204
0.0	538.0	205
0.0	544.0	206
0.0	548.0	207
0.0	539.0	208
1.0	542.0	209
0.0	555.0	210
0.0	555.0	211
0.0	540.0	212
0.0	537.0	213
0.0	520.0	214
0.0	526.0	215
0.0	526.0	216
0.0	520.0	217
0.0	518.0	218
1.0	522.0	219
0.0	522.0	220
0.0	549.0	221
1.0	539.0	222
0.0	465.0	223
0.0	472.0	224
0.0	473.0	225
0.0	468.0	226
0.0	470.0	227
0.0	460.0	228
0.0	466.0	229
0.0	467.0	230
0.0	461.0	231
1.0	472.0	232
0.0	468.0	233
0.0	480.0	251
0.0	476.0	252
0.0	483.0	253
0.0	481.0	254
0.0	482.0	255
0.0	475.0	256
0.0	483.0	257
0.0	481.0	258
0.0	484.0	259
0.0	484.0	260
0.0	482.0	261
0.0	473.0	262
1.0	482.0	263
0.0	479.0	264
1.0	474.0	265
0.0	481.0	266
0.0	480.0	267
1.0	483.0	268
0.0	478.0	269
0.0	486.0	270
0.0	481.0	271
0.0	486.0	272
0.0	485.0	273
0.0	483.0	274
0.0	481.0	275
0.0	482.0	276
0.0	472.0	277
0.0	472.0	278
1.0	483.0	279
0.0	481.0	280
0.0	478.0	281
0.0	484.0	282
0.0	486.0	283
0.0	481.0	284
0.0	483.0	285
0.0	480.0	286
0.0	482.0	301
0.0	477.0	302
0.0	478.0	303
0.0	476.0	304
0.0	480.0	305
0.0	482.0	306
0.0	480.0	307
0.0	485.0	308
0.0	481.0	309
0.0	476.0	310
0.0	483.0	311
0.0	480.0	312
0.0	484.0	313
0.0	475.0	314
0.0	484.0	315
0.0	482.0	316
0.0	489.0	317
0.0	483.0	318
0.0	473.0	319
0.0	475.0	320
0.0	478.0	321
0.0	474.0	322
0.0	478.0	323
0.0	482.0	324
0.0	488.0	325
0.0	477.0	326
0.0	491.0	327
0.0	478.0	328
0.0	474.0	329
0.0	472.0	330
0.0	476.0	331
0.0	478.0	332
0.0	474.0	333
0.0	479.0	334
0.0	482.0	335
0.0	478.0	336
0.0	593.0	351
0.0	600.0	352
0.0	596.0	353
0.0	602.0	354
0.0	606.0	355
0.0	618.0	356
0.0	600.0	357
0.0	600.0	358
0.0	598.0	359
0.0	600.0	360
0.0	603.0	361
0.0	603.0	362
0.0	601.0	363
0.0	588.0	364
0.0	604.0	365
0.0	601.0	366
0.0	601.0	367
0.0	600.0	368
0.0	601.0	369
0.0	600.0	370
0.0	605.0	371
0.0	602.0	372
0.0	612.0	373
0.0	600.0	374
1.0	611.0	375
0.0	601.0	376
1.0	598.0	377
0.0	593.0	378
0.0	599.0	401
0.0	605.0	402
0.0	595.0	403
0.0	599.0	404
0.0	594.0	405
0.0	595.0	406
0.0	603.0	407
0.0	610.0	408
0.0	600.0	409
0.0	599.0	410
0.0	604.0	411
0.0	599.0	412
0.0	598.0	413
1.0	599.0	414
0.0	600.0	415
0.0	596.0	416
0.0	600.0	417
0.0	603.0	418
0.0	594.0	419
1.0	612.0	420
0.0	595.0	421
0.0	600.0	422
1.0	600.0	423
0.0	603.0	424
0.0	606.0	425
0.0	602.0	426
0.0	602.0	427
0.0	601.0	428
0.0	712.0	451
0.0	731.0	452
0.0	705.0	453
0.0	707.0	454
0.0	703.0	455
0.0	712.0	456
0.0	707.0	457
0.0	709.0	458
0.0	714.0	459
0.0	718.0	460
0.0	718.0	461
0.0	718.0	462
0.0	708.0	463
0.0	709.0	464
0.0	706.0	465
0.0	706.0	466
1.0	701.0	467
0.0	706.0	468
0.0	707.0	469
0.0	707.0	470
0.0	701.0	471
0.0	717.0	472
0.0	711.0	473
0.0	703.0	474
0.0	699.0	501
1.0	708.0	502
0.0	721.0	503
0.0	717.0	504
0.0	704.0	505
0.0	703.0	506
0.0	704.0	507
0.0	709.0	508
0.0	703.0	509
0.0	705.0	510
1.0	704.0	511
0.0	714.0	512
0.0	713.0	513
0.0	712.0	514
0.0	713.0	515
0.0	705.0	516
0.0	706.0	517
0.0	705.0	518
0.0	707.0	519
0.0	706.0	520
0.0	705.0	521
0.0	708.0	522
1.0	714.0	523
0.0	705.0	524
0.0	613.0	551
0.0	600.0	552
0.0	609.0	553
2.0	663.0	554
0.0	611.0	555
0.0	600.0	556
0.0	605.0	557
0.0	614.0	558
0.0	613.0	559
0.0	611.0	560
0.0	596.0	561
0.0	611.0	562
0.0	604.0	563
0.0	602.0	564
0.0	603.0	565
0.0	611.0	566
0.0	604.0	567
0.0	608.0	568
0.0	604.0	569
0.0	603.0	570
0.0	595.0	571
0.0	605.0	572
0.0	604.0	573
0.0	601.0	574
0.0	600.0	575
0.0	612.0	576
0.0	602.0	577
0.0	604.0	578
0.0	604.0	601
0.0	614.0	602
1.0	607.0	603
0.0	608.0	604
0.0	604.0	605
0.0	605.0	606
0.0	606.0	607
0.0	604.0	608
0.0	607.0	609
0.0	606.0	610
0.0	608.0	611
0.0	598.0	612
0.0	608.0	613
1.0	614.0	614
0.0	608.0	615
0.0	611.0	616
0.0	605.0	617
0.0	602.0	618
0.0	601.0	619
0.0	616.0	620
0.0	605.0	621
0.0	603.0	622
0.0	605.0	623
0.0	609.0	624
0.0	611.0	625
0.0	605.0	626
0.0	605.0	627
0.0	599.0	628
0.0	605.0	651
0.0	614.0	652
0.0	599.0	653
0.0	595.0	654
0.0	606.0	655
0.0	599.0	656
0.0	592.0	657
0.0	603.0	658
1.0	606.0	659
0.0	604.0	660
0.0	602.0	661
0.0	599.0	662
0.0	597.0	663
0.0	596.0	664
0.0	598.0	665
0.0	602.0	666
0.0	597.0	667
0.0	601.0	668
0.0	604.0	669
1.0	598.0	670
0.0	599.0	671
0.0	626.0	672
0.0	593.0	673
0.0	596.0	674
0.0	598.0	675
0.0	602.0	676
0.0	601.0	677
0.0	601.0	678
1.0	613.0	701
0.0	603.0	702
0.0	607.0	703
0.0	600.0	704
0.0	605.0	705
0.0	596.0	706
0.0	609.0	707
0.0	609.0	708
0.0	611.0	709
0.0	605.0	710
0.0	602.0	711
0.0	606.0	712
0.0	605.0	713
0.0	595.0	714
1.0	611.0	715
0.0	598.0	716
0.0	601.0	717
0.0	611.0	718
1.0	607.0	719
0.0	601.0	720
0.0	607.0	721
0.0	597.0	722
0.0	595.0	723
0.0	610.0	724
0.0	609.0	725
0.0	612.0	726
0.0	607.0	727
0.0	600.0	728
0.0	604.0	751
0.0	617.0	752
0.0	617.0	753
0.0	601.0	754
0.0	615.0	755
0.0	612.0	756
1.0	608.0	757
0.0	604.0	758
1.0	612.0	759
0.0	603.0	760
0.0	605.0	761
0.0	608.0	762
0.0	609.0	763
0.0	608.0	764
0.0	615.0	765
0.0	600.0	766
0.0	606.0	767
0.0	605.0	768
0.0	599.0	769
0.0	602.0	770
0.0	602.0	771
0.0	597.0	772
0.0	603.0	773
0.0	600.0	774
0.0	611.0	775
0.0	609.0	776
0.0	606.0	777
0.0	600.0	778
0.0	606.0	801
0.0	603.0	802
0.0	608.0	803
0.0	599.0	804
0.0	606.0	805
0.0	603.0	806
0.0	600.0	807
0.0	602.0	808
0.0	601.0	809
0.0	601.0	810
0.0	607.0	811
0.0	606.0	812
0.0	606.0	813
0.0	598.0	814
0.0	596.0	815
0.0	605.0	816
0.0	606.0	817
0.0	605.0	818
1.0	612.0	819
0.0	603.0	820
0.0	607.0	821
0.0	610.0	822
0.0	600.0	823
0.0	603.0	824
0.0	605.0	825
0.0	602.0	826
0.0	619.0	827
0.0	590.0	828
0.0	606.0	851
0.0	601.0	852
0.0	603.0	853
0.0	607.0	854
0.0	594.0	855
0.0	600.0	856
0.0	595.0	857
0.0	605.0	858
0.0	605.0	859
0.0	600.0	860
0.0	599.0	861
0.0	606.0	862
0.0	603.0	863
0.0	599.0	864
0.0	606.0	865
0.0	625.0	866
0.0	597.0	867
0.0	603.0	868
0.0	606.0	869
0.0	602.0	870
0.0	598.0	871
0.0	597.0	872
0.0	597.0	873
0.0	592.0	874
0.0	602.0	875
0.0	603.0	876
0.0	608.0	877
1.0	616.0	878
1.0	666.0	901
0.0	661.0	902
0.0	666.0	903
0.0	668.0	904
0.0	679.0	905
0.0	659.0	906
0.0	668.0	907
0.0	663.0	908
0.0	668.0	909
0.0	651.0	910
0.0	665.0	911
0.0	660.0	912
1.0	668.0	913
0.0	659.0	914
0.0	669.0	915
0.0	667.0	916
0.0	667.0	917
0.0	668.0	918
0.0	664.0	919
0.0	674.0	920
0.0	669.0	921
0.0	668.0	922
0.0	667.0	923
0.0	667.0	924
0.0	657.0	925
0.0	659.0	926
0.0	658.0	951
0.0	680.0	952
0.0	668.0	953
0.0	670.0	954
1.0	662.0	955
0.0	663.0	956
0.0	667.0	957
0.0	663.0	958
0.0	665.0	959
0.0	670.0	960
0.0	665.0	961
0.0	666.0	962
0.0	664.0	963
0.0	661.0	964
0.0	659.0	965
0.0	666.0	966
0.0	658.0	967
0.0	658.0	968
0.0	666.0	969
0.0	668.0	970
1.0	668.0	971
0.0	670.0	972
0.0	669.0	973
0.0	666.0	974
0.0	665.0	975
0.0	673.0	976
