#CDA decimation FMS KSAT
#N=512  stepsdec=5  alpha=3.2   NSamples=1000
#av(e)	3.955
#std(e)	0.057523690771715964
#av(t)	11.823
#std(t)	0.059612674826751234
2.0	12.0	1
3.0	15.0	2
3.0	12.0	3
6.0	13.0	4
4.0	18.0	5
5.0	13.0	6
4.0	16.0	7
5.0	13.0	8
4.0	13.0	9
4.0	20.0	10
1.0	12.0	11
5.0	15.0	12
3.0	12.0	13
4.0	12.0	14
2.0	13.0	15
2.0	14.0	16
3.0	13.0	17
3.0	16.0	18
7.0	13.0	19
5.0	15.0	20
4.0	13.0	21
5.0	12.0	22
7.0	12.0	23
4.0	12.0	24
5.0	19.0	25
7.0	14.0	26
6.0	14.0	27
5.0	13.0	28
5.0	14.0	29
1.0	12.0	30
1.0	14.0	31
4.0	13.0	32
3.0	13.0	33
4.0	14.0	34
4.0	15.0	35
5.0	15.0	36
5.0	14.0	37
4.0	13.0	38
1.0	13.0	39
0.0	12.0	40
3.0	13.0	41
7.0	14.0	42
6.0	13.0	43
5.0	14.0	44
3.0	12.0	45
1.0	12.0	46
3.0	16.0	47
3.0	12.0	48
4.0	14.0	49
6.0	13.0	50
3.0	15.0	51
7.0	12.0	52
6.0	13.0	53
3.0	13.0	54
5.0	13.0	55
6.0	12.0	56
4.0	15.0	57
1.0	13.0	58
1.0	12.0	59
3.0	13.0	60
4.0	15.0	61
3.0	14.0	62
5.0	17.0	63
5.0	12.0	64
5.0	13.0	65
3.0	14.0	66
1.0	17.0	67
4.0	16.0	68
4.0	13.0	69
1.0	12.0	70
4.0	14.0	71
2.0	12.0	72
8.0	13.0	73
2.0	13.0	74
1.0	12.0	75
4.0	18.0	76
3.0	15.0	77
7.0	14.0	78
5.0	13.0	79
7.0	13.0	80
5.0	12.0	81
6.0	13.0	82
5.0	15.0	83
2.0	15.0	84
5.0	14.0	85
3.0	13.0	86
4.0	15.0	87
6.0	16.0	88
6.0	14.0	89
5.0	12.0	90
4.0	13.0	91
4.0	13.0	92
4.0	13.0	93
3.0	13.0	94
6.0	14.0	95
4.0	12.0	96
8.0	12.0	97
3.0	13.0	98
9.0	14.0	99
6.0	13.0	100
8.0	13.0	101
4.0	12.0	102
4.0	14.0	103
4.0	14.0	104
2.0	12.0	105
5.0	12.0	106
5.0	13.0	107
4.0	12.0	108
3.0	12.0	109
3.0	12.0	110
4.0	14.0	111
3.0	12.0	112
1.0	13.0	113
2.0	12.0	114
5.0	14.0	115
4.0	16.0	116
3.0	12.0	117
5.0	12.0	118
4.0	16.0	119
6.0	14.0	120
2.0	13.0	121
4.0	14.0	122
3.0	13.0	123
4.0	13.0	124
4.0	14.0	125
4.0	12.0	126
4.0	13.0	127
3.0	12.0	128
5.0	12.0	129
1.0	12.0	130
1.0	12.0	131
9.0	13.0	132
2.0	14.0	133
3.0	13.0	134
2.0	18.0	135
5.0	13.0	136
4.0	14.0	137
4.0	14.0	138
5.0	14.0	139
3.0	13.0	140
8.0	13.0	141
8.0	13.0	142
4.0	15.0	143
9.0	13.0	144
2.0	12.0	145
4.0	13.0	146
2.0	13.0	147
2.0	14.0	148
5.0	13.0	149
4.0	14.0	150
2.0	15.0	151
5.0	13.0	152
4.0	12.0	153
4.0	12.0	154
4.0	12.0	155
3.0	12.0	156
2.0	12.0	157
4.0	12.0	158
5.0	12.0	159
3.0	12.0	160
4.0	12.0	161
1.0	11.0	162
2.0	12.0	163
1.0	14.0	164
4.0	12.0	165
5.0	12.0	166
3.0	12.0	167
0.0	13.0	168
3.0	13.0	169
4.0	12.0	170
6.0	12.0	171
4.0	15.0	172
7.0	13.0	173
4.0	12.0	174
4.0	12.0	175
4.0	12.0	176
4.0	12.0	177
3.0	13.0	178
3.0	12.0	179
5.0	12.0	180
2.0	12.0	181
6.0	12.0	182
7.0	12.0	183
5.0	12.0	184
4.0	12.0	185
4.0	12.0	186
2.0	13.0	187
3.0	11.0	188
2.0	11.0	189
5.0	13.0	190
1.0	12.0	191
2.0	13.0	192
2.0	12.0	193
7.0	18.0	194
8.0	12.0	195
3.0	14.0	196
2.0	13.0	197
7.0	14.0	198
6.0	13.0	199
2.0	15.0	200
4.0	10.0	201
5.0	11.0	202
4.0	10.0	203
2.0	10.0	204
2.0	10.0	205
6.0	10.0	206
5.0	10.0	207
1.0	10.0	208
2.0	10.0	209
5.0	11.0	210
3.0	10.0	211
5.0	10.0	212
4.0	10.0	213
5.0	10.0	214
7.0	10.0	215
4.0	10.0	216
3.0	10.0	217
3.0	10.0	218
1.0	10.0	219
4.0	10.0	220
4.0	10.0	221
4.0	10.0	222
5.0	10.0	223
2.0	10.0	224
4.0	10.0	225
4.0	10.0	226
1.0	10.0	227
9.0	11.0	228
6.0	10.0	229
3.0	10.0	230
3.0	10.0	231
8.0	10.0	232
3.0	10.0	233
1.0	10.0	234
3.0	10.0	235
3.0	10.0	236
1.0	10.0	237
6.0	10.0	238
2.0	10.0	239
7.0	10.0	240
3.0	10.0	241
2.0	10.0	242
3.0	10.0	243
4.0	10.0	244
3.0	11.0	245
6.0	10.0	246
4.0	11.0	247
2.0	10.0	248
4.0	10.0	249
5.0	10.0	250
6.0	11.0	251
5.0	11.0	252
3.0	10.0	253
2.0	10.0	254
7.0	10.0	255
4.0	10.0	256
6.0	10.0	257
4.0	10.0	258
4.0	10.0	259
3.0	10.0	260
3.0	10.0	261
5.0	10.0	262
5.0	10.0	263
6.0	10.0	264
10.0	10.0	265
6.0	10.0	266
5.0	10.0	267
2.0	10.0	268
4.0	10.0	269
4.0	11.0	270
7.0	10.0	271
3.0	10.0	272
4.0	10.0	273
3.0	10.0	274
4.0	10.0	275
6.0	10.0	276
1.0	10.0	277
3.0	10.0	278
8.0	10.0	279
5.0	10.0	280
3.0	10.0	281
6.0	10.0	282
9.0	10.0	283
8.0	10.0	284
4.0	10.0	285
5.0	10.0	286
2.0	10.0	287
5.0	10.0	288
3.0	10.0	289
4.0	10.0	290
2.0	10.0	291
7.0	10.0	292
6.0	10.0	293
3.0	10.0	294
4.0	10.0	295
5.0	11.0	296
5.0	10.0	297
4.0	10.0	298
3.0	10.0	299
5.0	10.0	300
5.0	10.0	301
6.0	10.0	302
5.0	10.0	303
4.0	10.0	304
4.0	10.0	305
4.0	11.0	306
5.0	10.0	307
1.0	10.0	308
5.0	10.0	309
1.0	10.0	310
6.0	10.0	311
7.0	10.0	312
3.0	10.0	313
4.0	10.0	314
9.0	10.0	315
7.0	10.0	316
8.0	10.0	317
4.0	10.0	318
5.0	10.0	319
5.0	10.0	320
3.0	10.0	321
2.0	10.0	322
5.0	10.0	323
2.0	10.0	324
4.0	10.0	325
2.0	10.0	326
8.0	11.0	327
3.0	10.0	328
5.0	10.0	329
5.0	10.0	330
6.0	10.0	331
3.0	10.0	332
3.0	10.0	333
5.0	10.0	334
3.0	10.0	335
4.0	10.0	336
4.0	10.0	337
2.0	10.0	338
5.0	10.0	339
5.0	10.0	340
2.0	10.0	341
2.0	10.0	342
4.0	10.0	343
5.0	10.0	344
3.0	10.0	345
1.0	10.0	346
2.0	10.0	347
4.0	10.0	348
0.0	10.0	349
5.0	10.0	350
4.0	10.0	351
6.0	10.0	352
5.0	10.0	353
2.0	10.0	354
5.0	10.0	355
3.0	10.0	356
4.0	10.0	357
3.0	10.0	358
4.0	11.0	359
4.0	10.0	360
4.0	10.0	361
6.0	10.0	362
3.0	10.0	363
2.0	10.0	364
2.0	10.0	365
3.0	10.0	366
3.0	10.0	367
4.0	10.0	368
6.0	10.0	369
7.0	10.0	370
4.0	10.0	371
5.0	10.0	372
3.0	10.0	373
2.0	10.0	374
2.0	10.0	375
2.0	10.0	376
5.0	10.0	377
3.0	10.0	378
3.0	10.0	379
4.0	10.0	380
4.0	10.0	381
6.0	10.0	382
3.0	10.0	383
5.0	10.0	384
6.0	10.0	385
3.0	10.0	386
5.0	10.0	387
5.0	10.0	388
8.0	10.0	389
2.0	10.0	390
5.0	10.0	391
3.0	10.0	392
3.0	10.0	393
2.0	10.0	394
5.0	10.0	395
3.0	10.0	396
5.0	10.0	397
2.0	10.0	398
1.0	10.0	399
2.0	10.0	400
6.0	13.0	401
7.0	14.0	402
5.0	13.0	403
4.0	13.0	404
1.0	12.0	405
4.0	13.0	406
3.0	12.0	407
4.0	13.0	408
4.0	14.0	409
3.0	13.0	410
4.0	13.0	411
2.0	12.0	412
4.0	13.0	413
3.0	13.0	414
3.0	13.0	415
3.0	16.0	416
2.0	13.0	417
3.0	14.0	418
3.0	13.0	419
4.0	15.0	420
2.0	16.0	421
3.0	13.0	422
6.0	13.0	423
2.0	13.0	424
3.0	13.0	425
5.0	13.0	426
3.0	13.0	427
0.0	13.0	428
3.0	13.0	429
0.0	15.0	430
4.0	16.0	431
4.0	15.0	432
7.0	14.0	433
5.0	13.0	434
4.0	14.0	435
2.0	13.0	436
5.0	13.0	437
4.0	14.0	438
3.0	13.0	439
4.0	13.0	440
4.0	17.0	441
4.0	13.0	442
3.0	13.0	443
4.0	13.0	444
5.0	22.0	445
1.0	12.0	446
1.0	13.0	447
1.0	15.0	448
6.0	16.0	449
1.0	15.0	450
7.0	19.0	451
5.0	16.0	452
3.0	13.0	453
4.0	13.0	454
4.0	14.0	455
2.0	15.0	456
3.0	14.0	457
7.0	13.0	458
3.0	13.0	459
4.0	12.0	460
5.0	14.0	461
3.0	15.0	462
3.0	19.0	463
6.0	13.0	464
2.0	13.0	465
3.0	13.0	466
2.0	13.0	467
2.0	12.0	468
2.0	13.0	469
4.0	12.0	470
3.0	12.0	471
7.0	13.0	472
6.0	12.0	473
5.0	12.0	474
3.0	13.0	475
2.0	13.0	476
3.0	13.0	477
5.0	13.0	478
3.0	15.0	479
3.0	15.0	480
3.0	14.0	481
4.0	13.0	482
3.0	13.0	483
1.0	14.0	484
2.0	13.0	485
1.0	12.0	486
2.0	14.0	487
6.0	15.0	488
6.0	14.0	489
5.0	12.0	490
6.0	13.0	491
4.0	15.0	492
3.0	18.0	493
3.0	13.0	494
4.0	15.0	495
5.0	15.0	496
6.0	14.0	497
4.0	13.0	498
4.0	13.0	499
4.0	15.0	500
3.0	16.0	501
4.0	14.0	502
5.0	13.0	503
6.0	14.0	504
6.0	13.0	505
4.0	13.0	506
5.0	13.0	507
1.0	13.0	508
3.0	13.0	509
4.0	16.0	510
4.0	12.0	511
6.0	13.0	512
5.0	18.0	513
5.0	19.0	514
3.0	13.0	515
3.0	18.0	516
3.0	16.0	517
3.0	15.0	518
4.0	13.0	519
2.0	14.0	520
7.0	13.0	521
4.0	14.0	522
2.0	13.0	523
2.0	13.0	524
1.0	13.0	525
6.0	13.0	526
6.0	14.0	527
4.0	14.0	528
6.0	12.0	529
5.0	13.0	530
4.0	13.0	531
6.0	12.0	532
5.0	13.0	533
1.0	12.0	534
4.0	13.0	535
4.0	14.0	536
4.0	14.0	537
3.0	12.0	538
2.0	13.0	539
5.0	12.0	540
5.0	14.0	541
2.0	12.0	542
3.0	18.0	543
2.0	12.0	544
1.0	13.0	545
2.0	16.0	546
3.0	16.0	547
6.0	12.0	548
7.0	15.0	549
2.0	15.0	550
2.0	21.0	551
4.0	14.0	552
5.0	13.0	553
7.0	14.0	554
6.0	12.0	555
7.0	13.0	556
4.0	16.0	557
5.0	13.0	558
6.0	14.0	559
3.0	13.0	560
3.0	12.0	561
7.0	12.0	562
1.0	14.0	563
2.0	12.0	564
3.0	12.0	565
6.0	13.0	566
8.0	14.0	567
2.0	14.0	568
4.0	13.0	569
6.0	12.0	570
3.0	12.0	571
2.0	13.0	572
7.0	13.0	573
5.0	15.0	574
3.0	12.0	575
2.0	14.0	576
8.0	12.0	577
4.0	12.0	578
2.0	14.0	579
3.0	13.0	580
7.0	13.0	581
7.0	13.0	582
3.0	12.0	583
7.0	12.0	584
3.0	12.0	585
1.0	12.0	586
7.0	12.0	587
2.0	12.0	588
2.0	13.0	589
4.0	13.0	590
3.0	12.0	591
3.0	12.0	592
3.0	13.0	593
5.0	13.0	594
3.0	13.0	595
3.0	13.0	596
4.0	13.0	597
3.0	14.0	598
4.0	14.0	599
5.0	12.0	600
5.0	12.0	601
3.0	12.0	602
6.0	12.0	603
2.0	12.0	604
8.0	12.0	605
5.0	13.0	606
1.0	12.0	607
4.0	12.0	608
8.0	13.0	609
1.0	12.0	610
4.0	12.0	611
1.0	12.0	612
2.0	12.0	613
4.0	12.0	614
4.0	12.0	615
3.0	12.0	616
4.0	12.0	617
4.0	12.0	618
6.0	12.0	619
8.0	12.0	620
3.0	12.0	621
2.0	12.0	622
6.0	12.0	623
4.0	12.0	624
3.0	12.0	625
3.0	12.0	626
4.0	12.0	627
3.0	12.0	628
1.0	13.0	629
6.0	12.0	630
6.0	12.0	631
4.0	12.0	632
1.0	12.0	633
5.0	13.0	634
4.0	12.0	635
5.0	12.0	636
1.0	12.0	637
8.0	12.0	638
7.0	12.0	639
5.0	12.0	640
3.0	12.0	641
3.0	12.0	642
3.0	12.0	643
4.0	13.0	644
4.0	12.0	645
3.0	12.0	646
5.0	12.0	647
3.0	12.0	648
5.0	12.0	649
4.0	12.0	650
5.0	12.0	651
2.0	12.0	652
4.0	12.0	653
3.0	11.0	654
5.0	14.0	655
1.0	12.0	656
4.0	12.0	657
6.0	12.0	658
3.0	13.0	659
3.0	12.0	660
3.0	12.0	661
3.0	12.0	662
3.0	12.0	663
0.0	12.0	664
5.0	12.0	665
4.0	12.0	666
2.0	12.0	667
1.0	12.0	668
7.0	12.0	669
3.0	12.0	670
5.0	12.0	671
4.0	13.0	672
3.0	12.0	673
3.0	12.0	674
4.0	12.0	675
2.0	12.0	676
2.0	13.0	677
6.0	12.0	678
5.0	12.0	679
4.0	12.0	680
6.0	13.0	681
2.0	12.0	682
4.0	12.0	683
3.0	12.0	684
2.0	12.0	685
6.0	12.0	686
6.0	13.0	687
4.0	12.0	688
1.0	12.0	689
3.0	12.0	690
3.0	12.0	691
7.0	12.0	692
3.0	12.0	693
3.0	12.0	694
3.0	12.0	695
6.0	12.0	696
7.0	13.0	697
2.0	12.0	698
2.0	12.0	699
3.0	12.0	700
8.0	12.0	701
2.0	12.0	702
7.0	13.0	703
4.0	13.0	704
5.0	12.0	705
5.0	12.0	706
3.0	12.0	707
5.0	12.0	708
8.0	12.0	709
2.0	12.0	710
4.0	12.0	711
1.0	12.0	712
2.0	12.0	713
2.0	12.0	714
3.0	12.0	715
3.0	12.0	716
3.0	15.0	717
3.0	12.0	718
5.0	13.0	719
6.0	12.0	720
8.0	12.0	721
3.0	12.0	722
2.0	12.0	723
4.0	12.0	724
1.0	12.0	725
2.0	12.0	726
5.0	25.0	727
5.0	12.0	728
0.0	12.0	729
4.0	12.0	730
5.0	12.0	731
1.0	12.0	732
3.0	12.0	733
2.0	12.0	734
4.0	12.0	735
5.0	12.0	736
3.0	13.0	737
5.0	13.0	738
1.0	11.0	739
3.0	12.0	740
4.0	12.0	741
0.0	12.0	742
4.0	12.0	743
2.0	12.0	744
2.0	12.0	745
3.0	12.0	746
3.0	12.0	747
4.0	12.0	748
7.0	12.0	749
3.0	12.0	750
6.0	12.0	751
5.0	12.0	752
3.0	12.0	753
4.0	12.0	754
5.0	12.0	755
3.0	12.0	756
2.0	12.0	757
5.0	13.0	758
3.0	12.0	759
5.0	12.0	760
4.0	13.0	761
3.0	12.0	762
6.0	12.0	763
1.0	12.0	764
4.0	13.0	765
1.0	12.0	766
1.0	12.0	767
1.0	12.0	768
3.0	12.0	769
2.0	12.0	770
6.0	12.0	771
4.0	12.0	772
3.0	12.0	773
5.0	12.0	774
3.0	12.0	775
6.0	12.0	776
2.0	13.0	777
7.0	12.0	778
4.0	12.0	779
6.0	12.0	780
5.0	12.0	781
5.0	12.0	782
3.0	12.0	783
2.0	12.0	784
1.0	12.0	785
4.0	12.0	786
2.0	12.0	787
6.0	12.0	788
4.0	12.0	789
2.0	12.0	790
3.0	12.0	791
5.0	12.0	792
2.0	12.0	793
6.0	12.0	794
1.0	13.0	795
3.0	12.0	796
1.0	11.0	797
1.0	12.0	798
3.0	12.0	799
7.0	12.0	800
4.0	10.0	801
5.0	10.0	802
8.0	10.0	803
1.0	10.0	804
7.0	10.0	805
5.0	10.0	806
5.0	10.0	807
3.0	10.0	808
3.0	10.0	809
4.0	10.0	810
3.0	10.0	811
3.0	10.0	812
4.0	10.0	813
3.0	10.0	814
7.0	10.0	815
2.0	10.0	816
3.0	10.0	817
7.0	10.0	818
4.0	10.0	819
4.0	10.0	820
6.0	10.0	821
6.0	10.0	822
6.0	10.0	823
9.0	10.0	824
4.0	10.0	825
3.0	10.0	826
2.0	10.0	827
3.0	10.0	828
5.0	10.0	829
6.0	10.0	830
3.0	10.0	831
3.0	10.0	832
6.0	10.0	833
4.0	10.0	834
4.0	10.0	835
5.0	10.0	836
6.0	10.0	837
4.0	10.0	838
6.0	10.0	839
6.0	10.0	840
5.0	10.0	841
4.0	10.0	842
8.0	10.0	843
3.0	10.0	844
3.0	10.0	845
9.0	10.0	846
7.0	10.0	847
2.0	10.0	848
0.0	10.0	849
4.0	10.0	850
3.0	10.0	851
5.0	10.0	852
5.0	10.0	853
3.0	10.0	854
5.0	10.0	855
3.0	10.0	856
3.0	10.0	857
5.0	10.0	858
3.0	10.0	859
6.0	10.0	860
5.0	10.0	861
5.0	10.0	862
4.0	10.0	863
8.0	10.0	864
9.0	11.0	865
3.0	10.0	866
7.0	10.0	867
7.0	10.0	868
3.0	10.0	869
4.0	10.0	870
3.0	10.0	871
4.0	10.0	872
5.0	10.0	873
7.0	10.0	874
4.0	10.0	875
3.0	10.0	876
4.0	10.0	877
5.0	10.0	878
3.0	10.0	879
4.0	10.0	880
2.0	10.0	881
3.0	10.0	882
4.0	10.0	883
2.0	10.0	884
2.0	9.0	885
6.0	10.0	886
5.0	10.0	887
3.0	10.0	888
4.0	10.0	889
2.0	10.0	890
8.0	10.0	891
2.0	10.0	892
6.0	10.0	893
4.0	10.0	894
2.0	10.0	895
4.0	10.0	896
7.0	10.0	897
3.0	10.0	898
3.0	10.0	899
2.0	10.0	900
4.0	10.0	901
3.0	10.0	902
8.0	10.0	903
4.0	10.0	904
3.0	10.0	905
3.0	10.0	906
6.0	10.0	907
5.0	10.0	908
5.0	10.0	909
6.0	10.0	910
2.0	10.0	911
4.0	10.0	912
3.0	10.0	913
3.0	10.0	914
6.0	10.0	915
5.0	10.0	916
4.0	10.0	917
3.0	10.0	918
2.0	10.0	919
2.0	10.0	920
3.0	10.0	921
2.0	10.0	922
10.0	10.0	923
7.0	10.0	924
5.0	10.0	925
5.0	10.0	926
2.0	10.0	927
6.0	10.0	928
3.0	10.0	929
3.0	10.0	930
5.0	10.0	931
4.0	10.0	932
5.0	10.0	933
4.0	10.0	934
6.0	10.0	935
2.0	10.0	936
5.0	10.0	937
3.0	10.0	938
3.0	10.0	939
3.0	10.0	940
1.0	10.0	941
2.0	10.0	942
5.0	10.0	943
4.0	10.0	944
5.0	10.0	945
10.0	10.0	946
4.0	10.0	947
6.0	10.0	948
2.0	10.0	949
2.0	10.0	950
2.0	10.0	951
3.0	10.0	952
1.0	10.0	953
4.0	10.0	954
3.0	10.0	955
7.0	10.0	956
6.0	10.0	957
3.0	11.0	958
7.0	10.0	959
2.0	10.0	960
3.0	10.0	961
5.0	10.0	962
3.0	10.0	963
2.0	10.0	964
5.0	10.0	965
1.0	10.0	966
7.0	10.0	967
4.0	10.0	968
4.0	10.0	969
3.0	10.0	970
1.0	10.0	971
5.0	10.0	972
4.0	10.0	973
3.0	10.0	974
1.0	10.0	975
7.0	10.0	976
2.0	10.0	977
5.0	10.0	978
2.0	10.0	979
3.0	10.0	980
6.0	10.0	981
6.0	10.0	982
5.0	10.0	983
3.0	10.0	984
2.0	10.0	985
8.0	10.0	986
3.0	10.0	987
5.0	10.0	988
2.0	10.0	989
1.0	10.0	990
5.0	10.0	991
3.0	10.0	992
4.0	10.0	993
6.0	10.0	994
4.0	11.0	995
4.0	10.0	996
5.0	10.0	997
4.0	10.0	998
3.0	10.0	999
4.0	10.0	1000
