#CDA decimation Metropolis T0 KSAT
#N=512  stepsdec=5  alpha=2.9   NSamples=1000
#av(e)	1.708
#std(e)	0.03758638051209507
#av(t)	18.128
#std(t)	0.03145816269269322
0.0	18.0	1
3.0	19.0	2
1.0	18.0	3
4.0	19.0	4
3.0	19.0	5
5.0	19.0	6
2.0	19.0	7
2.0	19.0	8
2.0	19.0	9
0.0	19.0	10
1.0	18.0	11
1.0	19.0	12
2.0	19.0	13
2.0	20.0	14
2.0	19.0	15
0.0	19.0	16
0.0	19.0	17
2.0	18.0	18
2.0	19.0	19
3.0	19.0	20
1.0	19.0	21
1.0	18.0	22
1.0	17.0	23
2.0	19.0	24
4.0	19.0	25
0.0	19.0	26
3.0	19.0	27
2.0	19.0	28
3.0	20.0	29
0.0	18.0	30
1.0	18.0	31
3.0	18.0	32
0.0	20.0	33
3.0	19.0	34
0.0	18.0	35
1.0	19.0	36
1.0	19.0	37
1.0	18.0	38
2.0	19.0	39
1.0	18.0	40
0.0	19.0	41
3.0	19.0	42
2.0	19.0	43
0.0	19.0	44
0.0	18.0	45
1.0	18.0	46
2.0	19.0	47
1.0	18.0	48
1.0	18.0	49
3.0	18.0	50
2.0	19.0	51
3.0	19.0	52
1.0	18.0	53
2.0	20.0	54
1.0	19.0	55
0.0	18.0	56
3.0	20.0	57
1.0	19.0	58
0.0	19.0	59
3.0	19.0	60
2.0	19.0	61
2.0	19.0	62
2.0	19.0	63
2.0	19.0	64
1.0	19.0	65
2.0	19.0	66
2.0	19.0	67
1.0	18.0	68
1.0	19.0	69
2.0	19.0	70
3.0	19.0	71
2.0	19.0	72
1.0	18.0	73
0.0	19.0	74
1.0	19.0	75
2.0	19.0	76
0.0	19.0	77
2.0	19.0	78
4.0	19.0	79
1.0	18.0	80
2.0	19.0	81
4.0	19.0	82
1.0	18.0	83
1.0	19.0	84
2.0	19.0	85
2.0	19.0	86
3.0	19.0	87
5.0	20.0	88
2.0	19.0	89
1.0	18.0	90
1.0	20.0	91
2.0	19.0	92
4.0	19.0	93
2.0	18.0	94
1.0	19.0	95
4.0	19.0	96
3.0	19.0	97
1.0	19.0	98
4.0	19.0	99
1.0	19.0	100
3.0	19.0	101
1.0	18.0	102
0.0	18.0	103
2.0	19.0	104
2.0	19.0	105
1.0	18.0	106
4.0	19.0	107
1.0	18.0	108
1.0	19.0	109
1.0	18.0	110
1.0	18.0	111
1.0	18.0	112
1.0	18.0	113
0.0	18.0	114
1.0	18.0	115
0.0	18.0	116
1.0	18.0	117
1.0	19.0	118
2.0	19.0	119
1.0	18.0	120
1.0	19.0	121
2.0	19.0	122
1.0	19.0	123
1.0	19.0	124
2.0	20.0	125
1.0	18.0	126
1.0	19.0	127
2.0	19.0	128
0.0	18.0	129
1.0	18.0	130
1.0	18.0	131
4.0	19.0	132
3.0	19.0	133
1.0	19.0	134
0.0	18.0	135
3.0	18.0	136
2.0	19.0	137
2.0	19.0	138
3.0	19.0	139
1.0	19.0	140
1.0	19.0	141
0.0	18.0	142
1.0	18.0	143
3.0	19.0	144
2.0	19.0	145
1.0	18.0	146
1.0	18.0	147
0.0	18.0	148
1.0	19.0	149
0.0	18.0	150
0.0	18.0	151
1.0	18.0	152
5.0	19.0	153
3.0	18.0	154
2.0	19.0	155
1.0	18.0	156
2.0	19.0	157
2.0	19.0	158
2.0	19.0	159
4.0	19.0	160
2.0	20.0	161
3.0	18.0	162
1.0	19.0	163
1.0	18.0	164
0.0	18.0	165
2.0	19.0	166
2.0	19.0	167
1.0	19.0	168
1.0	17.0	169
1.0	17.0	170
3.0	17.0	171
2.0	17.0	172
4.0	17.0	173
1.0	17.0	174
2.0	17.0	175
1.0	17.0	176
5.0	18.0	177
1.0	17.0	178
2.0	17.0	179
2.0	17.0	180
2.0	17.0	181
3.0	17.0	182
3.0	17.0	183
3.0	18.0	184
1.0	17.0	185
3.0	17.0	186
1.0	16.0	187
1.0	17.0	188
0.0	17.0	189
1.0	17.0	190
1.0	17.0	191
1.0	17.0	192
2.0	16.0	193
5.0	17.0	194
4.0	17.0	195
2.0	17.0	196
1.0	16.0	197
1.0	17.0	198
2.0	18.0	199
2.0	17.0	200
1.0	17.0	201
2.0	17.0	202
3.0	17.0	203
2.0	17.0	204
2.0	17.0	205
1.0	17.0	206
2.0	17.0	207
2.0	17.0	208
3.0	17.0	209
1.0	17.0	210
1.0	17.0	211
2.0	16.0	212
1.0	16.0	213
4.0	17.0	214
0.0	17.0	215
1.0	16.0	216
2.0	17.0	217
0.0	17.0	218
1.0	17.0	219
1.0	16.0	220
1.0	17.0	221
2.0	17.0	222
2.0	17.0	223
2.0	17.0	224
1.0	17.0	225
1.0	17.0	226
0.0	17.0	227
1.0	17.0	228
3.0	17.0	229
3.0	17.0	230
2.0	17.0	231
2.0	17.0	232
2.0	18.0	233
3.0	17.0	234
2.0	17.0	235
2.0	17.0	236
2.0	17.0	237
2.0	17.0	238
0.0	16.0	239
0.0	16.0	240
4.0	17.0	241
1.0	17.0	242
1.0	17.0	243
3.0	17.0	244
0.0	16.0	245
3.0	17.0	246
2.0	18.0	247
2.0	18.0	248
4.0	17.0	249
2.0	17.0	250
2.0	19.0	251
1.0	18.0	252
1.0	18.0	253
0.0	18.0	254
1.0	18.0	255
2.0	19.0	256
1.0	19.0	257
0.0	18.0	258
3.0	19.0	259
4.0	19.0	260
2.0	19.0	261
4.0	18.0	262
1.0	19.0	263
1.0	18.0	264
4.0	19.0	265
3.0	19.0	266
3.0	19.0	267
0.0	18.0	268
1.0	18.0	269
4.0	19.0	270
2.0	19.0	271
1.0	18.0	272
1.0	19.0	273
1.0	19.0	274
2.0	19.0	275
3.0	19.0	276
1.0	19.0	277
3.0	19.0	278
1.0	18.0	279
1.0	18.0	280
3.0	19.0	281
1.0	18.0	282
4.0	19.0	283
2.0	19.0	284
2.0	19.0	285
2.0	19.0	286
2.0	19.0	287
2.0	19.0	288
1.0	19.0	289
0.0	19.0	290
1.0	19.0	291
2.0	18.0	292
1.0	18.0	293
3.0	19.0	294
2.0	19.0	295
1.0	19.0	296
2.0	19.0	297
2.0	19.0	298
1.0	18.0	299
4.0	19.0	300
3.0	20.0	301
1.0	18.0	302
2.0	19.0	303
1.0	18.0	304
1.0	19.0	305
2.0	19.0	306
3.0	19.0	307
1.0	18.0	308
2.0	19.0	309
1.0	18.0	310
0.0	18.0	311
1.0	18.0	312
2.0	19.0	313
2.0	19.0	314
1.0	18.0	315
2.0	19.0	316
1.0	19.0	317
4.0	19.0	318
3.0	19.0	319
1.0	18.0	320
0.0	18.0	321
1.0	18.0	322
1.0	19.0	323
3.0	19.0	324
0.0	18.0	325
1.0	18.0	326
2.0	19.0	327
1.0	19.0	328
4.0	19.0	329
2.0	19.0	330
4.0	19.0	331
1.0	19.0	332
0.0	19.0	333
3.0	19.0	334
2.0	19.0	335
0.0	19.0	336
2.0	19.0	337
5.0	19.0	338
2.0	19.0	339
0.0	18.0	340
0.0	18.0	341
1.0	19.0	342
2.0	19.0	343
1.0	18.0	344
0.0	18.0	345
3.0	19.0	346
1.0	19.0	347
3.0	18.0	348
2.0	19.0	349
1.0	18.0	350
1.0	18.0	351
0.0	18.0	352
2.0	19.0	353
1.0	19.0	354
3.0	19.0	355
1.0	19.0	356
1.0	18.0	357
1.0	18.0	358
1.0	19.0	359
1.0	19.0	360
1.0	18.0	361
1.0	18.0	362
2.0	19.0	363
1.0	18.0	364
1.0	18.0	365
1.0	18.0	366
0.0	18.0	367
1.0	19.0	368
0.0	19.0	369
3.0	20.0	370
4.0	19.0	371
2.0	19.0	372
1.0	19.0	373
0.0	18.0	374
0.0	19.0	375
3.0	19.0	376
1.0	18.0	377
1.0	19.0	378
0.0	19.0	379
1.0	18.0	380
3.0	19.0	381
3.0	19.0	382
1.0	18.0	383
1.0	18.0	384
1.0	18.0	385
1.0	18.0	386
2.0	19.0	387
3.0	20.0	388
0.0	18.0	389
3.0	19.0	390
0.0	19.0	391
1.0	19.0	392
1.0	18.0	393
1.0	18.0	394
2.0	19.0	395
2.0	19.0	396
3.0	19.0	397
0.0	18.0	398
0.0	19.0	399
2.0	19.0	400
1.0	19.0	401
1.0	19.0	402
1.0	19.0	403
2.0	18.0	404
1.0	19.0	405
0.0	19.0	406
4.0	18.0	407
1.0	18.0	408
2.0	18.0	409
1.0	18.0	410
1.0	18.0	411
2.0	19.0	412
0.0	18.0	413
1.0	18.0	414
1.0	18.0	415
2.0	19.0	416
2.0	19.0	417
2.0	19.0	418
3.0	18.0	419
2.0	17.0	420
1.0	17.0	421
2.0	18.0	422
1.0	16.0	423
1.0	17.0	424
3.0	17.0	425
0.0	17.0	426
1.0	17.0	427
2.0	16.0	428
2.0	17.0	429
0.0	17.0	430
1.0	17.0	431
1.0	16.0	432
2.0	17.0	433
3.0	17.0	434
0.0	17.0	435
0.0	16.0	436
2.0	17.0	437
1.0	17.0	438
0.0	17.0	439
1.0	17.0	440
3.0	17.0	441
3.0	17.0	442
3.0	18.0	443
1.0	18.0	444
2.0	17.0	445
3.0	17.0	446
0.0	17.0	447
0.0	16.0	448
1.0	17.0	449
2.0	17.0	450
2.0	18.0	451
1.0	17.0	452
0.0	16.0	453
2.0	17.0	454
3.0	17.0	455
0.0	16.0	456
1.0	17.0	457
2.0	18.0	458
3.0	17.0	459
4.0	17.0	460
3.0	17.0	461
1.0	17.0	462
0.0	17.0	463
3.0	18.0	464
2.0	17.0	465
0.0	17.0	466
1.0	17.0	467
0.0	16.0	468
1.0	16.0	469
2.0	18.0	470
1.0	17.0	471
2.0	18.0	472
1.0	16.0	473
1.0	17.0	474
2.0	17.0	475
0.0	17.0	476
2.0	17.0	477
2.0	18.0	478
2.0	17.0	479
1.0	17.0	480
1.0	17.0	481
3.0	17.0	482
1.0	17.0	483
0.0	16.0	484
0.0	16.0	485
1.0	17.0	486
1.0	17.0	487
2.0	17.0	488
4.0	17.0	489
1.0	18.0	490
4.0	17.0	491
0.0	16.0	492
2.0	17.0	493
3.0	17.0	494
0.0	17.0	495
2.0	18.0	496
3.0	17.0	497
1.0	17.0	498
2.0	17.0	499
1.0	17.0	500
3.0	18.0	501
1.0	18.0	502
1.0	18.0	503
1.0	18.0	504
2.0	19.0	505
4.0	19.0	506
3.0	19.0	507
2.0	18.0	508
0.0	19.0	509
3.0	18.0	510
1.0	19.0	511
1.0	19.0	512
3.0	19.0	513
3.0	19.0	514
3.0	18.0	515
2.0	19.0	516
2.0	19.0	517
3.0	19.0	518
3.0	19.0	519
2.0	19.0	520
2.0	19.0	521
4.0	18.0	522
2.0	18.0	523
2.0	19.0	524
0.0	18.0	525
4.0	19.0	526
1.0	19.0	527
2.0	19.0	528
5.0	19.0	529
1.0	18.0	530
2.0	19.0	531
3.0	18.0	532
0.0	18.0	533
1.0	18.0	534
1.0	19.0	535
2.0	19.0	536
2.0	19.0	537
2.0	19.0	538
1.0	18.0	539
5.0	19.0	540
2.0	19.0	541
0.0	18.0	542
1.0	18.0	543
1.0	18.0	544
1.0	19.0	545
2.0	19.0	546
2.0	19.0	547
0.0	19.0	548
1.0	19.0	549
1.0	18.0	550
1.0	19.0	551
4.0	19.0	552
3.0	19.0	553
2.0	20.0	554
2.0	20.0	555
0.0	19.0	556
1.0	19.0	557
1.0	19.0	558
4.0	19.0	559
2.0	19.0	560
3.0	18.0	561
7.0	19.0	562
3.0	19.0	563
2.0	18.0	564
1.0	18.0	565
0.0	19.0	566
4.0	20.0	567
2.0	19.0	568
2.0	19.0	569
2.0	19.0	570
0.0	18.0	571
4.0	19.0	572
1.0	19.0	573
3.0	19.0	574
3.0	19.0	575
2.0	19.0	576
3.0	20.0	577
1.0	19.0	578
1.0	18.0	579
2.0	20.0	580
2.0	20.0	581
6.0	20.0	582
1.0	19.0	583
3.0	19.0	584
2.0	19.0	585
1.0	18.0	586
2.0	19.0	587
1.0	18.0	588
1.0	19.0	589
1.0	19.0	590
1.0	18.0	591
1.0	18.0	592
1.0	18.0	593
3.0	19.0	594
0.0	18.0	595
2.0	19.0	596
2.0	19.0	597
0.0	18.0	598
1.0	19.0	599
1.0	18.0	600
3.0	19.0	601
3.0	19.0	602
1.0	18.0	603
3.0	19.0	604
3.0	19.0	605
1.0	19.0	606
3.0	19.0	607
1.0	18.0	608
2.0	19.0	609
1.0	18.0	610
1.0	19.0	611
2.0	19.0	612
1.0	18.0	613
2.0	19.0	614
1.0	18.0	615
2.0	19.0	616
4.0	19.0	617
3.0	19.0	618
2.0	20.0	619
1.0	18.0	620
2.0	19.0	621
1.0	19.0	622
1.0	19.0	623
0.0	19.0	624
2.0	19.0	625
2.0	19.0	626
2.0	19.0	627
1.0	18.0	628
2.0	19.0	629
2.0	19.0	630
2.0	19.0	631
1.0	18.0	632
1.0	19.0	633
2.0	19.0	634
1.0	18.0	635
2.0	19.0	636
1.0	19.0	637
4.0	19.0	638
4.0	20.0	639
1.0	19.0	640
2.0	19.0	641
2.0	19.0	642
0.0	18.0	643
2.0	19.0	644
2.0	19.0	645
3.0	19.0	646
2.0	19.0	647
2.0	20.0	648
2.0	19.0	649
1.0	19.0	650
2.0	19.0	651
0.0	18.0	652
4.0	18.0	653
1.0	18.0	654
2.0	19.0	655
1.0	18.0	656
0.0	17.0	657
2.0	20.0	658
0.0	18.0	659
2.0	19.0	660
2.0	18.0	661
3.0	19.0	662
1.0	19.0	663
1.0	18.0	664
2.0	19.0	665
2.0	19.0	666
0.0	18.0	667
2.0	19.0	668
2.0	17.0	669
0.0	17.0	670
4.0	17.0	671
1.0	16.0	672
1.0	17.0	673
4.0	17.0	674
1.0	17.0	675
0.0	16.0	676
1.0	16.0	677
1.0	16.0	678
0.0	17.0	679
2.0	17.0	680
3.0	17.0	681
1.0	16.0	682
2.0	17.0	683
1.0	16.0	684
1.0	17.0	685
2.0	17.0	686
4.0	17.0	687
6.0	17.0	688
3.0	18.0	689
2.0	17.0	690
1.0	16.0	691
0.0	17.0	692
1.0	16.0	693
2.0	18.0	694
2.0	17.0	695
4.0	17.0	696
2.0	18.0	697
3.0	17.0	698
1.0	17.0	699
1.0	17.0	700
2.0	17.0	701
2.0	18.0	702
1.0	17.0	703
1.0	17.0	704
4.0	18.0	705
2.0	17.0	706
1.0	17.0	707
1.0	17.0	708
2.0	18.0	709
5.0	17.0	710
1.0	17.0	711
1.0	17.0	712
1.0	17.0	713
1.0	17.0	714
3.0	17.0	715
3.0	17.0	716
1.0	18.0	717
2.0	17.0	718
3.0	18.0	719
3.0	17.0	720
3.0	17.0	721
1.0	17.0	722
2.0	18.0	723
4.0	17.0	724
2.0	17.0	725
1.0	17.0	726
4.0	17.0	727
1.0	17.0	728
1.0	16.0	729
2.0	17.0	730
0.0	16.0	731
1.0	16.0	732
4.0	17.0	733
1.0	17.0	734
2.0	17.0	735
1.0	17.0	736
2.0	17.0	737
2.0	17.0	738
0.0	16.0	739
3.0	17.0	740
4.0	17.0	741
1.0	16.0	742
3.0	17.0	743
1.0	16.0	744
1.0	17.0	745
1.0	17.0	746
2.0	17.0	747
3.0	17.0	748
1.0	17.0	749
2.0	17.0	750
4.0	19.0	751
5.0	19.0	752
0.0	18.0	753
3.0	18.0	754
0.0	19.0	755
2.0	19.0	756
2.0	18.0	757
1.0	19.0	758
0.0	18.0	759
1.0	19.0	760
1.0	18.0	761
0.0	19.0	762
1.0	18.0	763
0.0	18.0	764
2.0	19.0	765
0.0	18.0	766
2.0	19.0	767
1.0	18.0	768
2.0	19.0	769
1.0	18.0	770
1.0	18.0	771
3.0	19.0	772
1.0	18.0	773
3.0	19.0	774
4.0	20.0	775
3.0	19.0	776
1.0	19.0	777
2.0	19.0	778
3.0	18.0	779
1.0	18.0	780
2.0	18.0	781
2.0	19.0	782
3.0	19.0	783
2.0	19.0	784
1.0	19.0	785
1.0	18.0	786
2.0	20.0	787
1.0	18.0	788
1.0	18.0	789
2.0	20.0	790
1.0	18.0	791
3.0	19.0	792
4.0	19.0	793
2.0	19.0	794
2.0	19.0	795
3.0	19.0	796
2.0	19.0	797
2.0	19.0	798
1.0	18.0	799
1.0	19.0	800
2.0	19.0	801
4.0	19.0	802
1.0	19.0	803
1.0	18.0	804
4.0	19.0	805
3.0	19.0	806
1.0	18.0	807
2.0	19.0	808
1.0	18.0	809
3.0	19.0	810
0.0	17.0	811
2.0	19.0	812
1.0	19.0	813
1.0	18.0	814
0.0	18.0	815
4.0	19.0	816
2.0	19.0	817
3.0	19.0	818
1.0	18.0	819
0.0	18.0	820
2.0	19.0	821
3.0	19.0	822
2.0	19.0	823
1.0	19.0	824
0.0	19.0	825
3.0	19.0	826
3.0	19.0	827
2.0	19.0	828
1.0	18.0	829
1.0	18.0	830
1.0	18.0	831
1.0	19.0	832
2.0	19.0	833
2.0	19.0	834
7.0	19.0	835
1.0	19.0	836
1.0	18.0	837
2.0	18.0	838
1.0	18.0	839
0.0	18.0	840
3.0	19.0	841
0.0	19.0	842
0.0	18.0	843
3.0	19.0	844
4.0	19.0	845
4.0	20.0	846
1.0	19.0	847
1.0	19.0	848
3.0	19.0	849
2.0	19.0	850
2.0	19.0	851
0.0	18.0	852
0.0	18.0	853
0.0	18.0	854
2.0	20.0	855
3.0	19.0	856
1.0	19.0	857
1.0	19.0	858
3.0	20.0	859
1.0	20.0	860
2.0	19.0	861
2.0	19.0	862
2.0	19.0	863
4.0	19.0	864
1.0	19.0	865
1.0	19.0	866
2.0	20.0	867
4.0	19.0	868
1.0	18.0	869
5.0	19.0	870
3.0	19.0	871
2.0	19.0	872
0.0	19.0	873
2.0	19.0	874
0.0	17.0	875
1.0	19.0	876
1.0	19.0	877
0.0	18.0	878
0.0	18.0	879
4.0	20.0	880
1.0	18.0	881
1.0	18.0	882
3.0	19.0	883
5.0	19.0	884
3.0	18.0	885
4.0	19.0	886
3.0	19.0	887
2.0	20.0	888
0.0	19.0	889
1.0	18.0	890
1.0	18.0	891
1.0	19.0	892
4.0	19.0	893
1.0	18.0	894
2.0	19.0	895
3.0	19.0	896
2.0	19.0	897
0.0	18.0	898
2.0	19.0	899
1.0	19.0	900
1.0	18.0	901
1.0	18.0	902
3.0	19.0	903
0.0	18.0	904
2.0	19.0	905
3.0	19.0	906
0.0	19.0	907
1.0	19.0	908
4.0	19.0	909
4.0	19.0	910
1.0	19.0	911
2.0	20.0	912
1.0	18.0	913
1.0	19.0	914
1.0	18.0	915
2.0	19.0	916
3.0	19.0	917
2.0	19.0	918
3.0	17.0	919
2.0	17.0	920
1.0	16.0	921
1.0	17.0	922
1.0	17.0	923
1.0	17.0	924
1.0	17.0	925
1.0	17.0	926
2.0	18.0	927
2.0	18.0	928
2.0	17.0	929
3.0	17.0	930
5.0	17.0	931
3.0	17.0	932
2.0	17.0	933
3.0	17.0	934
1.0	16.0	935
2.0	18.0	936
3.0	17.0	937
1.0	17.0	938
1.0	17.0	939
2.0	17.0	940
1.0	17.0	941
2.0	17.0	942
3.0	17.0	943
0.0	16.0	944
2.0	17.0	945
1.0	16.0	946
2.0	18.0	947
4.0	18.0	948
1.0	16.0	949
0.0	17.0	950
0.0	16.0	951
2.0	17.0	952
1.0	16.0	953
0.0	17.0	954
0.0	16.0	955
2.0	18.0	956
1.0	17.0	957
2.0	17.0	958
1.0	17.0	959
1.0	17.0	960
0.0	17.0	961
1.0	18.0	962
1.0	17.0	963
0.0	17.0	964
3.0	18.0	965
1.0	17.0	966
3.0	17.0	967
2.0	17.0	968
0.0	17.0	969
0.0	17.0	970
2.0	17.0	971
3.0	17.0	972
1.0	17.0	973
3.0	17.0	974
1.0	16.0	975
1.0	16.0	976
1.0	17.0	977
1.0	17.0	978
0.0	16.0	979
0.0	16.0	980
1.0	16.0	981
2.0	17.0	982
2.0	17.0	983
2.0	17.0	984
1.0	17.0	985
2.0	17.0	986
0.0	16.0	987
0.0	17.0	988
3.0	17.0	989
1.0	16.0	990
1.0	17.0	991
1.0	16.0	992
1.0	17.0	993
3.0	17.0	994
0.0	17.0	995
2.0	17.0	996
0.0	17.0	997
1.0	16.0	998
2.0	17.0	999
3.0	17.0	1000
