#CDA decimation Metropolis T0 KSAT
#N=2048  stepsdec=5  alpha=3.1   NSamples=511
#av(e)	4.8493150684931505
#std(e)	0.09076938762293892
#av(t)	336.146771037182
#std(t)	2.0412450408963867
5.0	325.0	1
7.0	330.0	2
3.0	322.0	3
4.0	326.0	4
5.0	324.0	5
5.0	329.0	6
7.0	321.0	7
4.0	321.0	8
3.0	325.0	9
2.0	326.0	10
2.0	325.0	11
4.0	320.0	12
7.0	322.0	13
7.0	327.0	14
3.0	323.0	15
5.0	323.0	16
4.0	329.0	17
7.0	326.0	18
5.0	326.0	19
3.0	327.0	20
4.0	327.0	21
7.0	324.0	22
2.0	323.0	23
7.0	322.0	24
8.0	319.0	25
6.0	323.0	26
8.0	325.0	27
3.0	327.0	28
9.0	327.0	29
7.0	329.0	30
4.0	325.0	31
3.0	328.0	32
2.0	331.0	33
2.0	326.0	34
4.0	328.0	35
7.0	333.0	36
7.0	326.0	37
4.0	326.0	38
5.0	340.0	39
8.0	337.0	40
8.0	331.0	41
4.0	322.0	42
2.0	321.0	43
4.0	327.0	44
4.0	322.0	45
2.0	323.0	46
10.0	324.0	47
3.0	325.0	48
4.0	324.0	49
3.0	324.0	50
6.0	325.0	51
5.0	333.0	52
2.0	320.0	53
7.0	328.0	101
4.0	325.0	102
3.0	329.0	103
5.0	331.0	104
7.0	320.0	105
6.0	327.0	106
6.0	330.0	107
2.0	324.0	108
7.0	319.0	109
3.0	323.0	110
6.0	324.0	111
4.0	326.0	112
6.0	327.0	113
3.0	329.0	114
6.0	322.0	115
5.0	329.0	116
7.0	327.0	117
5.0	322.0	118
8.0	332.0	119
7.0	325.0	120
4.0	325.0	121
4.0	326.0	122
5.0	325.0	123
5.0	328.0	124
4.0	325.0	125
2.0	326.0	126
4.0	331.0	127
8.0	323.0	128
3.0	324.0	129
6.0	326.0	130
4.0	328.0	131
6.0	329.0	132
3.0	328.0	133
4.0	324.0	134
3.0	327.0	135
8.0	329.0	136
3.0	323.0	137
5.0	334.0	138
6.0	341.0	139
3.0	344.0	140
6.0	324.0	141
6.0	326.0	142
4.0	326.0	143
5.0	329.0	144
5.0	320.0	145
5.0	324.0	146
4.0	324.0	147
2.0	326.0	148
9.0	320.0	149
2.0	329.0	150
6.0	328.0	151
4.0	326.0	152
7.0	326.0	153
9.0	320.0	201
7.0	328.0	202
5.0	321.0	203
8.0	321.0	204
3.0	323.0	205
11.0	324.0	206
3.0	327.0	207
5.0	321.0	208
4.0	325.0	209
6.0	322.0	210
6.0	326.0	211
3.0	319.0	212
5.0	325.0	213
9.0	324.0	214
3.0	322.0	215
9.0	323.0	216
4.0	322.0	217
4.0	322.0	218
3.0	326.0	219
10.0	326.0	220
8.0	321.0	221
5.0	328.0	222
6.0	325.0	223
3.0	322.0	224
2.0	321.0	225
4.0	324.0	226
1.0	312.0	227
2.0	321.0	228
1.0	313.0	229
5.0	324.0	230
4.0	315.0	231
5.0	327.0	232
3.0	325.0	233
1.0	318.0	234
1.0	314.0	235
4.0	341.0	236
1.0	313.0	237
4.0	323.0	238
8.0	338.0	239
4.0	339.0	240
7.0	335.0	241
4.0	323.0	242
6.0	327.0	243
9.0	324.0	244
4.0	327.0	245
1.0	314.0	246
6.0	325.0	247
8.0	324.0	248
5.0	318.0	249
2.0	321.0	250
4.0	324.0	251
5.0	320.0	252
4.0	333.0	253
4.0	376.0	301
6.0	376.0	302
4.0	380.0	303
7.0	375.0	304
4.0	369.0	305
6.0	372.0	306
9.0	373.0	307
2.0	375.0	308
7.0	383.0	309
4.0	372.0	310
4.0	375.0	311
3.0	374.0	312
10.0	373.0	313
10.0	373.0	314
10.0	379.0	315
4.0	379.0	316
4.0	370.0	317
6.0	377.0	318
3.0	374.0	319
6.0	373.0	320
5.0	381.0	321
2.0	372.0	322
5.0	377.0	323
2.0	378.0	324
3.0	376.0	325
6.0	374.0	326
6.0	375.0	327
7.0	374.0	328
7.0	367.0	329
5.0	372.0	330
1.0	360.0	331
7.0	379.0	332
4.0	375.0	333
2.0	369.0	334
7.0	368.0	335
8.0	375.0	336
5.0	369.0	337
6.0	375.0	338
6.0	378.0	339
4.0	377.0	340
4.0	381.0	341
5.0	375.0	342
1.0	365.0	343
4.0	372.0	344
7.0	368.0	345
6.0	370.0	346
3.0	371.0	401
4.0	373.0	402
3.0	373.0	403
5.0	374.0	404
12.0	371.0	405
8.0	380.0	406
3.0	373.0	407
7.0	382.0	408
4.0	372.0	409
4.0	367.0	410
9.0	374.0	411
2.0	372.0	412
9.0	376.0	413
3.0	366.0	414
7.0	375.0	415
3.0	375.0	416
4.0	373.0	417
6.0	381.0	418
4.0	377.0	419
4.0	367.0	420
8.0	377.0	421
4.0	374.0	422
2.0	378.0	423
6.0	375.0	424
3.0	375.0	425
5.0	376.0	426
3.0	372.0	427
4.0	372.0	428
2.0	368.0	429
1.0	356.0	430
4.0	370.0	431
4.0	375.0	432
6.0	372.0	433
6.0	369.0	434
4.0	372.0	435
2.0	374.0	436
6.0	370.0	437
2.0	375.0	438
7.0	379.0	439
6.0	374.0	440
1.0	360.0	441
4.0	372.0	442
6.0	380.0	443
5.0	376.0	444
7.0	373.0	445
3.0	374.0	446
4.0	374.0	501
9.0	376.0	502
3.0	368.0	503
4.0	370.0	504
1.0	360.0	505
3.0	377.0	506
3.0	368.0	507
4.0	372.0	508
6.0	366.0	509
4.0	368.0	510
4.0	368.0	511
5.0	371.0	512
4.0	375.0	513
5.0	377.0	514
4.0	376.0	515
3.0	379.0	516
6.0	368.0	517
7.0	382.0	518
4.0	373.0	519
4.0	374.0	520
8.0	368.0	521
8.0	375.0	522
5.0	369.0	523
3.0	375.0	524
5.0	374.0	525
5.0	371.0	526
4.0	371.0	527
4.0	370.0	528
7.0	375.0	529
2.0	380.0	530
6.0	366.0	531
3.0	384.0	532
4.0	373.0	533
6.0	371.0	534
2.0	366.0	535
9.0	368.0	536
6.0	374.0	537
5.0	366.0	538
8.0	374.0	539
3.0	374.0	540
2.0	374.0	541
6.0	374.0	542
4.0	374.0	543
3.0	377.0	544
3.0	361.0	545
4.0	370.0	546
5.0	397.0	601
6.0	401.0	602
9.0	401.0	603
4.0	404.0	604
4.0	405.0	605
4.0	413.0	606
6.0	404.0	607
2.0	399.0	608
6.0	400.0	609
6.0	397.0	610
9.0	405.0	611
3.0	403.0	612
2.0	409.0	613
6.0	410.0	614
3.0	399.0	615
6.0	404.0	616
6.0	413.0	617
2.0	403.0	618
6.0	400.0	619
3.0	408.0	620
6.0	397.0	621
0.0	389.0	622
10.0	398.0	623
7.0	402.0	624
1.0	388.0	625
6.0	406.0	626
4.0	403.0	627
3.0	407.0	628
6.0	570.0	629
4.0	411.0	630
5.0	821.0	631
6.0	404.0	632
5.0	398.0	633
2.0	435.0	634
6.0	401.0	635
2.0	403.0	636
5.0	401.0	637
7.0	404.0	638
9.0	409.0	639
5.0	398.0	640
7.0	405.0	641
3.0	277.0	701
6.0	277.0	702
6.0	275.0	703
6.0	278.0	704
1.0	273.0	705
9.0	277.0	706
5.0	270.0	707
9.0	275.0	708
7.0	276.0	709
4.0	280.0	710
4.0	276.0	711
5.0	273.0	712
9.0	279.0	713
5.0	273.0	714
7.0	281.0	715
5.0	273.0	716
10.0	272.0	717
3.0	279.0	718
6.0	280.0	719
3.0	272.0	720
6.0	278.0	721
5.0	278.0	722
4.0	275.0	723
2.0	275.0	724
4.0	279.0	725
5.0	276.0	726
5.0	276.0	727
1.0	266.0	728
5.0	271.0	729
5.0	272.0	730
7.0	274.0	731
6.0	280.0	732
6.0	280.0	733
6.0	280.0	734
3.0	278.0	735
4.0	276.0	736
6.0	276.0	737
5.0	277.0	738
5.0	276.0	739
3.0	281.0	740
5.0	273.0	741
4.0	278.0	742
7.0	277.0	743
6.0	277.0	744
3.0	275.0	745
8.0	280.0	746
3.0	275.0	747
5.0	275.0	748
4.0	285.0	749
7.0	280.0	750
4.0	276.0	751
4.0	282.0	752
3.0	278.0	753
4.0	274.0	754
6.0	278.0	755
4.0	277.0	756
4.0	270.0	757
4.0	281.0	758
5.0	278.0	759
3.0	275.0	760
7.0	272.0	761
4.0	275.0	762
5.0	279.0	801
6.0	275.0	802
4.0	286.0	803
5.0	287.0	804
6.0	281.0	805
4.0	281.0	806
7.0	283.0	807
5.0	284.0	808
2.0	283.0	809
5.0	277.0	810
9.0	287.0	811
5.0	279.0	812
6.0	281.0	813
9.0	279.0	814
5.0	283.0	815
7.0	282.0	816
6.0	282.0	817
4.0	281.0	818
4.0	277.0	819
3.0	282.0	820
2.0	280.0	821
5.0	280.0	822
3.0	283.0	823
2.0	285.0	824
4.0	280.0	825
3.0	285.0	826
8.0	279.0	827
4.0	277.0	828
3.0	281.0	829
8.0	284.0	830
3.0	278.0	831
5.0	279.0	832
5.0	282.0	833
4.0	280.0	834
4.0	282.0	835
5.0	277.0	836
7.0	279.0	837
7.0	285.0	838
4.0	287.0	839
3.0	285.0	840
8.0	283.0	841
5.0	281.0	842
4.0	278.0	843
6.0	283.0	844
6.0	284.0	845
6.0	280.0	846
6.0	281.0	847
5.0	285.0	848
6.0	281.0	849
4.0	283.0	850
8.0	283.0	851
3.0	286.0	852
6.0	287.0	853
4.0	282.0	854
7.0	287.0	855
8.0	283.0	856
4.0	285.0	857
10.0	284.0	858
7.0	280.0	859
3.0	279.0	860
6.0	281.0	861
5.0	333.0	901
1.0	335.0	902
3.0	349.0	903
3.0	343.0	904
5.0	345.0	905
6.0	343.0	906
1.0	334.0	907
3.0	342.0	908
6.0	346.0	909
4.0	339.0	910
2.0	339.0	911
4.0	347.0	912
6.0	343.0	913
4.0	342.0	914
6.0	340.0	915
6.0	343.0	916
5.0	348.0	917
2.0	347.0	918
6.0	339.0	919
3.0	342.0	920
3.0	345.0	921
3.0	341.0	922
5.0	345.0	923
2.0	344.0	924
6.0	340.0	925
6.0	340.0	926
6.0	340.0	927
3.0	350.0	928
4.0	341.0	929
5.0	352.0	930
1.0	335.0	931
6.0	341.0	932
3.0	342.0	933
1.0	329.0	934
4.0	345.0	935
6.0	337.0	936
7.0	338.0	937
6.0	346.0	938
3.0	348.0	939
3.0	347.0	940
6.0	349.0	941
6.0	342.0	942
2.0	341.0	943
3.0	344.0	944
6.0	343.0	945
4.0	347.0	946
3.0	343.0	947
6.0	342.0	948
5.0	349.0	949
4.0	338.0	950
