#CDA decimation FMS KSAT
#N=16384  stepsdec=5  alpha=4.1   NSamples=998
#av(e)	7.608216432865731
#std(e)	0.1281539726043043
#av(t)	26850.72845691383
#std(t)	1834.2121923420118
3.0	22234.0	36
9.0	22600.0	37
8.0	21062.0	38
4.0	21012.0	39
6.0	21806.0	40
11.0	23501.0	60
5.0	23604.0	75
5.0	21720.0	76
15.0	20639.0	77
6.0	20392.0	78
8.0	22375.0	79
7.0	18632.0	80
5.0	23749.0	96
6.0	24180.0	97
11.0	24255.0	98
7.0	22958.0	99
4.0	23612.0	100
3.0	23979.0	116
1.0	24268.0	117
11.0	24190.0	118
3.0	22980.0	119
4.0	23347.0	120
4.0	23920.0	135
5.0	24170.0	136
7.0	24297.0	137
13.0	21269.0	138
11.0	22689.0	139
9.0	20432.0	140
6.0	24021.0	158
2.0	24092.0	159
10.0	24364.0	160
8.0	23734.0	176
9.0	24216.0	177
3.0	24368.0	178
4.0	22905.0	179
7.0	23578.0	180
10.0	23812.0	196
5.0	24149.0	197
7.0	24136.0	198
11.0	22990.0	199
1.0	23399.0	200
14.0	23879.0	218
7.0	24125.0	219
8.0	24265.0	220
7.0	24021.0	235
3.0	24067.0	236
5.0	24138.0	237
3.0	21101.0	238
4.0	22653.0	239
13.0	20138.0	240
10.0	23911.0	258
1.0	24236.0	259
10.0	24080.0	260
8.0	23954.0	275
7.0	24365.0	276
6.0	24233.0	277
9.0	21019.0	278
4.0	22509.0	279
5.0	20119.0	280
16.0	23796.0	294
15.0	24198.0	295
16.0	24377.0	296
17.0	21087.0	297
5.0	22848.0	298
4.0	20446.0	299
5.0	18942.0	300
10.0	24125.0	318
12.0	24131.0	319
13.0	24263.0	320
3.0	23893.0	334
8.0	24213.0	335
22.0	24307.0	336
5.0	21341.0	337
4.0	22860.0	338
9.0	20173.0	339
6.0	19240.0	340
0.0	21591.0	358
8.0	24605.0	359
2.0	24454.0	360
2.0	24035.0	374
8.0	24531.0	375
2.0	24416.0	376
7.0	22988.0	377
9.0	23601.0	378
2.0	21629.0	379
3.0	18944.0	380
6.0	24077.0	395
12.0	24375.0	396
6.0	24881.0	397
16.0	23129.0	398
8.0	23807.0	399
6.0	21833.0	400
6.0	24110.0	414
1.0	24069.0	415
7.0	24157.0	416
6.0	23079.0	417
5.0	23616.0	418
13.0	21747.0	419
10.0	18864.0	420
6.0	24142.0	435
3.0	24610.0	436
2.0	24493.0	437
7.0	23201.0	438
12.0	23735.0	439
3.0	21665.0	440
5.0	23691.0	456
11.0	24311.0	457
4.0	24252.0	458
2.0	22802.0	459
9.0	23670.0	460
7.0	23856.0	475
6.0	24369.0	476
3.0	24437.0	477
1.0	23000.0	478
11.0	23515.0	479
4.0	19990.0	480
17.0	22169.0	496
12.0	23261.0	497
9.0	22490.0	498
11.0	21461.0	499
9.0	21982.0	500
5.0	21999.0	536
10.0	22219.0	537
9.0	22302.0	538
6.0	21392.0	539
16.0	22392.0	540
15.0	24693.0	576
0.0	14716.0	577
7.0	25602.0	578
12.0	23737.0	579
5.0	21702.0	580
12.0	24974.0	596
10.0	24071.0	597
5.0	25763.0	598
18.0	22228.0	599
0.0	19646.0	600
3.0	24920.0	618
5.0	23697.0	619
11.0	25516.0	620
8.0	27583.0	636
7.0	25986.0	637
6.0	26999.0	638
3.0	23690.0	639
9.0	21155.0	640
7.0	24418.0	660
3.0	27360.0	676
9.0	26194.0	677
7.0	27171.0	678
4.0	23800.0	679
3.0	21416.0	680
4.0	24681.0	696
4.0	24324.0	697
7.0	25686.0	698
13.0	22026.0	699
4.0	21041.0	700
4.0	28169.0	716
6.0	27302.0	717
2.0	28017.0	718
12.0	24332.0	719
7.0	22082.0	720
10.0	27622.0	735
4.0	26726.0	736
4.0	27487.0	737
4.0	24543.0	738
11.0	21890.0	739
7.0	19670.0	740
6.0	25113.0	775
1.0	22014.0	776
8.0	23629.0	777
7.0	20884.0	778
3.0	20179.0	779
6.0	18266.0	780
6.0	27558.0	795
9.0	30580.0	796
8.0	26834.0	797
1.0	21848.0	798
11.0	19760.0	799
15.0	19634.0	800
10.0	23248.0	817
11.0	24910.0	818
6.0	25260.0	819
8.0	21678.0	820
9.0	22947.0	835
5.0	24338.0	836
15.0	25137.0	837
11.0	21648.0	838
11.0	18663.0	839
4.0	18285.0	840
16.0	22957.0	857
2.0	24463.0	858
11.0	25070.0	859
6.0	21474.0	860
10.0	22671.0	875
2.0	24217.0	876
4.0	25004.0	877
11.0	21324.0	878
14.0	20096.0	879
4.0	18342.0	880
5.0	22814.0	896
5.0	24509.0	897
6.0	25172.0	898
8.0	21406.0	899
8.0	20394.0	900
2.0	28411.0	933
9.0	26329.0	934
12.0	22673.0	935
9.0	21464.0	936
11.0	21765.0	937
6.0	21103.0	938
6.0	20814.0	939
5.0	23815.0	953
11.0	22399.0	954
7.0	21727.0	955
5.0	20821.0	956
10.0	21059.0	957
7.0	20349.0	958
2.0	20245.0	959
6.0	19964.0	960
9.0	26753.0	973
8.0	25599.0	974
11.0	24590.0	975
13.0	24819.0	976
6.0	23388.0	977
7.0	23265.0	978
9.0	23260.0	979
9.0	23512.0	993
9.0	23016.0	994
9.0	22153.0	995
7.0	21019.0	996
16.0	21209.0	997
6.0	20826.0	998
3.0	20404.0	999
6.0	20765.0	1000
11.0	24226.0	15
4.0	24343.0	16
21.0	24279.0	17
7.0	24449.0	18
4.0	24241.0	19
6.0	24206.0	20
11.0	23933.0	29
16.0	23962.0	30
8.0	24085.0	31
6.0	23824.0	32
2.0	23920.0	33
2.0	23817.0	34
4.0	24387.0	35
2.0	24140.0	48
7.0	24018.0	49
15.0	23955.0	50
8.0	23976.0	56
3.0	23927.0	57
9.0	24049.0	58
12.0	24482.0	59
1.0	23900.0	68
7.0	24064.0	69
3.0	24061.0	70
7.0	23942.0	71
15.0	24241.0	72
8.0	23959.0	73
7.0	24398.0	74
10.0	24029.0	89
5.0	24355.0	90
5.0	24217.0	91
21.0	24125.0	92
6.0	23982.0	93
3.0	24024.0	94
9.0	24694.0	95
4.0	22852.0	109
0.0	18661.0	110
13.0	23467.0	111
17.0	23562.0	112
4.0	23460.0	113
18.0	23519.0	114
8.0	24128.0	115
7.0	23506.0	128
9.0	23484.0	129
9.0	23355.0	130
10.0	23466.0	131
4.0	23382.0	132
11.0	24749.0	133
7.0	24551.0	134
7.0	23487.0	148
10.0	23637.0	149
11.0	23365.0	150
3.0	23316.0	154
1.0	23406.0	155
13.0	24548.0	156
10.0	24525.0	157
2.0	23418.0	169
9.0	23546.0	170
13.0	23341.0	171
3.0	23505.0	172
5.0	23341.0	173
5.0	24533.0	174
13.0	24602.0	175
12.0	23498.0	189
11.0	23587.0	190
5.0	23337.0	191
6.0	23472.0	192
8.0	23449.0	193
9.0	24698.0	194
18.0	24479.0	195
10.0	23231.0	211
5.0	23387.0	212
6.0	23283.0	213
11.0	23542.0	214
12.0	23853.0	215
7.0	26611.0	216
5.0	27570.0	217
3.0	22954.0	228
8.0	22886.0	229
8.0	22576.0	230
4.0	22931.0	231
15.0	22898.0	232
12.0	24101.0	233
6.0	24779.0	234
5.0	26238.0	248
5.0	26318.0	249
2.0	26449.0	250
8.0	26377.0	255
5.0	27215.0	256
7.0	27926.0	257
8.0	23722.0	268
6.0	23691.0	269
6.0	23680.0	270
8.0	23720.0	271
10.0	23709.0	272
4.0	25035.0	273
5.0	24744.0	274
5.0	26229.0	288
4.0	26199.0	289
4.0	26082.0	290
9.0	26454.0	291
6.0	26634.0	292
15.0	27422.0	293
8.0	23360.0	311
11.0	23637.0	312
14.0	23491.0	313
6.0	23664.0	314
4.0	23282.0	315
8.0	24877.0	316
0.0	23424.0	317
9.0	26409.0	328
10.0	25954.0	329
15.0	25945.0	330
4.0	26031.0	331
8.0	26263.0	332
5.0	27368.0	333
4.0	23674.0	348
12.0	23694.0	349
5.0	23399.0	350
7.0	23634.0	354
13.0	23391.0	355
5.0	24858.0	356
7.0	24453.0	357
6.0	25769.0	368
8.0	25693.0	369
0.0	18389.0	370
14.0	25611.0	371
12.0	25755.0	372
2.0	27425.0	373
4.0	23186.0	388
10.0	23180.0	389
7.0	22916.0	390
12.0	23091.0	391
8.0	23444.0	392
2.0	24451.0	393
9.0	24507.0	394
4.0	25517.0	408
9.0	25296.0	409
15.0	25604.0	410
6.0	25131.0	411
10.0	26441.0	412
9.0	28955.0	413
3.0	22249.0	428
6.0	22183.0	429
12.0	22246.0	430
11.0	22137.0	431
1.0	22553.0	432
6.0	25323.0	433
14.0	26737.0	434
6.0	24501.0	448
8.0	24638.0	449
8.0	24425.0	450
7.0	24471.0	452
16.0	24362.0	453
5.0	24552.0	454
11.0	24663.0	455
9.0	24411.0	468
9.0	24419.0	469
13.0	24293.0	470
3.0	24261.0	471
11.0	24416.0	472
5.0	24446.0	473
9.0	24626.0	474
0.0	21045.0	489
7.0	24264.0	490
5.0	24116.0	491
4.0	24588.0	492
12.0	24218.0	493
5.0	24294.0	494
5.0	24279.0	495
7.0	24287.0	514
9.0	24538.0	515
11.0	24308.0	516
8.0	24485.0	517
9.0	24263.0	518
12.0	24301.0	519
3.0	24672.0	520
5.0	24242.0	530
7.0	24523.0	531
5.0	24202.0	532
11.0	24338.0	533
5.0	24447.0	534
1.0	24245.0	535
7.0	24357.0	550
11.0	24422.0	556
13.0	24302.0	557
5.0	24563.0	558
1.0	24520.0	559
3.0	24405.0	560
4.0	24355.0	569
10.0	24444.0	570
9.0	24367.0	571
8.0	24216.0	572
1.0	24430.0	573
1.0	24203.0	574
12.0	24407.0	575
8.0	24216.0	589
10.0	24256.0	590
2.0	24229.0	591
2.0	24386.0	592
6.0	24349.0	593
5.0	24208.0	594
15.0	24480.0	595
7.0	24166.0	611
5.0	24345.0	612
9.0	24233.0	613
4.0	24133.0	614
15.0	24422.0	615
6.0	24328.0	616
6.0	24339.0	617
9.0	24171.0	629
7.0	24233.0	630
9.0	24048.0	631
6.0	24280.0	632
1.0	24325.0	633
5.0	24172.0	634
7.0	24369.0	635
10.0	24133.0	650
10.0	24208.0	654
10.0	24296.0	655
10.0	24224.0	656
5.0	24459.0	657
20.0	24311.0	658
7.0	24416.0	659
7.0	24075.0	669
14.0	24447.0	670
8.0	24165.0	671
7.0	24221.0	672
7.0	24235.0	673
2.0	24247.0	674
8.0	24428.0	675
11.0	24019.0	689
6.0	24206.0	690
3.0	24044.0	691
8.0	24135.0	692
14.0	24183.0	693
2.0	24141.0	694
6.0	24570.0	695
12.0	24177.0	709
12.0	24517.0	710
7.0	24138.0	711
7.0	24224.0	712
3.0	24255.0	713
10.0	24435.0	714
0.0	23419.0	715
10.0	24050.0	729
3.0	24061.0	730
9.0	23877.0	731
6.0	23987.0	732
3.0	24079.0	733
7.0	27128.0	734
10.0	24026.0	750
6.0	24401.0	757
6.0	24147.0	758
2.0	24118.0	759
9.0	24403.0	760
5.0	24078.0	768
9.0	24345.0	769
17.0	24103.0	770
8.0	24137.0	771
14.0	24336.0	772
8.0	24235.0	773
13.0	24328.0	774
6.0	24256.0	788
14.0	24379.0	789
9.0	24198.0	790
4.0	24342.0	791
9.0	24329.0	792
13.0	24135.0	793
6.0	24451.0	794
6.0	24104.0	810
5.0	24072.0	811
14.0	24115.0	812
0.0	21004.0	813
15.0	24225.0	814
12.0	24117.0	815
7.0	24143.0	816
11.0	24316.0	828
7.0	24367.0	829
3.0	24473.0	830
12.0	24285.0	831
1.0	24366.0	832
12.0	24463.0	833
12.0	24590.0	834
9.0	24095.0	848
10.0	23985.0	849
8.0	23983.0	850
13.0	24209.0	853
13.0	24219.0	854
9.0	24002.0	855
9.0	24243.0	856
14.0	24094.0	868
6.0	24136.0	869
7.0	24274.0	870
8.0	24775.0	871
16.0	24562.0	872
10.0	24202.0	873
8.0	24213.0	874
11.0	24127.0	889
12.0	24129.0	890
9.0	24136.0	891
2.0	24052.0	892
7.0	24086.0	893
11.0	24061.0	894
5.0	24283.0	895
5.0	24127.0	914
6.0	24282.0	915
1.0	24269.0	916
8.0	24230.0	917
9.0	24187.0	918
8.0	24117.0	919
15.0	24497.0	920
6.0	38662.0	929
8.0	38827.0	930
12.0	38947.0	931
5.0	38357.0	932
13.0	38722.0	949
9.0	38689.0	950
17.0	38168.0	951
7.0	38250.0	952
4.0	38519.0	969
10.0	38963.0	970
6.0	38604.0	971
7.0	38228.0	972
10.0	38671.0	989
12.0	38850.0	990
0.0	19280.0	991
9.0	45385.0	992
7.0	21508.0	7
14.0	21598.0	8
5.0	21515.0	9
8.0	21465.0	10
4.0	21597.0	11
8.0	21677.0	12
5.0	20717.0	13
15.0	20987.0	14
10.0	21609.0	21
2.0	21550.0	22
5.0	21692.0	23
11.0	21794.0	24
5.0	21795.0	25
3.0	21484.0	26
8.0	20690.0	27
2.0	20944.0	28
8.0	21858.0	41
16.0	22106.0	42
6.0	22065.0	43
7.0	21822.0	44
8.0	21939.0	45
11.0	21969.0	46
10.0	21165.0	47
8.0	21956.0	61
8.0	21797.0	62
8.0	22027.0	63
1.0	21964.0	64
10.0	22110.0	65
10.0	22141.0	66
6.0	21195.0	67
8.0	21890.0	81
5.0	21770.0	82
16.0	21851.0	83
3.0	21757.0	84
8.0	21924.0	85
6.0	21916.0	86
5.0	21025.0	87
4.0	20777.0	88
8.0	21819.0	102
7.0	21982.0	103
1.0	21827.0	104
8.0	22190.0	105
9.0	21899.0	106
7.0	22011.0	107
3.0	21049.0	108
2.0	21900.0	121
7.0	22013.0	122
1.0	21935.0	123
5.0	21869.0	124
14.0	22206.0	125
8.0	21937.0	126
8.0	21046.0	127
3.0	22162.0	141
5.0	21943.0	142
10.0	22026.0	143
6.0	22184.0	144
3.0	21966.0	145
9.0	21989.0	146
19.0	21251.0	147
10.0	19730.0	161
3.0	19591.0	162
10.0	19735.0	163
4.0	19600.0	164
14.0	19752.0	165
9.0	19723.0	166
15.0	19757.0	167
1.0	18633.0	168
16.0	21241.0	181
6.0	20582.0	182
11.0	20588.0	183
7.0	20485.0	184
14.0	20700.0	185
8.0	20546.0	186
6.0	20512.0	187
6.0	20612.0	188
15.0	22598.0	204
11.0	22395.0	205
9.0	22076.0	206
11.0	22434.0	207
3.0	22160.0	208
10.0	22275.0	209
7.0	22182.0	210
4.0	22557.0	221
4.0	22108.0	222
7.0	22307.0	223
7.0	22298.0	224
1.0	22297.0	225
17.0	22334.0	226
10.0	22366.0	227
9.0	22311.0	241
13.0	22084.0	242
7.0	22048.0	243
7.0	22257.0	244
6.0	21980.0	245
6.0	21941.0	246
14.0	22125.0	247
12.0	22569.0	261
6.0	22095.0	262
8.0	22267.0	263
4.0	22411.0	264
6.0	22175.0	265
9.0	22177.0	266
4.0	22099.0	267
10.0	22371.0	281
15.0	21976.0	282
6.0	22002.0	283
14.0	22217.0	284
6.0	22131.0	285
6.0	22263.0	286
2.0	22126.0	287
14.0	22457.0	304
1.0	22174.0	305
9.0	22215.0	306
1.0	22262.0	307
17.0	22082.0	308
5.0	22016.0	309
9.0	22075.0	310
4.0	22358.0	321
5.0	22158.0	322
5.0	22264.0	323
4.0	22183.0	324
15.0	22152.0	325
13.0	22000.0	326
12.0	22025.0	327
4.0	22514.0	341
4.0	22291.0	342
7.0	22244.0	343
8.0	22368.0	344
7.0	22207.0	345
10.0	22423.0	346
8.0	22208.0	347
12.0	22626.0	361
12.0	22348.0	362
9.0	22451.0	363
3.0	22443.0	364
6.0	22296.0	365
5.0	22308.0	366
5.0	22168.0	367
8.0	22660.0	381
14.0	22474.0	382
7.0	22549.0	383
15.0	22688.0	384
4.0	22578.0	385
9.0	22456.0	386
5.0	22327.0	387
10.0	22506.0	401
3.0	22176.0	402
16.0	22341.0	403
7.0	22242.0	404
1.0	22323.0	405
14.0	22331.0	406
9.0	22182.0	407
2.0	22545.0	421
3.0	22226.0	422
9.0	22343.0	423
7.0	22461.0	424
11.0	22283.0	425
8.0	22191.0	426
10.0	22325.0	427
10.0	22573.0	441
12.0	22341.0	442
4.0	22350.0	443
9.0	22490.0	444
13.0	22273.0	445
9.0	22462.0	446
5.0	22251.0	447
4.0	22523.0	461
3.0	22238.0	462
5.0	22391.0	463
7.0	22574.0	464
7.0	22415.0	465
13.0	22568.0	466
8.0	22474.0	467
15.0	19718.0	481
3.0	19635.0	482
3.0	19727.0	483
10.0	19698.0	484
6.0	19672.0	485
15.0	19769.0	486
4.0	19762.0	487
4.0	19737.0	488
5.0	19820.0	506
6.0	19597.0	507
12.0	19646.0	508
15.0	19872.0	509
5.0	19814.0	510
7.0	19758.0	511
5.0	19821.0	512
0.0	19755.0	513
6.0	19159.0	521
14.0	18163.0	522
9.0	18084.0	523
16.0	18617.0	524
6.0	18060.0	525
4.0	18393.0	526
7.0	18187.0	527
7.0	18060.0	528
9.0	18139.0	529
6.0	19204.0	541
2.0	19128.0	542
11.0	19162.0	543
3.0	19347.0	544
5.0	19927.0	545
11.0	19013.0	546
2.0	19166.0	547
10.0	19014.0	548
1.0	18992.0	549
4.0	20671.0	561
7.0	20421.0	562
7.0	20458.0	563
1.0	20662.0	564
4.0	20570.0	565
5.0	20473.0	566
3.0	20302.0	567
4.0	20510.0	568
9.0	20865.0	581
7.0	20377.0	582
8.0	20680.0	583
3.0	20624.0	584
9.0	20533.0	585
11.0	20560.0	586
3.0	20435.0	587
10.0	20509.0	588
4.0	20753.0	603
4.0	20540.0	604
12.0	20690.0	605
5.0	20718.0	606
1.0	20629.0	607
1.0	20536.0	608
6.0	20551.0	609
16.0	20665.0	610
10.0	20858.0	621
4.0	20767.0	622
7.0	20728.0	623
3.0	20736.0	624
5.0	20629.0	625
2.0	20610.0	626
12.0	20503.0	627
7.0	20684.0	628
14.0	19224.0	641
14.0	19253.0	642
4.0	19210.0	643
7.0	19345.0	644
13.0	19631.0	645
7.0	19090.0	646
5.0	19099.0	647
9.0	18973.0	648
12.0	18988.0	649
9.0	20978.0	661
9.0	20775.0	662
8.0	20827.0	663
10.0	21000.0	664
5.0	20868.0	665
11.0	20666.0	666
10.0	20612.0	667
13.0	20756.0	668
7.0	21092.0	681
12.0	20809.0	682
9.0	20868.0	683
14.0	21138.0	684
9.0	20731.0	685
9.0	20792.0	686
6.0	20837.0	687
11.0	20859.0	688
5.0	21082.0	701
10.0	20697.0	702
11.0	20817.0	703
11.0	21059.0	704
4.0	20741.0	705
13.0	20742.0	706
4.0	20592.0	707
3.0	20783.0	708
6.0	21089.0	721
5.0	20965.0	722
13.0	21004.0	723
6.0	21118.0	724
6.0	20835.0	725
14.0	20893.0	726
10.0	20997.0	727
12.0	20961.0	728
7.0	19347.0	741
7.0	19045.0	742
12.0	19301.0	743
3.0	19358.0	744
14.0	19852.0	745
3.0	18952.0	746
5.0	18948.0	747
2.0	19024.0	748
9.0	19046.0	749
10.0	21841.0	761
16.0	21872.0	762
9.0	22020.0	763
10.0	21746.0	764
6.0	21813.0	765
5.0	21829.0	766
11.0	21037.0	767
2.0	22092.0	781
5.0	22025.0	782
10.0	22252.0	783
17.0	22035.0	784
7.0	22093.0	785
4.0	22137.0	786
8.0	21018.0	787
9.0	22200.0	803
7.0	22071.0	804
6.0	21835.0	805
11.0	22215.0	806
4.0	21958.0	807
14.0	21884.0	808
12.0	21068.0	809
3.0	21894.0	821
5.0	21940.0	822
3.0	22127.0	823
3.0	21991.0	824
5.0	21904.0	825
12.0	22163.0	826
17.0	21134.0	827
7.0	21822.0	841
8.0	21927.0	842
6.0	21986.0	843
7.0	21971.0	844
3.0	21946.0	845
2.0	21760.0	846
9.0	20813.0	847
9.0	22109.0	861
9.0	22068.0	862
9.0	22133.0	863
12.0	22129.0	864
18.0	22036.0	865
12.0	22179.0	866
3.0	20973.0	867
8.0	19742.0	881
11.0	19719.0	882
2.0	19742.0	883
6.0	19724.0	884
10.0	19869.0	885
5.0	19702.0	886
7.0	19746.0	887
5.0	18808.0	888
3.0	20771.0	906
12.0	20706.0	907
13.0	20995.0	908
3.0	20868.0	909
9.0	20760.0	910
7.0	20937.0	911
0.0	19888.0	912
8.0	20835.0	913
3.0	20846.0	921
20.0	20867.0	922
12.0	20831.0	923
5.0	21201.0	924
12.0	21080.0	925
3.0	20922.0	926
4.0	20755.0	927
2.0	20880.0	928
16.0	20803.0	941
11.0	20782.0	942
1.0	20731.0	943
3.0	20881.0	944
2.0	20788.0	945
11.0	20995.0	946
2.0	20663.0	947
9.0	20999.0	948
4.0	20678.0	961
3.0	20769.0	962
5.0	20941.0	963
7.0	20851.0	964
3.0	20847.0	965
0.0	14303.0	966
8.0	20873.0	967
7.0	20968.0	968
19.0	20681.0	981
5.0	20723.0	982
3.0	20819.0	983
14.0	20999.0	984
3.0	20661.0	985
1.0	20940.0	986
3.0	20622.0	987
13.0	20783.0	988
6.0	947143.0	6
5.0	933518.0	254
10.0	947391.0	505
10.0	926384.0	756
2.0	47410.0	3
3.0	20884.0	4
11.0	20852.0	5
12.0	25088.0	53
7.0	24339.0	54
4.0	23467.0	55
8.0	47309.0	101
17.0	24296.0	151
17.0	24515.0	152
8.0	24339.0	153
9.0	23920.0	201
4.0	23983.0	202
6.0	23853.0	203
4.0	47775.0	251
11.0	24432.0	252
10.0	24462.0	253
6.0	23991.0	301
4.0	23984.0	302
10.0	22838.0	303
4.0	47500.0	351
8.0	27864.0	352
3.0	22960.0	353
14.0	24010.0	503
7.0	24150.0	504
8.0	48780.0	553
3.0	23960.0	554
4.0	24318.0	555
10.0	47353.0	653
6.0	47494.0	753
10.0	24787.0	754
13.0	24705.0	755
6.0	23772.0	903
9.0	23705.0	904
12.0	23588.0	905
10.0	24023.0	1
13.0	24487.0	2
0.0	19755.0	51
7.0	24263.0	52
14.0	24104.0	451
8.0	24058.0	501
4.0	24093.0	502
7.0	24185.0	551
4.0	24337.0	552
7.0	24211.0	601
6.0	24050.0	602
3.0	23950.0	651
4.0	24113.0	652
12.0	24521.0	751
5.0	24575.0	752
7.0	24262.0	801
13.0	24155.0	802
6.0	24321.0	851
5.0	24343.0	852
3.0	24004.0	901
2.0	24124.0	902
