#CDA decimation Metropolis T0 KSAT
#N=1024  stepsdec=10  alpha=1.9   NSamples=1000
#av(e)	0.02
#std(e)	0.0046475800154489
#av(t)	26.613
#std(t)	0.024682605210958233
0.0	26.0	1
0.0	27.0	2
0.0	27.0	3
0.0	26.0	4
0.0	27.0	5
0.0	27.0	6
0.0	27.0	7
0.0	28.0	8
0.0	27.0	9
0.0	27.0	10
0.0	27.0	11
0.0	26.0	12
0.0	26.0	13
0.0	27.0	14
0.0	27.0	15
1.0	27.0	16
0.0	26.0	17
0.0	27.0	18
0.0	28.0	19
0.0	27.0	20
0.0	26.0	21
0.0	26.0	22
0.0	26.0	23
0.0	26.0	24
0.0	26.0	25
0.0	27.0	26
0.0	28.0	27
0.0	26.0	28
0.0	26.0	29
0.0	27.0	30
0.0	26.0	31
0.0	26.0	32
0.0	27.0	33
0.0	27.0	34
0.0	26.0	35
0.0	27.0	36
0.0	26.0	37
0.0	27.0	38
0.0	26.0	39
0.0	27.0	40
0.0	26.0	41
0.0	27.0	42
0.0	27.0	43
0.0	27.0	44
0.0	26.0	45
0.0	27.0	46
0.0	27.0	47
0.0	28.0	48
0.0	27.0	49
0.0	26.0	50
0.0	27.0	51
0.0	27.0	52
0.0	27.0	53
0.0	27.0	54
0.0	26.0	55
0.0	27.0	56
0.0	27.0	57
0.0	27.0	58
0.0	26.0	59
0.0	28.0	60
0.0	27.0	61
0.0	27.0	62
0.0	27.0	63
0.0	27.0	64
0.0	26.0	65
0.0	27.0	66
0.0	27.0	67
0.0	26.0	68
0.0	27.0	69
1.0	27.0	70
0.0	27.0	71
0.0	27.0	72
0.0	26.0	73
0.0	27.0	74
0.0	27.0	75
0.0	27.0	76
0.0	27.0	77
0.0	27.0	78
0.0	27.0	79
0.0	27.0	80
0.0	28.0	81
0.0	27.0	82
0.0	27.0	83
0.0	26.0	84
0.0	27.0	85
0.0	27.0	86
0.0	27.0	87
0.0	27.0	88
0.0	26.0	89
0.0	27.0	90
0.0	27.0	91
0.0	28.0	92
0.0	27.0	93
0.0	26.0	94
0.0	27.0	95
0.0	26.0	96
0.0	27.0	97
0.0	27.0	98
0.0	27.0	99
0.0	27.0	100
0.0	28.0	101
0.0	27.0	102
0.0	27.0	103
0.0	27.0	104
0.0	27.0	105
0.0	27.0	106
0.0	26.0	107
0.0	25.0	108
0.0	27.0	109
0.0	27.0	110
0.0	26.0	111
0.0	27.0	112
0.0	27.0	113
0.0	26.0	114
0.0	27.0	115
0.0	27.0	116
0.0	27.0	117
0.0	28.0	118
0.0	27.0	119
0.0	27.0	120
0.0	27.0	121
0.0	28.0	122
0.0	28.0	123
0.0	27.0	124
0.0	27.0	125
0.0	27.0	126
0.0	26.0	127
0.0	27.0	128
0.0	27.0	129
0.0	27.0	130
0.0	27.0	131
0.0	27.0	132
0.0	27.0	133
0.0	26.0	134
0.0	27.0	135
0.0	27.0	136
0.0	27.0	137
0.0	27.0	138
0.0	27.0	139
0.0	26.0	140
0.0	27.0	141
0.0	26.0	142
0.0	26.0	143
0.0	26.0	144
0.0	26.0	145
0.0	26.0	146
0.0	27.0	147
0.0	27.0	148
0.0	26.0	149
0.0	26.0	150
0.0	27.0	151
0.0	26.0	152
0.0	27.0	153
0.0	26.0	154
0.0	27.0	155
1.0	26.0	156
0.0	26.0	157
0.0	26.0	158
0.0	27.0	159
0.0	26.0	160
0.0	26.0	161
0.0	27.0	162
0.0	27.0	163
0.0	27.0	164
0.0	27.0	165
0.0	27.0	166
0.0	26.0	167
0.0	26.0	168
0.0	27.0	169
0.0	27.0	170
0.0	26.0	171
0.0	27.0	172
0.0	26.0	173
0.0	27.0	174
0.0	27.0	175
0.0	27.0	176
0.0	27.0	177
0.0	27.0	178
0.0	26.0	179
0.0	27.0	180
0.0	26.0	181
0.0	26.0	182
0.0	27.0	183
0.0	27.0	184
0.0	27.0	185
0.0	27.0	186
0.0	27.0	187
0.0	27.0	188
0.0	27.0	189
0.0	28.0	190
0.0	26.0	191
0.0	26.0	192
0.0	26.0	193
0.0	27.0	194
0.0	26.0	195
0.0	27.0	196
0.0	26.0	197
0.0	26.0	198
0.0	27.0	199
0.0	27.0	200
0.0	26.0	201
0.0	27.0	202
0.0	27.0	203
0.0	27.0	204
0.0	27.0	205
0.0	26.0	206
0.0	27.0	207
0.0	26.0	208
0.0	26.0	209
0.0	26.0	210
0.0	27.0	211
0.0	27.0	212
0.0	27.0	213
0.0	26.0	214
0.0	27.0	215
0.0	26.0	216
0.0	26.0	217
0.0	26.0	218
0.0	25.0	219
0.0	25.0	220
0.0	25.0	221
0.0	24.0	222
0.0	24.0	223
0.0	25.0	224
0.0	26.0	225
0.0	26.0	226
0.0	26.0	227
0.0	26.0	228
0.0	25.0	229
0.0	26.0	230
0.0	25.0	231
1.0	26.0	232
0.0	25.0	233
0.0	26.0	234
0.0	26.0	235
0.0	26.0	236
0.0	26.0	237
0.0	26.0	238
0.0	25.0	239
0.0	26.0	240
0.0	26.0	241
0.0	25.0	242
0.0	26.0	243
0.0	25.0	244
0.0	26.0	245
1.0	25.0	246
0.0	24.0	247
0.0	25.0	248
0.0	25.0	249
0.0	25.0	250
0.0	27.0	251
0.0	26.0	252
0.0	28.0	253
0.0	27.0	254
0.0	27.0	255
0.0	27.0	256
0.0	28.0	257
0.0	27.0	258
0.0	27.0	259
0.0	27.0	260
0.0	27.0	261
0.0	26.0	262
0.0	26.0	263
0.0	27.0	264
0.0	26.0	265
0.0	26.0	266
0.0	26.0	267
0.0	27.0	268
0.0	27.0	269
0.0	27.0	270
0.0	27.0	271
0.0	27.0	272
0.0	27.0	273
0.0	27.0	274
0.0	27.0	275
0.0	27.0	276
0.0	28.0	277
0.0	25.0	278
0.0	27.0	279
0.0	27.0	280
0.0	27.0	281
0.0	27.0	282
0.0	27.0	283
0.0	26.0	284
0.0	27.0	285
0.0	28.0	286
0.0	27.0	287
0.0	27.0	288
0.0	27.0	289
0.0	26.0	290
0.0	26.0	291
0.0	26.0	292
0.0	27.0	293
0.0	27.0	294
0.0	27.0	295
0.0	27.0	296
0.0	28.0	297
0.0	26.0	298
0.0	27.0	299
0.0	26.0	300
0.0	27.0	301
0.0	26.0	302
0.0	27.0	303
1.0	26.0	304
0.0	27.0	305
0.0	27.0	306
0.0	26.0	307
0.0	26.0	308
0.0	26.0	309
0.0	28.0	310
0.0	28.0	311
0.0	26.0	312
0.0	27.0	313
0.0	27.0	314
0.0	27.0	315
0.0	27.0	316
0.0	28.0	317
0.0	27.0	318
0.0	27.0	319
0.0	27.0	320
0.0	27.0	321
0.0	27.0	322
0.0	28.0	323
0.0	27.0	324
0.0	27.0	325
0.0	27.0	326
0.0	27.0	327
0.0	27.0	328
0.0	27.0	329
0.0	27.0	330
0.0	27.0	331
0.0	27.0	332
0.0	27.0	333
0.0	27.0	334
0.0	27.0	335
0.0	27.0	336
0.0	27.0	337
0.0	27.0	338
0.0	26.0	339
0.0	27.0	340
0.0	27.0	341
0.0	27.0	342
0.0	27.0	343
0.0	26.0	344
0.0	26.0	345
0.0	27.0	346
0.0	27.0	347
0.0	26.0	348
0.0	27.0	349
0.0	27.0	350
0.0	27.0	351
0.0	27.0	352
0.0	27.0	353
0.0	26.0	354
0.0	27.0	355
0.0	26.0	356
0.0	27.0	357
0.0	27.0	358
0.0	27.0	359
0.0	27.0	360
0.0	26.0	361
0.0	26.0	362
0.0	27.0	363
0.0	27.0	364
0.0	27.0	365
0.0	27.0	366
0.0	27.0	367
0.0	27.0	368
0.0	27.0	369
0.0	27.0	370
0.0	27.0	371
0.0	27.0	372
0.0	27.0	373
0.0	26.0	374
0.0	27.0	375
0.0	27.0	376
0.0	26.0	377
0.0	26.0	378
0.0	26.0	379
0.0	26.0	380
0.0	26.0	381
0.0	27.0	382
0.0	26.0	383
0.0	27.0	384
0.0	27.0	385
0.0	27.0	386
0.0	27.0	387
0.0	26.0	388
0.0	27.0	389
0.0	27.0	390
0.0	27.0	391
0.0	26.0	392
0.0	26.0	393
0.0	28.0	394
0.0	27.0	395
0.0	27.0	396
0.0	27.0	397
0.0	26.0	398
0.0	26.0	399
0.0	26.0	400
0.0	26.0	401
0.0	27.0	402
0.0	27.0	403
0.0	26.0	404
0.0	27.0	405
0.0	27.0	406
0.0	26.0	407
0.0	27.0	408
0.0	27.0	409
0.0	27.0	410
0.0	27.0	411
0.0	27.0	412
0.0	26.0	413
0.0	26.0	414
0.0	27.0	415
0.0	26.0	416
0.0	26.0	417
0.0	26.0	418
0.0	27.0	419
0.0	27.0	420
0.0	27.0	421
0.0	27.0	422
0.0	27.0	423
0.0	27.0	424
0.0	26.0	425
0.0	26.0	426
0.0	27.0	427
0.0	27.0	428
0.0	27.0	429
0.0	27.0	430
0.0	27.0	431
0.0	27.0	432
0.0	27.0	433
0.0	27.0	434
0.0	27.0	435
0.0	27.0	436
0.0	26.0	437
0.0	27.0	438
0.0	27.0	439
0.0	27.0	440
0.0	27.0	441
0.0	27.0	442
0.0	28.0	443
0.0	27.0	444
0.0	26.0	445
0.0	27.0	446
0.0	27.0	447
0.0	27.0	448
0.0	26.0	449
0.0	27.0	450
0.0	26.0	451
0.0	27.0	452
0.0	27.0	453
0.0	27.0	454
0.0	27.0	455
0.0	27.0	456
0.0	27.0	457
0.0	27.0	458
0.0	26.0	459
0.0	27.0	460
0.0	26.0	461
0.0	27.0	462
0.0	27.0	463
0.0	27.0	464
0.0	27.0	465
0.0	27.0	466
1.0	27.0	467
0.0	26.0	468
0.0	25.0	469
0.0	26.0	470
0.0	26.0	471
0.0	25.0	472
1.0	26.0	473
0.0	26.0	474
0.0	26.0	475
0.0	25.0	476
0.0	26.0	477
0.0	27.0	478
0.0	25.0	479
0.0	26.0	480
0.0	25.0	481
0.0	26.0	482
0.0	25.0	483
0.0	25.0	484
0.0	25.0	485
0.0	25.0	486
0.0	25.0	487
1.0	26.0	488
0.0	25.0	489
0.0	26.0	490
0.0	25.0	491
0.0	25.0	492
0.0	25.0	493
0.0	26.0	494
0.0	25.0	495
0.0	25.0	496
0.0	24.0	497
0.0	24.0	498
0.0	24.0	499
0.0	23.0	500
0.0	27.0	501
0.0	27.0	502
0.0	27.0	503
0.0	26.0	504
0.0	27.0	505
0.0	26.0	506
0.0	27.0	507
0.0	26.0	508
0.0	27.0	509
0.0	26.0	510
0.0	28.0	511
0.0	27.0	512
0.0	27.0	513
0.0	26.0	514
0.0	28.0	515
0.0	27.0	516
0.0	27.0	517
0.0	27.0	518
0.0	26.0	519
0.0	27.0	520
0.0	27.0	521
1.0	27.0	522
0.0	26.0	523
0.0	27.0	524
0.0	26.0	525
0.0	28.0	526
0.0	27.0	527
0.0	27.0	528
0.0	26.0	529
0.0	26.0	530
0.0	26.0	531
0.0	27.0	532
0.0	27.0	533
0.0	26.0	534
0.0	27.0	535
0.0	27.0	536
0.0	27.0	537
0.0	27.0	538
0.0	27.0	539
0.0	27.0	540
0.0	26.0	541
0.0	27.0	542
0.0	27.0	543
0.0	26.0	544
0.0	28.0	545
0.0	26.0	546
0.0	27.0	547
0.0	26.0	548
0.0	27.0	549
0.0	26.0	550
0.0	27.0	551
0.0	26.0	552
0.0	27.0	553
0.0	27.0	554
0.0	27.0	555
0.0	26.0	556
0.0	26.0	557
0.0	27.0	558
0.0	26.0	559
0.0	26.0	560
0.0	27.0	561
0.0	27.0	562
0.0	27.0	563
0.0	27.0	564
0.0	27.0	565
0.0	26.0	566
0.0	28.0	567
0.0	27.0	568
0.0	28.0	569
0.0	27.0	570
0.0	26.0	571
0.0	27.0	572
0.0	27.0	573
0.0	26.0	574
0.0	26.0	575
0.0	27.0	576
0.0	27.0	577
0.0	28.0	578
0.0	27.0	579
0.0	27.0	580
0.0	27.0	581
0.0	27.0	582
0.0	26.0	583
0.0	27.0	584
0.0	26.0	585
0.0	27.0	586
0.0	27.0	587
0.0	27.0	588
0.0	27.0	589
0.0	27.0	590
0.0	27.0	591
0.0	26.0	592
0.0	27.0	593
0.0	27.0	594
0.0	27.0	595
0.0	27.0	596
0.0	27.0	597
0.0	27.0	598
0.0	27.0	599
0.0	27.0	600
0.0	27.0	601
0.0	27.0	602
0.0	27.0	603
0.0	26.0	604
0.0	27.0	605
0.0	27.0	606
0.0	26.0	607
0.0	27.0	608
0.0	28.0	609
0.0	26.0	610
0.0	26.0	611
0.0	27.0	612
0.0	27.0	613
0.0	26.0	614
0.0	26.0	615
0.0	26.0	616
0.0	27.0	617
0.0	27.0	618
0.0	26.0	619
0.0	26.0	620
0.0	27.0	621
0.0	27.0	622
0.0	27.0	623
0.0	27.0	624
0.0	27.0	625
0.0	26.0	626
0.0	27.0	627
0.0	26.0	628
0.0	26.0	629
0.0	26.0	630
0.0	27.0	631
0.0	26.0	632
0.0	26.0	633
0.0	28.0	634
0.0	27.0	635
0.0	28.0	636
0.0	26.0	637
0.0	26.0	638
0.0	27.0	639
0.0	27.0	640
0.0	27.0	641
0.0	27.0	642
0.0	26.0	643
0.0	27.0	644
0.0	26.0	645
0.0	26.0	646
0.0	27.0	647
0.0	27.0	648
0.0	27.0	649
0.0	27.0	650
0.0	27.0	651
0.0	27.0	652
0.0	25.0	653
0.0	26.0	654
0.0	26.0	655
0.0	27.0	656
0.0	27.0	657
0.0	26.0	658
0.0	26.0	659
1.0	28.0	660
0.0	27.0	661
0.0	27.0	662
0.0	27.0	663
1.0	27.0	664
0.0	26.0	665
0.0	26.0	666
0.0	27.0	667
0.0	26.0	668
0.0	28.0	669
0.0	27.0	670
0.0	27.0	671
0.0	27.0	672
0.0	27.0	673
0.0	26.0	674
0.0	26.0	675
0.0	27.0	676
0.0	26.0	677
0.0	26.0	678
0.0	27.0	679
0.0	27.0	680
0.0	26.0	681
0.0	27.0	682
0.0	26.0	683
0.0	27.0	684
0.0	27.0	685
0.0	26.0	686
0.0	27.0	687
0.0	28.0	688
0.0	26.0	689
0.0	27.0	690
0.0	26.0	691
0.0	27.0	692
0.0	27.0	693
0.0	27.0	694
0.0	27.0	695
0.0	27.0	696
0.0	27.0	697
0.0	26.0	698
0.0	26.0	699
0.0	27.0	700
0.0	26.0	701
0.0	27.0	702
2.0	31.0	703
0.0	26.0	704
0.0	27.0	705
0.0	26.0	706
0.0	27.0	707
0.0	27.0	708
0.0	27.0	709
0.0	26.0	710
0.0	27.0	711
0.0	27.0	712
0.0	28.0	713
0.0	27.0	714
0.0	27.0	715
0.0	27.0	716
0.0	27.0	717
0.0	26.0	718
0.0	25.0	719
0.0	25.0	720
0.0	25.0	721
0.0	25.0	722
0.0	26.0	723
0.0	25.0	724
0.0	25.0	725
0.0	26.0	726
0.0	26.0	727
0.0	26.0	728
0.0	26.0	729
0.0	25.0	730
0.0	26.0	731
0.0	25.0	732
0.0	26.0	733
0.0	25.0	734
0.0	25.0	735
0.0	26.0	736
0.0	26.0	737
0.0	26.0	738
0.0	25.0	739
0.0	26.0	740
0.0	26.0	741
0.0	26.0	742
0.0	26.0	743
0.0	25.0	744
0.0	26.0	745
1.0	25.0	746
0.0	26.0	747
0.0	24.0	748
0.0	24.0	749
0.0	25.0	750
0.0	26.0	751
0.0	27.0	752
0.0	27.0	753
0.0	27.0	754
0.0	27.0	755
0.0	28.0	756
0.0	27.0	757
0.0	27.0	758
0.0	28.0	759
0.0	27.0	760
0.0	27.0	761
0.0	27.0	762
0.0	27.0	763
0.0	27.0	764
0.0	27.0	765
0.0	27.0	766
0.0	28.0	767
0.0	27.0	768
0.0	27.0	769
0.0	26.0	770
0.0	27.0	771
0.0	27.0	772
0.0	26.0	773
0.0	26.0	774
0.0	26.0	775
0.0	27.0	776
0.0	27.0	777
0.0	27.0	778
0.0	27.0	779
0.0	28.0	780
0.0	26.0	781
0.0	28.0	782
0.0	27.0	783
0.0	27.0	784
0.0	26.0	785
0.0	28.0	786
0.0	27.0	787
0.0	27.0	788
0.0	27.0	789
0.0	27.0	790
0.0	27.0	791
0.0	27.0	792
0.0	28.0	793
0.0	27.0	794
0.0	25.0	795
0.0	26.0	796
0.0	28.0	797
0.0	27.0	798
0.0	27.0	799
0.0	27.0	800
0.0	27.0	801
0.0	27.0	802
0.0	27.0	803
0.0	27.0	804
0.0	27.0	805
0.0	27.0	806
0.0	26.0	807
0.0	26.0	808
0.0	27.0	809
0.0	27.0	810
0.0	27.0	811
0.0	27.0	812
0.0	27.0	813
0.0	26.0	814
0.0	28.0	815
0.0	26.0	816
0.0	26.0	817
0.0	27.0	818
0.0	27.0	819
0.0	27.0	820
0.0	27.0	821
0.0	28.0	822
0.0	27.0	823
0.0	27.0	824
0.0	27.0	825
0.0	28.0	826
0.0	27.0	827
0.0	28.0	828
0.0	28.0	829
0.0	27.0	830
0.0	26.0	831
0.0	27.0	832
0.0	27.0	833
0.0	26.0	834
0.0	27.0	835
0.0	28.0	836
0.0	27.0	837
0.0	27.0	838
0.0	27.0	839
0.0	28.0	840
1.0	27.0	841
0.0	27.0	842
0.0	27.0	843
0.0	27.0	844
0.0	27.0	845
0.0	27.0	846
0.0	28.0	847
0.0	28.0	848
0.0	27.0	849
0.0	26.0	850
0.0	26.0	851
0.0	27.0	852
0.0	27.0	853
0.0	27.0	854
0.0	26.0	855
0.0	28.0	856
0.0	26.0	857
0.0	27.0	858
0.0	27.0	859
0.0	28.0	860
1.0	28.0	861
0.0	27.0	862
0.0	27.0	863
0.0	27.0	864
0.0	26.0	865
0.0	26.0	866
0.0	27.0	867
0.0	27.0	868
0.0	27.0	869
0.0	27.0	870
0.0	28.0	871
0.0	27.0	872
0.0	26.0	873
0.0	27.0	874
0.0	27.0	875
0.0	28.0	876
0.0	27.0	877
0.0	27.0	878
1.0	27.0	879
0.0	27.0	880
0.0	27.0	881
0.0	27.0	882
0.0	27.0	883
0.0	28.0	884
0.0	27.0	885
0.0	27.0	886
0.0	27.0	887
0.0	27.0	888
0.0	27.0	889
0.0	28.0	890
0.0	26.0	891
0.0	26.0	892
0.0	27.0	893
0.0	26.0	894
0.0	26.0	895
0.0	27.0	896
0.0	27.0	897
0.0	27.0	898
0.0	28.0	899
0.0	27.0	900
0.0	27.0	901
0.0	27.0	902
0.0	26.0	903
0.0	26.0	904
0.0	26.0	905
0.0	27.0	906
0.0	27.0	907
0.0	27.0	908
0.0	27.0	909
0.0	27.0	910
0.0	27.0	911
0.0	26.0	912
0.0	27.0	913
0.0	27.0	914
0.0	27.0	915
0.0	26.0	916
0.0	27.0	917
0.0	27.0	918
0.0	28.0	919
0.0	26.0	920
0.0	26.0	921
0.0	26.0	922
0.0	26.0	923
0.0	27.0	924
0.0	27.0	925
0.0	28.0	926
0.0	27.0	927
0.0	28.0	928
0.0	27.0	929
0.0	27.0	930
0.0	26.0	931
0.0	27.0	932
0.0	27.0	933
0.0	27.0	934
0.0	27.0	935
0.0	27.0	936
0.0	26.0	937
0.0	28.0	938
0.0	28.0	939
0.0	27.0	940
0.0	27.0	941
0.0	27.0	942
0.0	26.0	943
0.0	26.0	944
0.0	28.0	945
0.0	27.0	946
0.0	27.0	947
0.0	27.0	948
0.0	27.0	949
0.0	27.0	950
0.0	27.0	951
0.0	27.0	952
0.0	26.0	953
0.0	27.0	954
0.0	26.0	955
0.0	27.0	956
0.0	27.0	957
0.0	27.0	958
0.0	28.0	959
0.0	27.0	960
0.0	27.0	961
0.0	27.0	962
0.0	27.0	963
0.0	26.0	964
0.0	27.0	965
0.0	26.0	966
1.0	26.0	967
0.0	26.0	968
0.0	26.0	969
0.0	25.0	970
0.0	26.0	971
0.0	26.0	972
1.0	27.0	973
0.0	26.0	974
0.0	26.0	975
0.0	26.0	976
0.0	26.0	977
0.0	26.0	978
0.0	25.0	979
0.0	26.0	980
0.0	25.0	981
0.0	25.0	982
0.0	25.0	983
0.0	25.0	984
0.0	26.0	985
0.0	26.0	986
0.0	26.0	987
0.0	26.0	988
0.0	26.0	989
0.0	25.0	990
0.0	26.0	991
0.0	26.0	992
0.0	26.0	993
0.0	26.0	994
0.0	25.0	995
0.0	25.0	996
0.0	25.0	997
0.0	24.0	998
0.0	23.0	999
0.0	22.0	1000
