#CDA decimation Metropolis T0 KSAT
#N=512  stepsdec=10  alpha=2.9   NSamples=1000
#av(e)	1.069
#std(e)	0.03079348957166109
#av(t)	16.138
#std(t)	0.034306792330382065
0.0	16.0	1
3.0	18.0	2
0.0	16.0	3
4.0	17.0	4
3.0	17.0	5
2.0	17.0	6
3.0	17.0	7
1.0	17.0	8
2.0	17.0	9
0.0	17.0	10
0.0	16.0	11
0.0	16.0	12
0.0	16.0	13
1.0	17.0	14
1.0	16.0	15
0.0	17.0	16
0.0	17.0	17
1.0	16.0	18
1.0	17.0	19
1.0	17.0	20
3.0	17.0	21
0.0	16.0	22
1.0	16.0	23
2.0	17.0	24
5.0	18.0	25
0.0	17.0	26
2.0	17.0	27
0.0	17.0	28
2.0	18.0	29
0.0	16.0	30
0.0	16.0	31
2.0	17.0	32
0.0	17.0	33
2.0	17.0	34
0.0	17.0	35
0.0	17.0	36
1.0	17.0	37
0.0	16.0	38
2.0	17.0	39
1.0	16.0	40
0.0	16.0	41
2.0	17.0	42
2.0	17.0	43
0.0	17.0	44
0.0	16.0	45
1.0	16.0	46
1.0	16.0	47
0.0	16.0	48
1.0	16.0	49
2.0	17.0	50
0.0	16.0	51
1.0	16.0	52
1.0	16.0	53
0.0	17.0	54
0.0	17.0	55
0.0	16.0	56
0.0	17.0	57
0.0	17.0	58
0.0	16.0	59
3.0	17.0	60
1.0	16.0	61
3.0	17.0	62
2.0	17.0	63
1.0	16.0	64
0.0	17.0	65
2.0	17.0	66
2.0	17.0	67
1.0	16.0	68
1.0	17.0	69
1.0	16.0	70
0.0	17.0	71
2.0	17.0	72
2.0	17.0	73
1.0	17.0	74
1.0	17.0	75
2.0	17.0	76
0.0	17.0	77
2.0	17.0	78
3.0	17.0	79
1.0	17.0	80
0.0	16.0	81
2.0	17.0	82
0.0	16.0	83
1.0	17.0	84
1.0	17.0	85
1.0	16.0	86
0.0	17.0	87
1.0	17.0	88
1.0	16.0	89
0.0	16.0	90
1.0	17.0	91
1.0	17.0	92
2.0	17.0	93
2.0	17.0	94
1.0	17.0	95
1.0	16.0	96
0.0	16.0	97
1.0	16.0	98
4.0	17.0	99
1.0	17.0	100
1.0	16.0	101
1.0	17.0	102
0.0	16.0	103
1.0	17.0	104
2.0	17.0	105
1.0	16.0	106
0.0	16.0	107
1.0	16.0	108
0.0	17.0	109
1.0	16.0	110
1.0	16.0	111
0.0	16.0	112
0.0	16.0	113
0.0	16.0	114
1.0	16.0	115
0.0	17.0	116
0.0	17.0	117
0.0	17.0	118
1.0	17.0	119
2.0	17.0	120
0.0	16.0	121
3.0	17.0	122
0.0	17.0	123
1.0	17.0	124
1.0	17.0	125
0.0	16.0	126
1.0	17.0	127
2.0	17.0	128
1.0	16.0	129
0.0	16.0	130
0.0	16.0	131
1.0	16.0	132
5.0	17.0	133
1.0	17.0	134
0.0	16.0	135
0.0	16.0	136
2.0	17.0	137
1.0	17.0	138
1.0	16.0	139
1.0	16.0	140
0.0	17.0	141
0.0	16.0	142
1.0	16.0	143
3.0	17.0	144
1.0	17.0	145
0.0	16.0	146
1.0	16.0	147
1.0	16.0	148
0.0	17.0	149
0.0	16.0	150
1.0	16.0	151
1.0	17.0	152
4.0	17.0	153
1.0	16.0	154
0.0	16.0	155
1.0	16.0	156
2.0	17.0	157
1.0	17.0	158
2.0	17.0	159
2.0	17.0	160
2.0	18.0	161
2.0	16.0	162
1.0	17.0	163
1.0	16.0	164
1.0	16.0	165
3.0	17.0	166
2.0	17.0	167
1.0	17.0	168
0.0	16.0	169
2.0	17.0	170
2.0	17.0	171
0.0	17.0	172
3.0	17.0	173
0.0	17.0	174
2.0	17.0	175
1.0	16.0	176
2.0	17.0	177
0.0	17.0	178
0.0	16.0	179
0.0	17.0	180
1.0	15.0	181
1.0	15.0	182
1.0	15.0	183
2.0	16.0	184
1.0	15.0	185
3.0	16.0	186
1.0	15.0	187
1.0	16.0	188
0.0	16.0	189
1.0	16.0	190
0.0	15.0	191
1.0	16.0	192
1.0	14.0	193
3.0	16.0	194
2.0	16.0	195
1.0	16.0	196
1.0	15.0	197
1.0	16.0	198
0.0	16.0	199
1.0	16.0	200
2.0	16.0	201
1.0	16.0	202
0.0	15.0	203
1.0	15.0	204
1.0	16.0	205
1.0	16.0	206
0.0	15.0	207
1.0	15.0	208
1.0	15.0	209
0.0	15.0	210
1.0	15.0	211
1.0	14.0	212
1.0	15.0	213
3.0	15.0	214
0.0	14.0	215
1.0	13.0	216
1.0	14.0	217
0.0	14.0	218
2.0	15.0	219
1.0	14.0	220
1.0	14.0	221
1.0	14.0	222
1.0	14.0	223
1.0	14.0	224
1.0	14.0	225
1.0	14.0	226
0.0	14.0	227
1.0	15.0	228
2.0	14.0	229
1.0	14.0	230
2.0	14.0	231
1.0	14.0	232
2.0	15.0	233
2.0	14.0	234
0.0	13.0	235
2.0	14.0	236
2.0	15.0	237
2.0	14.0	238
0.0	14.0	239
0.0	14.0	240
4.0	15.0	241
1.0	14.0	242
1.0	14.0	243
1.0	14.0	244
0.0	14.0	245
3.0	15.0	246
1.0	14.0	247
1.0	14.0	248
2.0	15.0	249
2.0	15.0	250
2.0	17.0	251
1.0	17.0	252
0.0	17.0	253
0.0	16.0	254
1.0	17.0	255
1.0	16.0	256
2.0	18.0	257
0.0	16.0	258
1.0	16.0	259
2.0	17.0	260
2.0	17.0	261
2.0	17.0	262
1.0	17.0	263
1.0	16.0	264
3.0	18.0	265
2.0	17.0	266
3.0	18.0	267
1.0	17.0	268
0.0	17.0	269
2.0	18.0	270
1.0	16.0	271
1.0	16.0	272
0.0	17.0	273
1.0	17.0	274
1.0	16.0	275
4.0	17.0	276
0.0	17.0	277
3.0	17.0	278
2.0	17.0	279
1.0	16.0	280
2.0	17.0	281
1.0	16.0	282
1.0	16.0	283
1.0	17.0	284
2.0	17.0	285
0.0	16.0	286
1.0	17.0	287
1.0	17.0	288
1.0	17.0	289
0.0	16.0	290
0.0	16.0	291
1.0	16.0	292
1.0	17.0	293
2.0	17.0	294
2.0	18.0	295
2.0	18.0	296
0.0	17.0	297
1.0	16.0	298
2.0	17.0	299
1.0	16.0	300
1.0	17.0	301
1.0	17.0	302
0.0	17.0	303
0.0	16.0	304
1.0	17.0	305
1.0	17.0	306
1.0	16.0	307
0.0	16.0	308
2.0	17.0	309
1.0	16.0	310
0.0	16.0	311
1.0	16.0	312
0.0	17.0	313
1.0	17.0	314
1.0	17.0	315
2.0	17.0	316
0.0	17.0	317
4.0	17.0	318
3.0	18.0	319
1.0	16.0	320
0.0	17.0	321
0.0	16.0	322
1.0	17.0	323
2.0	17.0	324
0.0	17.0	325
1.0	16.0	326
1.0	17.0	327
2.0	17.0	328
4.0	17.0	329
0.0	16.0	330
1.0	17.0	331
1.0	17.0	332
0.0	17.0	333
1.0	16.0	334
1.0	16.0	335
0.0	16.0	336
0.0	16.0	337
4.0	17.0	338
1.0	16.0	339
0.0	16.0	340
1.0	17.0	341
2.0	17.0	342
0.0	17.0	343
2.0	17.0	344
0.0	16.0	345
1.0	16.0	346
0.0	17.0	347
3.0	17.0	348
1.0	17.0	349
0.0	16.0	350
0.0	16.0	351
0.0	17.0	352
3.0	17.0	353
0.0	17.0	354
0.0	16.0	355
1.0	17.0	356
0.0	16.0	357
1.0	16.0	358
1.0	17.0	359
0.0	17.0	360
0.0	16.0	361
1.0	17.0	362
1.0	17.0	363
0.0	16.0	364
0.0	16.0	365
1.0	16.0	366
0.0	16.0	367
1.0	17.0	368
0.0	17.0	369
3.0	18.0	370
2.0	18.0	371
1.0	16.0	372
1.0	17.0	373
0.0	16.0	374
0.0	17.0	375
0.0	17.0	376
0.0	16.0	377
2.0	17.0	378
1.0	17.0	379
1.0	16.0	380
1.0	16.0	381
0.0	17.0	382
0.0	16.0	383
1.0	16.0	384
1.0	16.0	385
1.0	17.0	386
1.0	16.0	387
1.0	17.0	388
0.0	16.0	389
2.0	17.0	390
0.0	17.0	391
0.0	17.0	392
0.0	16.0	393
2.0	17.0	394
1.0	17.0	395
0.0	17.0	396
4.0	17.0	397
0.0	16.0	398
0.0	17.0	399
3.0	18.0	400
0.0	17.0	401
1.0	17.0	402
0.0	17.0	403
0.0	16.0	404
0.0	17.0	405
1.0	17.0	406
2.0	17.0	407
1.0	16.0	408
0.0	16.0	409
1.0	17.0	410
1.0	16.0	411
1.0	16.0	412
0.0	16.0	413
2.0	17.0	414
0.0	16.0	415
1.0	17.0	416
2.0	17.0	417
1.0	17.0	418
2.0	17.0	419
0.0	17.0	420
0.0	17.0	421
1.0	17.0	422
1.0	17.0	423
1.0	16.0	424
1.0	17.0	425
1.0	17.0	426
2.0	17.0	427
1.0	16.0	428
1.0	17.0	429
1.0	16.0	430
1.0	16.0	431
1.0	15.0	432
3.0	16.0	433
4.0	16.0	434
0.0	16.0	435
0.0	15.0	436
1.0	16.0	437
1.0	16.0	438
0.0	15.0	439
0.0	15.0	440
2.0	16.0	441
1.0	15.0	442
3.0	16.0	443
1.0	16.0	444
3.0	16.0	445
1.0	15.0	446
0.0	15.0	447
0.0	15.0	448
0.0	15.0	449
1.0	15.0	450
3.0	16.0	451
0.0	15.0	452
3.0	15.0	453
2.0	16.0	454
3.0	16.0	455
0.0	15.0	456
1.0	15.0	457
2.0	16.0	458
0.0	16.0	459
1.0	15.0	460
0.0	14.0	461
2.0	15.0	462
0.0	14.0	463
0.0	14.0	464
0.0	14.0	465
0.0	14.0	466
0.0	14.0	467
0.0	13.0	468
1.0	14.0	469
1.0	14.0	470
1.0	14.0	471
2.0	15.0	472
0.0	13.0	473
1.0	14.0	474
0.0	14.0	475
0.0	14.0	476
2.0	14.0	477
2.0	15.0	478
2.0	15.0	479
0.0	14.0	480
0.0	14.0	481
4.0	15.0	482
0.0	14.0	483
0.0	14.0	484
1.0	14.0	485
0.0	14.0	486
1.0	14.0	487
2.0	15.0	488
3.0	15.0	489
0.0	15.0	490
3.0	15.0	491
1.0	14.0	492
1.0	14.0	493
1.0	14.0	494
1.0	14.0	495
2.0	15.0	496
3.0	15.0	497
0.0	14.0	498
2.0	14.0	499
1.0	14.0	500
2.0	17.0	501
1.0	16.0	502
1.0	16.0	503
1.0	17.0	504
2.0	17.0	505
5.0	18.0	506
2.0	18.0	507
1.0	16.0	508
0.0	17.0	509
1.0	16.0	510
1.0	17.0	511
1.0	17.0	512
2.0	18.0	513
2.0	17.0	514
1.0	17.0	515
1.0	17.0	516
2.0	17.0	517
1.0	16.0	518
1.0	17.0	519
0.0	16.0	520
3.0	17.0	521
2.0	16.0	522
3.0	17.0	523
2.0	17.0	524
0.0	16.0	525
2.0	17.0	526
1.0	18.0	527
1.0	17.0	528
4.0	17.0	529
1.0	16.0	530
2.0	17.0	531
2.0	16.0	532
0.0	16.0	533
0.0	16.0	534
0.0	16.0	535
1.0	17.0	536
3.0	18.0	537
1.0	16.0	538
1.0	16.0	539
2.0	17.0	540
2.0	17.0	541
0.0	16.0	542
1.0	17.0	543
1.0	16.0	544
0.0	17.0	545
3.0	17.0	546
1.0	17.0	547
2.0	17.0	548
0.0	17.0	549
1.0	16.0	550
0.0	17.0	551
2.0	17.0	552
1.0	16.0	553
2.0	18.0	554
1.0	17.0	555
0.0	17.0	556
1.0	17.0	557
1.0	17.0	558
2.0	17.0	559
1.0	16.0	560
1.0	16.0	561
3.0	17.0	562
2.0	17.0	563
1.0	16.0	564
2.0	17.0	565
0.0	17.0	566
2.0	18.0	567
1.0	16.0	568
3.0	17.0	569
0.0	16.0	570
1.0	16.0	571
2.0	17.0	572
1.0	17.0	573
3.0	17.0	574
1.0	16.0	575
2.0	17.0	576
3.0	18.0	577
1.0	17.0	578
1.0	16.0	579
0.0	17.0	580
1.0	17.0	581
2.0	18.0	582
2.0	17.0	583
2.0	17.0	584
1.0	17.0	585
1.0	16.0	586
1.0	16.0	587
0.0	16.0	588
1.0	17.0	589
1.0	17.0	590
1.0	16.0	591
0.0	16.0	592
1.0	16.0	593
1.0	17.0	594
0.0	16.0	595
1.0	17.0	596
2.0	17.0	597
0.0	17.0	598
1.0	17.0	599
1.0	17.0	600
2.0	17.0	601
1.0	16.0	602
0.0	16.0	603
2.0	17.0	604
2.0	17.0	605
2.0	17.0	606
1.0	16.0	607
0.0	16.0	608
0.0	17.0	609
0.0	16.0	610
2.0	18.0	611
1.0	17.0	612
0.0	16.0	613
2.0	17.0	614
1.0	16.0	615
2.0	17.0	616
3.0	17.0	617
1.0	17.0	618
2.0	18.0	619
1.0	17.0	620
1.0	17.0	621
0.0	17.0	622
0.0	18.0	623
1.0	17.0	624
1.0	17.0	625
0.0	17.0	626
0.0	16.0	627
0.0	16.0	628
2.0	17.0	629
1.0	17.0	630
2.0	17.0	631
0.0	16.0	632
1.0	17.0	633
2.0	17.0	634
2.0	17.0	635
1.0	16.0	636
0.0	17.0	637
3.0	17.0	638
0.0	17.0	639
0.0	17.0	640
1.0	16.0	641
2.0	17.0	642
1.0	17.0	643
1.0	17.0	644
2.0	18.0	645
1.0	17.0	646
3.0	17.0	647
0.0	17.0	648
2.0	17.0	649
1.0	17.0	650
1.0	17.0	651
0.0	17.0	652
2.0	17.0	653
1.0	17.0	654
1.0	17.0	655
1.0	17.0	656
0.0	16.0	657
2.0	18.0	658
0.0	16.0	659
1.0	16.0	660
1.0	16.0	661
0.0	16.0	662
1.0	17.0	663
1.0	16.0	664
2.0	17.0	665
2.0	17.0	666
0.0	16.0	667
0.0	17.0	668
2.0	17.0	669
1.0	17.0	670
3.0	17.0	671
1.0	16.0	672
1.0	17.0	673
4.0	17.0	674
1.0	17.0	675
1.0	16.0	676
1.0	16.0	677
1.0	16.0	678
0.0	17.0	679
1.0	15.0	680
1.0	15.0	681
1.0	15.0	682
3.0	15.0	683
1.0	15.0	684
0.0	15.0	685
0.0	15.0	686
1.0	15.0	687
3.0	16.0	688
1.0	15.0	689
0.0	15.0	690
1.0	15.0	691
0.0	16.0	692
1.0	15.0	693
1.0	16.0	694
2.0	16.0	695
2.0	16.0	696
3.0	16.0	697
1.0	15.0	698
2.0	16.0	699
1.0	15.0	700
2.0	16.0	701
1.0	16.0	702
1.0	16.0	703
0.0	16.0	704
2.0	16.0	705
2.0	16.0	706
0.0	16.0	707
1.0	15.0	708
1.0	16.0	709
2.0	15.0	710
2.0	16.0	711
0.0	15.0	712
1.0	14.0	713
0.0	14.0	714
2.0	15.0	715
1.0	14.0	716
0.0	15.0	717
0.0	14.0	718
0.0	14.0	719
1.0	14.0	720
2.0	14.0	721
1.0	14.0	722
2.0	15.0	723
2.0	14.0	724
2.0	15.0	725
0.0	15.0	726
1.0	14.0	727
0.0	14.0	728
1.0	14.0	729
0.0	14.0	730
1.0	14.0	731
1.0	14.0	732
3.0	15.0	733
1.0	14.0	734
1.0	14.0	735
1.0	14.0	736
0.0	14.0	737
1.0	14.0	738
0.0	14.0	739
2.0	14.0	740
2.0	14.0	741
0.0	13.0	742
1.0	14.0	743
2.0	14.0	744
1.0	14.0	745
1.0	14.0	746
0.0	14.0	747
2.0	15.0	748
1.0	14.0	749
0.0	14.0	750
0.0	17.0	751
2.0	17.0	752
0.0	17.0	753
2.0	17.0	754
1.0	17.0	755
1.0	17.0	756
3.0	17.0	757
2.0	18.0	758
0.0	16.0	759
1.0	17.0	760
1.0	16.0	761
0.0	17.0	762
1.0	16.0	763
0.0	16.0	764
0.0	17.0	765
0.0	16.0	766
2.0	17.0	767
1.0	16.0	768
2.0	17.0	769
0.0	17.0	770
0.0	16.0	771
2.0	17.0	772
1.0	16.0	773
2.0	17.0	774
2.0	18.0	775
3.0	17.0	776
1.0	17.0	777
1.0	17.0	778
1.0	16.0	779
0.0	16.0	780
1.0	16.0	781
0.0	17.0	782
2.0	17.0	783
2.0	17.0	784
0.0	17.0	785
1.0	16.0	786
1.0	17.0	787
1.0	16.0	788
0.0	16.0	789
1.0	17.0	790
1.0	16.0	791
0.0	16.0	792
2.0	17.0	793
1.0	17.0	794
0.0	17.0	795
1.0	17.0	796
1.0	16.0	797
2.0	17.0	798
0.0	16.0	799
1.0	17.0	800
1.0	16.0	801
1.0	17.0	802
2.0	17.0	803
3.0	17.0	804
1.0	17.0	805
1.0	17.0	806
0.0	16.0	807
0.0	16.0	808
1.0	16.0	809
1.0	16.0	810
0.0	16.0	811
1.0	16.0	812
1.0	17.0	813
2.0	17.0	814
0.0	16.0	815
0.0	17.0	816
2.0	17.0	817
0.0	17.0	818
1.0	16.0	819
0.0	16.0	820
3.0	17.0	821
0.0	17.0	822
1.0	17.0	823
0.0	17.0	824
0.0	17.0	825
3.0	17.0	826
1.0	16.0	827
2.0	17.0	828
2.0	17.0	829
1.0	16.0	830
0.0	16.0	831
2.0	17.0	832
1.0	16.0	833
4.0	17.0	834
2.0	17.0	835
0.0	17.0	836
0.0	16.0	837
1.0	16.0	838
0.0	16.0	839
1.0	16.0	840
3.0	17.0	841
0.0	17.0	842
0.0	16.0	843
3.0	17.0	844
4.0	17.0	845
2.0	18.0	846
1.0	17.0	847
0.0	17.0	848
0.0	16.0	849
2.0	17.0	850
0.0	16.0	851
0.0	16.0	852
0.0	17.0	853
0.0	17.0	854
1.0	17.0	855
1.0	17.0	856
1.0	17.0	857
0.0	17.0	858
2.0	18.0	859
1.0	17.0	860
1.0	16.0	861
2.0	18.0	862
2.0	17.0	863
2.0	17.0	864
1.0	17.0	865
0.0	17.0	866
2.0	18.0	867
2.0	17.0	868
2.0	17.0	869
2.0	17.0	870
2.0	17.0	871
0.0	17.0	872
0.0	17.0	873
2.0	17.0	874
0.0	15.0	875
0.0	17.0	876
0.0	17.0	877
0.0	16.0	878
0.0	16.0	879
3.0	18.0	880
0.0	16.0	881
0.0	16.0	882
1.0	17.0	883
3.0	17.0	884
0.0	16.0	885
1.0	17.0	886
1.0	17.0	887
1.0	17.0	888
0.0	17.0	889
2.0	17.0	890
1.0	16.0	891
0.0	16.0	892
2.0	17.0	893
1.0	17.0	894
1.0	17.0	895
2.0	17.0	896
1.0	16.0	897
0.0	16.0	898
2.0	17.0	899
0.0	17.0	900
1.0	16.0	901
1.0	16.0	902
2.0	17.0	903
2.0	17.0	904
0.0	17.0	905
0.0	16.0	906
1.0	17.0	907
1.0	16.0	908
3.0	18.0	909
2.0	17.0	910
0.0	16.0	911
1.0	17.0	912
1.0	17.0	913
1.0	17.0	914
0.0	16.0	915
0.0	16.0	916
2.0	17.0	917
2.0	18.0	918
1.0	16.0	919
1.0	16.0	920
1.0	16.0	921
0.0	16.0	922
0.0	16.0	923
0.0	17.0	924
1.0	16.0	925
1.0	16.0	926
1.0	17.0	927
1.0	17.0	928
0.0	16.0	929
0.0	16.0	930
3.0	16.0	931
2.0	15.0	932
2.0	16.0	933
0.0	15.0	934
1.0	15.0	935
3.0	16.0	936
3.0	16.0	937
1.0	15.0	938
0.0	15.0	939
3.0	16.0	940
3.0	16.0	941
0.0	15.0	942
0.0	15.0	943
1.0	15.0	944
1.0	16.0	945
0.0	15.0	946
0.0	15.0	947
1.0	15.0	948
1.0	15.0	949
1.0	15.0	950
0.0	15.0	951
1.0	15.0	952
1.0	15.0	953
1.0	16.0	954
0.0	15.0	955
1.0	16.0	956
1.0	16.0	957
0.0	15.0	958
1.0	15.0	959
0.0	15.0	960
0.0	15.0	961
3.0	16.0	962
0.0	14.0	963
0.0	14.0	964
1.0	15.0	965
0.0	14.0	966
0.0	14.0	967
1.0	14.0	968
0.0	14.0	969
0.0	14.0	970
1.0	14.0	971
1.0	15.0	972
2.0	14.0	973
1.0	14.0	974
0.0	14.0	975
1.0	14.0	976
0.0	14.0	977
2.0	15.0	978
0.0	13.0	979
0.0	14.0	980
1.0	14.0	981
2.0	15.0	982
2.0	14.0	983
1.0	14.0	984
1.0	14.0	985
1.0	14.0	986
0.0	14.0	987
0.0	14.0	988
1.0	14.0	989
1.0	13.0	990
1.0	14.0	991
0.0	14.0	992
0.0	14.0	993
1.0	14.0	994
0.0	14.0	995
1.0	14.0	996
1.0	14.0	997
0.0	13.0	998
2.0	15.0	999
2.0	15.0	1000
