#CDA decimation FMS KSAT
#N=2048  stepsdec=10  alpha=3.4   NSamples=667
#av(e)	1.9130434782608696
#std(e)	0.05386789116697295
#av(t)	424.82008995502247
#std(t)	0.8771504084822593
3.0	424.0	1
3.0	434.0	2
1.0	423.0	3
1.0	419.0	4
2.0	429.0	5
1.0	428.0	6
1.0	418.0	7
1.0	422.0	8
1.0	410.0	9
2.0	425.0	10
1.0	423.0	11
1.0	412.0	12
1.0	408.0	13
1.0	421.0	14
0.0	397.0	15
4.0	426.0	16
4.0	430.0	17
0.0	428.0	18
4.0	424.0	19
3.0	428.0	20
2.0	427.0	21
0.0	404.0	22
1.0	425.0	23
4.0	420.0	24
5.0	421.0	25
2.0	416.0	26
2.0	421.0	27
0.0	403.0	28
1.0	433.0	29
4.0	425.0	30
3.0	426.0	31
2.0	423.0	32
1.0	429.0	33
1.0	426.0	34
0.0	418.0	35
1.0	431.0	36
3.0	429.0	37
4.0	422.0	38
2.0	430.0	39
2.0	419.0	40
1.0	426.0	41
1.0	420.0	42
0.0	411.0	43
1.0	416.0	44
1.0	427.0	45
1.0	415.0	46
6.0	424.0	47
0.0	398.0	48
0.0	392.0	49
2.0	423.0	50
2.0	421.0	76
2.0	420.0	77
2.0	422.0	78
3.0	430.0	79
2.0	421.0	80
0.0	403.0	81
3.0	424.0	82
0.0	405.0	83
4.0	424.0	84
2.0	425.0	85
1.0	423.0	86
2.0	404.0	94
2.0	416.0	95
3.0	402.0	96
3.0	414.0	97
1.0	409.0	98
2.0	407.0	99
4.0	395.0	100
6.0	438.0	101
4.0	419.0	102
1.0	416.0	103
1.0	419.0	104
4.0	423.0	105
4.0	433.0	106
0.0	408.0	107
2.0	423.0	108
1.0	409.0	109
0.0	417.0	110
2.0	425.0	111
2.0	433.0	112
1.0	413.0	113
3.0	419.0	114
4.0	420.0	115
2.0	429.0	116
3.0	431.0	117
0.0	389.0	118
1.0	412.0	119
0.0	413.0	120
2.0	422.0	121
0.0	376.0	122
3.0	428.0	123
1.0	420.0	124
3.0	428.0	125
1.0	422.0	126
1.0	432.0	127
6.0	420.0	128
2.0	417.0	129
3.0	423.0	130
3.0	426.0	131
3.0	423.0	132
4.0	422.0	133
3.0	423.0	134
2.0	417.0	135
4.0	422.0	136
3.0	422.0	137
2.0	431.0	138
5.0	428.0	139
4.0	429.0	140
2.0	422.0	141
1.0	419.0	142
5.0	430.0	143
2.0	426.0	144
0.0	383.0	145
3.0	424.0	146
3.0	419.0	147
1.0	422.0	148
4.0	422.0	149
2.0	424.0	150
0.0	407.0	176
3.0	418.0	177
5.0	425.0	178
3.0	420.0	179
0.0	392.0	180
2.0	427.0	181
1.0	423.0	182
3.0	431.0	183
1.0	411.0	184
4.0	422.0	185
5.0	422.0	186
3.0	416.0	195
0.0	395.0	196
1.0	406.0	197
1.0	416.0	198
2.0	408.0	199
1.0	402.0	200
2.0	420.0	201
1.0	416.0	202
1.0	424.0	203
2.0	425.0	204
2.0	421.0	205
3.0	426.0	206
2.0	423.0	207
3.0	416.0	208
1.0	420.0	209
3.0	425.0	210
1.0	415.0	211
1.0	413.0	212
1.0	428.0	213
3.0	416.0	214
1.0	418.0	215
2.0	424.0	216
3.0	424.0	217
2.0	424.0	218
3.0	431.0	219
3.0	425.0	220
2.0	422.0	221
1.0	418.0	222
1.0	415.0	223
2.0	428.0	224
0.0	402.0	225
0.0	403.0	226
2.0	418.0	227
0.0	409.0	228
0.0	392.0	229
1.0	416.0	230
1.0	422.0	231
2.0	428.0	232
2.0	428.0	233
1.0	419.0	234
0.0	407.0	235
3.0	427.0	236
2.0	415.0	237
3.0	418.0	238
0.0	404.0	239
3.0	419.0	240
5.0	430.0	241
1.0	422.0	242
2.0	428.0	243
2.0	413.0	244
0.0	388.0	245
4.0	428.0	246
0.0	414.0	247
2.0	420.0	248
0.0	402.0	249
2.0	420.0	250
3.0	420.0	276
2.0	421.0	277
1.0	412.0	278
0.0	403.0	279
2.0	413.0	280
1.0	420.0	281
6.0	423.0	282
3.0	417.0	283
1.0	418.0	284
1.0	433.0	285
2.0	422.0	286
2.0	420.0	287
4.0	403.0	295
4.0	420.0	296
1.0	406.0	297
4.0	417.0	298
0.0	391.0	299
1.0	418.0	300
1.0	419.0	301
2.0	421.0	302
4.0	434.0	303
1.0	420.0	304
3.0	413.0	305
2.0	422.0	306
4.0	425.0	307
1.0	423.0	308
2.0	427.0	309
1.0	425.0	310
2.0	425.0	311
1.0	419.0	312
6.0	421.0	313
3.0	425.0	314
2.0	417.0	315
2.0	430.0	316
2.0	425.0	317
3.0	420.0	318
1.0	415.0	319
2.0	420.0	320
1.0	424.0	321
4.0	429.0	322
4.0	424.0	323
1.0	418.0	324
2.0	419.0	325
3.0	416.0	326
2.0	428.0	327
2.0	418.0	328
2.0	414.0	329
1.0	414.0	330
3.0	415.0	331
2.0	426.0	332
0.0	409.0	333
2.0	421.0	334
3.0	414.0	335
3.0	427.0	336
2.0	420.0	337
1.0	419.0	338
2.0	420.0	339
3.0	430.0	340
3.0	426.0	341
3.0	423.0	342
0.0	406.0	343
2.0	416.0	344
1.0	422.0	345
3.0	424.0	346
4.0	417.0	347
0.0	390.0	348
2.0	429.0	349
2.0	421.0	350
1.0	414.0	376
3.0	422.0	377
0.0	399.0	378
4.0	424.0	379
1.0	418.0	380
2.0	428.0	381
2.0	421.0	382
3.0	425.0	383
3.0	425.0	384
1.0	415.0	385
4.0	417.0	386
1.0	416.0	395
2.0	418.0	396
2.0	412.0	397
0.0	402.0	398
5.0	406.0	399
4.0	409.0	400
0.0	385.0	401
2.0	415.0	402
3.0	421.0	403
5.0	420.0	404
4.0	430.0	405
1.0	426.0	406
3.0	414.0	407
1.0	419.0	408
2.0	416.0	409
0.0	421.0	410
2.0	420.0	411
1.0	422.0	412
3.0	423.0	413
0.0	390.0	414
1.0	418.0	415
2.0	429.0	416
2.0	429.0	417
2.0	428.0	418
1.0	427.0	419
4.0	419.0	420
2.0	419.0	421
1.0	422.0	422
0.0	400.0	423
0.0	405.0	424
1.0	425.0	425
1.0	421.0	426
0.0	414.0	427
2.0	419.0	428
0.0	386.0	429
4.0	422.0	430
4.0	428.0	431
1.0	422.0	432
2.0	427.0	433
1.0	418.0	434
3.0	430.0	435
4.0	423.0	436
1.0	414.0	437
1.0	407.0	438
2.0	424.0	439
0.0	407.0	440
3.0	423.0	441
1.0	429.0	442
0.0	416.0	443
2.0	424.0	444
2.0	427.0	445
3.0	421.0	446
1.0	420.0	447
1.0	417.0	448
2.0	425.0	449
5.0	415.0	450
4.0	425.0	476
1.0	414.0	477
2.0	421.0	478
1.0	421.0	479
0.0	414.0	480
1.0	423.0	481
1.0	428.0	482
5.0	418.0	483
2.0	423.0	484
1.0	413.0	485
2.0	424.0	486
1.0	415.0	487
2.0	419.0	495
4.0	414.0	496
2.0	414.0	497
1.0	412.0	498
0.0	376.0	499
1.0	410.0	500
2.0	420.0	501
4.0	427.0	502
2.0	428.0	503
1.0	417.0	504
3.0	423.0	505
1.0	428.0	506
1.0	423.0	507
3.0	430.0	508
0.0	413.0	509
0.0	382.0	510
1.0	417.0	511
0.0	406.0	512
3.0	433.0	513
2.0	427.0	514
1.0	418.0	515
0.0	389.0	516
3.0	421.0	517
4.0	424.0	518
1.0	421.0	519
3.0	429.0	520
3.0	428.0	521
0.0	402.0	522
2.0	416.0	523
0.0	420.0	524
0.0	419.0	525
1.0	421.0	526
0.0	419.0	527
2.0	427.0	528
1.0	419.0	529
4.0	432.0	530
3.0	421.0	531
2.0	426.0	532
1.0	423.0	533
3.0	429.0	534
0.0	404.0	535
3.0	425.0	536
2.0	425.0	537
1.0	411.0	538
0.0	423.0	539
5.0	422.0	540
1.0	427.0	541
3.0	422.0	542
1.0	426.0	543
3.0	429.0	544
0.0	384.0	545
2.0	423.0	546
2.0	423.0	547
1.0	431.0	548
2.0	427.0	549
0.0	394.0	550
3.0	427.0	576
3.0	431.0	577
3.0	432.0	578
2.0	424.0	579
1.0	421.0	580
1.0	413.0	581
1.0	416.0	582
0.0	406.0	583
2.0	418.0	584
2.0	425.0	585
2.0	420.0	586
3.0	421.0	595
3.0	409.0	596
1.0	409.0	597
4.0	413.0	598
1.0	401.0	599
2.0	409.0	600
1.0	425.0	601
2.0	412.0	602
1.0	413.0	603
0.0	418.0	604
2.0	422.0	605
0.0	418.0	606
0.0	410.0	607
3.0	417.0	608
7.0	420.0	609
3.0	419.0	610
2.0	425.0	611
1.0	414.0	612
3.0	426.0	613
2.0	421.0	614
3.0	424.0	615
3.0	424.0	616
2.0	430.0	617
1.0	422.0	618
1.0	416.0	619
2.0	430.0	620
2.0	424.0	621
1.0	423.0	622
4.0	423.0	623
2.0	425.0	624
0.0	380.0	625
4.0	427.0	626
5.0	423.0	627
0.0	422.0	628
2.0	424.0	629
5.0	426.0	630
3.0	429.0	631
1.0	422.0	632
1.0	415.0	633
3.0	426.0	634
1.0	420.0	635
1.0	418.0	636
3.0	421.0	637
4.0	423.0	638
3.0	424.0	639
0.0	410.0	640
1.0	432.0	641
3.0	425.0	642
2.0	420.0	643
0.0	400.0	644
2.0	421.0	645
2.0	424.0	646
1.0	412.0	647
3.0	421.0	648
2.0	428.0	649
3.0	427.0	650
3.0	419.0	676
3.0	419.0	677
5.0	418.0	678
2.0	422.0	679
3.0	414.0	680
4.0	421.0	681
1.0	418.0	682
2.0	427.0	683
2.0	422.0	684
1.0	424.0	685
1.0	426.0	686
2.0	421.0	687
3.0	416.0	695
5.0	412.0	696
3.0	403.0	697
2.0	417.0	698
3.0	411.0	699
1.0	406.0	700
2.0	422.0	701
3.0	424.0	702
2.0	412.0	703
2.0	426.0	704
0.0	393.0	705
1.0	413.0	706
3.0	413.0	707
5.0	426.0	708
2.0	418.0	709
4.0	422.0	710
1.0	419.0	711
1.0	409.0	712
1.0	412.0	713
0.0	409.0	714
3.0	418.0	715
0.0	410.0	716
1.0	408.0	717
4.0	423.0	718
0.0	411.0	719
0.0	396.0	720
0.0	397.0	721
1.0	410.0	722
4.0	416.0	723
3.0	422.0	724
1.0	412.0	725
0.0	417.0	726
0.0	414.0	727
4.0	416.0	728
1.0	415.0	729
1.0	415.0	730
2.0	418.0	731
2.0	433.0	732
1.0	427.0	733
5.0	416.0	734
4.0	425.0	735
1.0	417.0	736
0.0	399.0	737
2.0	424.0	738
0.0	415.0	739
0.0	413.0	740
3.0	414.0	741
0.0	400.0	742
0.0	415.0	743
4.0	419.0	744
3.0	418.0	745
2.0	417.0	746
3.0	421.0	747
1.0	414.0	748
1.0	413.0	749
1.0	420.0	750
0.0	418.0	751
1.0	414.0	777
1.0	420.0	778
1.0	410.0	779
0.0	405.0	780
2.0	414.0	781
1.0	410.0	782
1.0	410.0	783
2.0	419.0	784
4.0	426.0	785
6.0	423.0	786
3.0	420.0	787
0.0	402.0	796
1.0	396.0	797
2.0	405.0	798
1.0	416.0	799
1.0	397.0	800
2.0	492.0	801
2.0	484.0	802
3.0	509.0	803
2.0	503.0	804
3.0	508.0	805
0.0	473.0	806
1.0	485.0	807
4.0	495.0	808
1.0	496.0	809
2.0	496.0	810
2.0	502.0	811
1.0	495.0	812
2.0	499.0	813
1.0	502.0	814
2.0	481.0	815
1.0	486.0	816
2.0	499.0	817
1.0	482.0	818
2.0	499.0	819
2.0	499.0	820
2.0	500.0	821
4.0	496.0	822
1.0	489.0	823
2.0	494.0	824
2.0	501.0	825
2.0	500.0	826
5.0	485.0	827
1.0	485.0	828
1.0	486.0	829
2.0	495.0	830
1.0	492.0	831
0.0	490.0	832
0.0	468.0	833
0.0	491.0	834
2.0	500.0	835
1.0	491.0	836
3.0	504.0	837
0.0	496.0	838
1.0	490.0	839
3.0	507.0	840
5.0	498.0	841
3.0	492.0	842
2.0	496.0	843
0.0	450.0	865
1.0	496.0	866
0.0	472.0	867
4.0	490.0	868
3.0	499.0	869
3.0	493.0	870
4.0	504.0	871
2.0	513.0	872
1.0	492.0	873
0.0	477.0	881
0.0	445.0	882
1.0	488.0	883
0.0	459.0	884
3.0	487.0	885
1.0	452.0	886
1.0	462.0	887
0.0	451.0	888
2.0	422.0	901
2.0	423.0	902
1.0	414.0	903
2.0	427.0	904
0.0	403.0	905
5.0	420.0	906
1.0	424.0	907
1.0	424.0	908
0.0	422.0	909
1.0	418.0	910
2.0	426.0	911
0.0	424.0	912
1.0	423.0	913
0.0	416.0	914
2.0	424.0	915
3.0	430.0	916
3.0	427.0	917
2.0	420.0	918
3.0	420.0	919
1.0	426.0	920
1.0	425.0	921
2.0	430.0	922
5.0	422.0	923
2.0	424.0	924
0.0	423.0	925
2.0	428.0	926
0.0	413.0	927
4.0	428.0	928
6.0	431.0	929
2.0	424.0	930
3.0	425.0	931
1.0	419.0	932
5.0	419.0	933
1.0	418.0	934
0.0	409.0	935
4.0	418.0	936
1.0	417.0	937
4.0	427.0	938
2.0	429.0	939
2.0	426.0	940
3.0	428.0	941
1.0	419.0	942
2.0	424.0	943
2.0	419.0	944
2.0	427.0	945
4.0	422.0	946
1.0	412.0	947
1.0	416.0	948
3.0	431.0	949
2.0	418.0	950
1.0	428.0	976
6.0	422.0	977
1.0	421.0	978
1.0	425.0	979
1.0	417.0	980
0.0	424.0	981
1.0	418.0	982
2.0	418.0	983
2.0	418.0	984
1.0	427.0	985
2.0	421.0	986
3.0	417.0	995
1.0	410.0	996
2.0	406.0	997
1.0	411.0	998
0.0	396.0	999
2.0	410.0	1000
