#CDA decimation Metropolis T0 KSAT
#N=2048  stepsdec=10  alpha=3.7   NSamples=629
#av(e)	15.211446740858506
#std(e)	0.13520878553594015
#av(t)	465.8887122416534
#std(t)	1.0813104239302933
18.0	474.0	1
12.0	479.0	2
8.0	472.0	3
16.0	471.0	4
17.0	480.0	5
15.0	474.0	6
15.0	465.0	7
18.0	471.0	8
16.0	479.0	9
12.0	476.0	10
15.0	473.0	11
11.0	476.0	12
9.0	466.0	13
15.0	474.0	14
10.0	474.0	15
23.0	477.0	16
19.0	477.0	17
12.0	475.0	18
10.0	474.0	19
15.0	478.0	20
18.0	469.0	21
10.0	478.0	22
14.0	478.0	23
12.0	469.0	24
23.0	472.0	25
19.0	473.0	26
13.0	469.0	27
9.0	482.0	28
18.0	479.0	29
19.0	480.0	30
17.0	477.0	31
12.0	475.0	32
10.0	479.0	33
17.0	481.0	34
6.0	472.0	35
15.0	479.0	36
14.0	476.0	37
19.0	474.0	38
12.0	476.0	39
16.0	471.0	40
15.0	478.0	41
11.0	469.0	42
15.0	465.0	43
15.0	480.0	44
17.0	472.0	67
16.0	483.0	68
18.0	470.0	69
14.0	477.0	70
18.0	477.0	71
16.0	475.0	72
13.0	477.0	73
16.0	473.0	74
17.0	470.0	75
11.0	472.0	76
17.0	473.0	84
9.0	476.0	85
20.0	463.0	86
13.0	469.0	87
13.0	469.0	88
14.0	473.0	89
18.0	425.0	90
10.0	446.0	91
14.0	482.0	101
15.0	480.0	102
10.0	482.0	103
16.0	475.0	104
16.0	478.0	105
21.0	486.0	106
19.0	487.0	107
11.0	476.0	108
21.0	480.0	109
16.0	477.0	110
15.0	476.0	111
12.0	485.0	112
15.0	476.0	113
9.0	478.0	114
21.0	477.0	115
18.0	485.0	116
22.0	483.0	117
14.0	476.0	118
19.0	479.0	119
10.0	475.0	120
17.0	481.0	121
14.0	476.0	122
17.0	478.0	123
16.0	478.0	124
16.0	478.0	125
18.0	478.0	126
14.0	491.0	127
17.0	475.0	128
12.0	473.0	129
14.0	478.0	130
15.0	479.0	131
19.0	480.0	132
12.0	477.0	133
16.0	481.0	134
12.0	478.0	135
22.0	482.0	136
22.0	483.0	137
18.0	482.0	138
16.0	483.0	139
22.0	480.0	140
18.0	478.0	141
17.0	481.0	142
11.0	493.0	143
22.0	476.0	144
24.0	477.0	166
19.0	482.0	167
15.0	485.0	168
14.0	486.0	169
10.0	487.0	170
16.0	484.0	171
16.0	477.0	172
9.0	481.0	173
12.0	483.0	174
11.0	476.0	175
14.0	484.0	183
9.0	470.0	184
12.0	474.0	185
21.0	473.0	186
14.0	472.0	187
12.0	466.0	188
14.0	443.0	189
11.0	456.0	190
18.0	488.0	201
17.0	483.0	202
15.0	491.0	203
14.0	484.0	204
12.0	483.0	205
12.0	483.0	206
22.0	476.0	207
10.0	479.0	208
9.0	485.0	209
16.0	482.0	210
17.0	483.0	211
11.0	477.0	212
14.0	483.0	213
11.0	476.0	214
13.0	477.0	215
18.0	480.0	216
12.0	482.0	217
13.0	482.0	218
18.0	480.0	219
19.0	480.0	220
16.0	478.0	221
15.0	478.0	222
15.0	483.0	223
15.0	481.0	224
15.0	486.0	225
22.0	480.0	226
15.0	484.0	227
13.0	483.0	228
8.0	476.0	229
14.0	483.0	230
16.0	482.0	231
13.0	484.0	232
13.0	491.0	233
12.0	482.0	234
16.0	479.0	235
14.0	490.0	236
13.0	478.0	237
11.0	481.0	238
12.0	483.0	239
12.0	477.0	240
16.0	486.0	241
11.0	485.0	242
17.0	483.0	243
10.0	481.0	244
15.0	491.0	266
23.0	491.0	267
17.0	480.0	268
15.0	488.0	269
19.0	488.0	270
12.0	477.0	271
19.0	491.0	272
17.0	496.0	273
11.0	483.0	274
21.0	476.0	275
15.0	477.0	282
14.0	482.0	283
19.0	480.0	284
7.0	483.0	285
11.0	482.0	286
10.0	474.0	287
12.0	469.0	288
18.0	430.0	289
11.0	476.0	301
20.0	478.0	302
13.0	483.0	303
16.0	476.0	304
16.0	475.0	305
17.0	475.0	306
17.0	474.0	307
18.0	480.0	308
13.0	473.0	309
18.0	478.0	310
13.0	474.0	311
14.0	478.0	312
11.0	478.0	313
18.0	477.0	314
14.0	473.0	315
14.0	482.0	316
11.0	478.0	317
15.0	477.0	318
11.0	473.0	319
17.0	474.0	320
20.0	483.0	321
14.0	476.0	322
16.0	472.0	323
12.0	477.0	324
16.0	475.0	325
14.0	466.0	326
19.0	471.0	327
16.0	475.0	328
10.0	470.0	329
10.0	483.0	330
15.0	472.0	331
21.0	479.0	332
16.0	476.0	333
17.0	480.0	334
13.0	470.0	335
16.0	476.0	336
17.0	464.0	337
15.0	474.0	338
17.0	477.0	339
14.0	483.0	340
15.0	484.0	341
10.0	478.0	342
15.0	470.0	343
18.0	477.0	344
14.0	474.0	367
15.0	479.0	368
15.0	482.0	369
11.0	466.0	370
17.0	462.0	371
15.0	478.0	372
19.0	474.0	373
9.0	475.0	374
12.0	481.0	375
16.0	473.0	376
13.0	467.0	384
13.0	471.0	385
15.0	470.0	386
12.0	468.0	387
14.0	468.0	388
13.0	470.0	389
15.0	431.0	390
19.0	449.0	391
17.0	468.0	401
15.0	467.0	402
17.0	477.0	403
17.0	472.0	404
17.0	482.0	405
9.0	485.0	406
17.0	473.0	407
19.0	475.0	408
12.0	472.0	409
13.0	473.0	410
14.0	470.0	411
12.0	467.0	412
15.0	476.0	413
12.0	464.0	414
16.0	477.0	415
16.0	477.0	416
16.0	479.0	417
12.0	490.0	418
10.0	470.0	419
12.0	473.0	420
11.0	474.0	421
17.0	472.0	422
12.0	479.0	423
17.0	477.0	424
12.0	479.0	425
20.0	477.0	426
17.0	474.0	427
10.0	473.0	428
13.0	470.0	429
14.0	469.0	430
20.0	475.0	431
19.0	477.0	432
10.0	470.0	433
18.0	470.0	434
11.0	469.0	435
15.0	469.0	436
23.0	469.0	437
11.0	467.0	438
23.0	478.0	439
8.0	469.0	440
16.0	481.0	441
10.0	473.0	442
18.0	470.0	443
13.0	469.0	444
20.0	478.0	467
15.0	471.0	468
17.0	479.0	469
13.0	477.0	470
15.0	482.0	471
17.0	479.0	472
14.0	471.0	473
10.0	475.0	474
23.0	487.0	475
19.0	477.0	476
20.0	469.0	484
15.0	458.0	485
23.0	465.0	486
12.0	458.0	487
14.0	463.0	488
12.0	471.0	489
19.0	431.0	490
15.0	448.0	491
10.0	479.0	501
19.0	481.0	502
17.0	478.0	503
14.0	472.0	504
17.0	477.0	505
19.0	476.0	506
14.0	475.0	507
15.0	482.0	508
15.0	482.0	509
18.0	483.0	510
13.0	478.0	511
16.0	478.0	512
14.0	485.0	513
9.0	477.0	514
16.0	477.0	515
12.0	483.0	516
19.0	473.0	517
14.0	490.0	518
15.0	481.0	519
16.0	475.0	520
21.0	481.0	521
15.0	473.0	522
16.0	474.0	523
16.0	488.0	524
13.0	480.0	525
13.0	476.0	526
15.0	475.0	527
16.0	484.0	528
14.0	485.0	529
14.0	484.0	530
20.0	484.0	531
20.0	485.0	532
18.0	478.0	533
22.0	486.0	534
13.0	483.0	535
20.0	474.0	536
14.0	478.0	537
12.0	472.0	538
15.0	478.0	539
19.0	475.0	540
18.0	473.0	541
16.0	490.0	542
19.0	479.0	543
17.0	490.0	544
15.0	481.0	567
14.0	482.0	568
19.0	480.0	569
15.0	477.0	570
17.0	477.0	571
21.0	476.0	572
13.0	478.0	573
15.0	476.0	574
10.0	478.0	575
9.0	488.0	576
13.0	481.0	583
16.0	463.0	584
18.0	479.0	585
16.0	471.0	586
18.0	478.0	587
19.0	472.0	588
19.0	446.0	589
18.0	449.0	590
13.0	477.0	601
16.0	474.0	602
15.0	472.0	603
15.0	478.0	604
18.0	491.0	605
14.0	483.0	606
13.0	476.0	607
14.0	477.0	608
18.0	484.0	609
11.0	479.0	610
18.0	475.0	611
19.0	484.0	612
17.0	483.0	613
15.0	481.0	614
19.0	479.0	615
19.0	480.0	616
18.0	479.0	617
19.0	486.0	618
21.0	473.0	619
13.0	485.0	620
12.0	474.0	621
18.0	481.0	622
20.0	478.0	623
17.0	489.0	624
14.0	477.0	625
14.0	477.0	626
14.0	475.0	627
10.0	489.0	628
14.0	476.0	629
18.0	482.0	630
26.0	490.0	631
21.0	474.0	632
10.0	475.0	633
18.0	491.0	634
12.0	480.0	635
11.0	478.0	636
14.0	477.0	637
20.0	476.0	638
18.0	484.0	639
12.0	481.0	640
14.0	486.0	641
12.0	481.0	642
14.0	483.0	643
14.0	475.0	644
14.0	485.0	666
10.0	477.0	667
19.0	475.0	668
15.0	469.0	669
9.0	471.0	670
18.0	483.0	671
21.0	476.0	672
17.0	473.0	673
16.0	477.0	674
18.0	482.0	675
15.0	475.0	676
19.0	475.0	683
18.0	474.0	684
19.0	475.0	685
21.0	483.0	686
14.0	473.0	687
14.0	473.0	688
13.0	443.0	689
17.0	448.0	690
16.0	434.0	701
17.0	429.0	702
15.0	431.0	703
18.0	426.0	704
15.0	439.0	705
18.0	430.0	706
15.0	425.0	707
16.0	432.0	708
21.0	426.0	709
16.0	428.0	710
12.0	424.0	711
11.0	427.0	712
16.0	429.0	713
14.0	424.0	714
10.0	431.0	715
13.0	427.0	716
14.0	417.0	717
15.0	434.0	718
14.0	419.0	719
8.0	422.0	720
13.0	424.0	721
16.0	427.0	722
14.0	410.0	723
18.0	424.0	724
13.0	422.0	725
16.0	421.0	726
12.0	428.0	727
11.0	421.0	728
17.0	424.0	729
11.0	420.0	730
13.0	423.0	731
22.0	433.0	732
16.0	433.0	733
17.0	419.0	734
20.0	430.0	735
15.0	421.0	736
15.0	429.0	737
13.0	426.0	738
14.0	425.0	739
14.0	424.0	740
17.0	422.0	741
13.0	425.0	742
19.0	430.0	743
15.0	414.0	744
21.0	414.0	745
14.0	410.0	746
13.0	403.0	747
15.0	407.0	748
15.0	420.0	749
13.0	427.0	750
17.0	423.0	776
8.0	418.0	777
13.0	418.0	778
14.0	406.0	779
14.0	394.0	780
19.0	417.0	781
10.0	406.0	782
17.0	403.0	783
16.0	421.0	784
10.0	409.0	785
19.0	401.0	786
21.0	420.0	795
19.0	414.0	796
19.0	417.0	797
14.0	414.0	798
21.0	414.0	799
17.0	402.0	800
14.0	421.0	801
11.0	425.0	802
17.0	422.0	803
13.0	430.0	804
15.0	424.0	805
18.0	422.0	806
12.0	428.0	807
17.0	423.0	808
16.0	422.0	809
12.0	417.0	810
15.0	423.0	811
16.0	421.0	812
19.0	417.0	813
18.0	414.0	814
10.0	424.0	815
13.0	424.0	816
11.0	421.0	817
15.0	419.0	818
23.0	428.0	819
10.0	417.0	820
17.0	418.0	821
18.0	414.0	822
18.0	416.0	823
19.0	409.0	824
6.0	414.0	825
13.0	422.0	826
16.0	418.0	827
17.0	416.0	828
7.0	418.0	829
15.0	419.0	830
18.0	415.0	831
13.0	423.0	832
14.0	420.0	833
16.0	416.0	834
15.0	419.0	835
15.0	417.0	836
18.0	419.0	837
22.0	421.0	838
11.0	424.0	839
20.0	417.0	840
20.0	422.0	841
19.0	420.0	842
15.0	414.0	843
19.0	418.0	844
14.0	416.0	845
23.0	404.0	846
17.0	394.0	847
12.0	405.0	848
16.0	403.0	849
13.0	406.0	850
15.0	409.0	877
14.0	414.0	878
17.0	413.0	879
12.0	399.0	880
14.0	392.0	881
15.0	416.0	882
14.0	411.0	883
11.0	391.0	884
21.0	409.0	885
12.0	401.0	886
14.0	395.0	887
8.0	392.0	888
22.0	418.0	896
12.0	401.0	897
16.0	406.0	898
15.0	407.0	899
15.0	406.0	900
14.0	498.0	901
9.0	500.0	902
16.0	500.0	903
11.0	502.0	904
15.0	505.0	905
19.0	508.0	906
11.0	499.0	907
16.0	503.0	908
13.0	498.0	909
13.0	495.0	910
13.0	499.0	911
21.0	505.0	912
18.0	497.0	913
17.0	499.0	914
12.0	497.0	915
17.0	502.0	916
19.0	500.0	917
17.0	495.0	918
18.0	493.0	919
11.0	487.0	920
19.0	497.0	921
9.0	499.0	922
20.0	494.0	923
12.0	496.0	924
11.0	494.0	925
11.0	487.0	926
11.0	494.0	927
15.0	500.0	928
16.0	501.0	929
17.0	496.0	930
18.0	499.0	931
17.0	501.0	932
16.0	505.0	933
13.0	488.0	934
16.0	492.0	935
18.0	489.0	936
19.0	494.0	937
22.0	490.0	938
21.0	497.0	939
12.0	492.0	940
18.0	492.0	941
12.0	492.0	942
14.0	499.0	964
15.0	493.0	965
20.0	496.0	966
13.0	495.0	967
16.0	487.0	968
9.0	501.0	969
17.0	493.0	970
16.0	505.0	971
12.0	503.0	972
15.0	493.0	973
21.0	513.0	980
9.0	505.0	981
16.0	511.0	982
17.0	500.0	983
17.0	489.0	984
17.0	491.0	985
18.0	488.0	986
18.0	480.0	987
