#CDA decimation FMS KSAT
#N=512  stepsdec=10  alpha=3.6   NSamples=1000
#av(e)	5.081
#std(e)	0.06219677644379969
#av(t)	29.168
#std(t)	0.060031458419732224
7.0	28.0	1
3.0	28.0	2
6.0	27.0	3
6.0	28.0	4
6.0	27.0	5
9.0	27.0	6
7.0	28.0	7
8.0	28.0	8
2.0	27.0	9
5.0	28.0	10
3.0	27.0	11
4.0	27.0	12
3.0	27.0	13
6.0	28.0	14
4.0	27.0	15
6.0	28.0	16
2.0	27.0	17
7.0	27.0	18
5.0	26.0	19
6.0	27.0	20
8.0	28.0	21
10.0	27.0	22
3.0	26.0	23
3.0	27.0	24
4.0	28.0	25
6.0	28.0	26
6.0	28.0	27
7.0	28.0	28
6.0	28.0	29
2.0	28.0	30
2.0	27.0	31
2.0	27.0	32
8.0	28.0	33
7.0	28.0	34
4.0	27.0	35
3.0	27.0	36
7.0	28.0	37
5.0	28.0	38
3.0	28.0	39
4.0	28.0	40
5.0	28.0	41
7.0	28.0	42
8.0	28.0	43
8.0	27.0	44
3.0	27.0	45
3.0	28.0	46
5.0	27.0	47
6.0	28.0	48
6.0	27.0	49
3.0	27.0	50
8.0	28.0	51
5.0	27.0	52
4.0	25.0	53
3.0	27.0	54
8.0	26.0	55
6.0	26.0	56
7.0	26.0	57
4.0	27.0	58
3.0	25.0	59
5.0	26.0	60
8.0	28.0	61
4.0	28.0	62
8.0	29.0	63
5.0	28.0	64
6.0	29.0	65
5.0	29.0	66
8.0	28.0	67
7.0	28.0	68
5.0	29.0	69
5.0	29.0	70
5.0	28.0	71
2.0	29.0	72
6.0	29.0	73
1.0	28.0	74
4.0	30.0	75
5.0	29.0	76
7.0	29.0	77
3.0	28.0	78
4.0	29.0	79
4.0	29.0	80
10.0	28.0	81
6.0	28.0	82
3.0	27.0	83
4.0	28.0	84
4.0	29.0	85
3.0	28.0	86
5.0	29.0	87
7.0	30.0	88
5.0	29.0	89
6.0	27.0	90
6.0	29.0	91
5.0	29.0	92
4.0	28.0	93
5.0	28.0	94
6.0	28.0	95
3.0	29.0	96
6.0	27.0	97
4.0	29.0	98
4.0	28.0	99
8.0	29.0	100
6.0	29.0	101
2.0	29.0	102
3.0	29.0	103
6.0	29.0	104
8.0	28.0	105
7.0	28.0	106
6.0	29.0	107
5.0	28.0	108
3.0	28.0	109
5.0	29.0	110
4.0	29.0	111
3.0	28.0	112
6.0	28.0	113
4.0	29.0	114
4.0	28.0	115
2.0	29.0	116
4.0	28.0	117
7.0	29.0	118
6.0	29.0	119
4.0	28.0	120
4.0	28.0	121
2.0	27.0	122
3.0	28.0	123
4.0	28.0	124
5.0	28.0	125
2.0	29.0	126
7.0	28.0	127
6.0	27.0	128
6.0	29.0	129
6.0	28.0	130
3.0	29.0	131
6.0	28.0	132
3.0	29.0	133
11.0	28.0	134
3.0	28.0	135
5.0	28.0	136
4.0	29.0	137
4.0	27.0	138
7.0	29.0	139
7.0	29.0	140
6.0	29.0	141
3.0	27.0	142
6.0	28.0	143
5.0	29.0	144
5.0	28.0	145
8.0	28.0	146
1.0	28.0	147
4.0	27.0	148
4.0	29.0	149
6.0	28.0	150
2.0	30.0	151
5.0	28.0	152
7.0	29.0	153
4.0	28.0	154
7.0	28.0	155
4.0	28.0	156
5.0	29.0	157
3.0	28.0	158
5.0	28.0	159
6.0	28.0	160
2.0	29.0	161
0.0	28.0	162
2.0	29.0	163
6.0	28.0	164
7.0	27.0	165
6.0	29.0	166
5.0	28.0	167
3.0	30.0	168
6.0	28.0	169
5.0	29.0	170
3.0	29.0	171
4.0	28.0	172
7.0	29.0	173
6.0	29.0	174
5.0	28.0	175
4.0	28.0	176
4.0	30.0	177
4.0	29.0	178
7.0	28.0	179
3.0	28.0	180
3.0	28.0	181
6.0	29.0	182
8.0	28.0	183
8.0	28.0	184
3.0	29.0	185
8.0	27.0	186
4.0	28.0	187
4.0	28.0	188
3.0	29.0	189
3.0	29.0	190
3.0	28.0	191
6.0	28.0	192
4.0	27.0	193
4.0	28.0	194
6.0	29.0	195
2.0	28.0	196
6.0	29.0	197
6.0	29.0	198
3.0	29.0	199
4.0	28.0	200
10.0	33.0	201
4.0	32.0	202
5.0	32.0	203
3.0	31.0	204
7.0	32.0	205
8.0	33.0	206
8.0	31.0	207
4.0	32.0	208
6.0	32.0	209
7.0	33.0	210
5.0	33.0	211
2.0	32.0	212
5.0	34.0	213
5.0	31.0	214
3.0	33.0	215
4.0	33.0	216
5.0	32.0	217
5.0	32.0	218
6.0	33.0	219
5.0	31.0	220
6.0	32.0	221
5.0	32.0	222
4.0	33.0	223
2.0	31.0	224
8.0	32.0	225
8.0	32.0	226
4.0	33.0	227
5.0	33.0	228
9.0	32.0	229
4.0	32.0	230
4.0	31.0	231
7.0	31.0	232
7.0	32.0	233
5.0	32.0	234
6.0	31.0	235
6.0	32.0	236
4.0	32.0	237
7.0	32.0	238
3.0	32.0	239
4.0	31.0	240
9.0	32.0	241
5.0	33.0	242
1.0	32.0	243
9.0	32.0	244
6.0	32.0	245
10.0	31.0	246
7.0	31.0	247
7.0	30.0	248
5.0	29.0	249
5.0	30.0	250
5.0	31.0	251
6.0	31.0	252
1.0	32.0	253
1.0	33.0	254
5.0	33.0	255
7.0	35.0	256
4.0	34.0	257
7.0	34.0	258
6.0	33.0	259
2.0	32.0	260
3.0	32.0	261
10.0	32.0	262
1.0	32.0	263
3.0	33.0	264
6.0	33.0	265
4.0	32.0	266
9.0	33.0	267
3.0	33.0	268
4.0	32.0	269
5.0	34.0	270
6.0	33.0	271
5.0	31.0	272
6.0	33.0	273
6.0	33.0	274
6.0	32.0	275
8.0	33.0	276
4.0	33.0	277
2.0	32.0	278
9.0	33.0	279
5.0	31.0	280
8.0	33.0	281
7.0	33.0	282
9.0	34.0	283
5.0	34.0	284
13.0	33.0	285
7.0	32.0	286
4.0	33.0	287
5.0	33.0	288
2.0	33.0	289
5.0	33.0	290
5.0	33.0	291
7.0	32.0	292
9.0	34.0	293
4.0	33.0	294
1.0	32.0	295
5.0	34.0	296
5.0	33.0	297
5.0	33.0	298
6.0	34.0	299
6.0	32.0	300
6.0	33.0	301
8.0	33.0	302
8.0	33.0	303
3.0	32.0	304
5.0	34.0	305
3.0	33.0	306
6.0	32.0	307
3.0	32.0	308
4.0	33.0	309
2.0	31.0	310
5.0	33.0	311
7.0	32.0	312
2.0	33.0	313
3.0	33.0	314
10.0	33.0	315
6.0	34.0	316
6.0	34.0	317
6.0	32.0	318
9.0	34.0	319
4.0	33.0	320
7.0	33.0	321
5.0	34.0	322
5.0	33.0	323
6.0	33.0	324
5.0	33.0	325
4.0	33.0	326
4.0	34.0	327
4.0	33.0	328
4.0	33.0	329
5.0	32.0	330
9.0	34.0	331
4.0	32.0	332
3.0	34.0	333
3.0	33.0	334
5.0	33.0	335
8.0	33.0	336
3.0	32.0	337
5.0	33.0	338
6.0	32.0	339
5.0	32.0	340
7.0	32.0	341
6.0	35.0	342
7.0	33.0	343
2.0	32.0	344
3.0	32.0	345
2.0	33.0	346
7.0	33.0	347
6.0	33.0	348
6.0	33.0	349
6.0	33.0	350
3.0	33.0	351
5.0	32.0	352
8.0	33.0	353
2.0	34.0	354
7.0	34.0	355
5.0	33.0	356
5.0	34.0	357
5.0	33.0	358
6.0	33.0	359
4.0	33.0	360
6.0	33.0	361
4.0	33.0	362
5.0	34.0	363
6.0	33.0	364
1.0	33.0	365
3.0	33.0	366
8.0	33.0	367
4.0	33.0	368
5.0	33.0	369
3.0	33.0	370
5.0	34.0	371
5.0	32.0	372
5.0	33.0	373
1.0	33.0	374
4.0	32.0	375
5.0	33.0	376
7.0	31.0	377
8.0	30.0	378
6.0	31.0	379
6.0	30.0	380
6.0	30.0	381
4.0	31.0	382
3.0	31.0	383
4.0	30.0	384
5.0	30.0	385
7.0	30.0	386
3.0	30.0	387
4.0	32.0	388
5.0	33.0	389
5.0	33.0	390
5.0	31.0	391
8.0	32.0	392
4.0	31.0	393
4.0	32.0	394
5.0	31.0	395
6.0	32.0	396
4.0	31.0	397
2.0	32.0	398
4.0	31.0	399
3.0	30.0	400
4.0	28.0	401
6.0	28.0	402
3.0	27.0	403
9.0	27.0	404
2.0	28.0	405
5.0	27.0	406
7.0	27.0	407
5.0	28.0	408
2.0	27.0	409
1.0	27.0	410
2.0	28.0	411
3.0	28.0	412
6.0	27.0	413
2.0	27.0	414
4.0	26.0	415
2.0	28.0	416
3.0	27.0	417
5.0	28.0	418
2.0	28.0	419
2.0	28.0	420
7.0	27.0	421
5.0	28.0	422
6.0	27.0	423
2.0	27.0	424
6.0	28.0	425
5.0	27.0	426
3.0	28.0	427
1.0	26.0	428
5.0	28.0	429
4.0	27.0	430
7.0	28.0	431
7.0	27.0	432
3.0	28.0	433
7.0	27.0	434
4.0	28.0	435
3.0	28.0	436
6.0	28.0	437
4.0	28.0	438
3.0	28.0	439
6.0	28.0	440
2.0	28.0	441
8.0	27.0	442
5.0	28.0	443
4.0	28.0	444
5.0	27.0	445
7.0	28.0	446
1.0	27.0	447
3.0	27.0	448
3.0	27.0	449
7.0	27.0	450
9.0	27.0	451
7.0	27.0	452
7.0	26.0	453
7.0	26.0	454
4.0	27.0	455
1.0	26.0	456
6.0	27.0	457
5.0	26.0	458
3.0	26.0	459
6.0	25.0	460
4.0	27.0	461
5.0	28.0	462
8.0	28.0	463
8.0	29.0	464
4.0	29.0	465
1.0	28.0	466
3.0	28.0	467
5.0	28.0	468
3.0	29.0	469
8.0	29.0	470
7.0	29.0	471
10.0	29.0	472
5.0	28.0	473
8.0	28.0	474
5.0	29.0	475
6.0	29.0	476
7.0	29.0	477
7.0	29.0	478
4.0	28.0	479
3.0	28.0	480
5.0	28.0	481
5.0	29.0	482
4.0	28.0	483
5.0	29.0	484
3.0	28.0	485
6.0	28.0	486
3.0	28.0	487
9.0	29.0	488
3.0	28.0	489
5.0	28.0	490
4.0	30.0	491
6.0	29.0	492
7.0	29.0	493
6.0	29.0	494
7.0	28.0	495
2.0	29.0	496
8.0	29.0	497
6.0	28.0	498
4.0	27.0	499
3.0	27.0	500
3.0	28.0	501
6.0	29.0	502
4.0	29.0	503
9.0	29.0	504
8.0	28.0	505
6.0	28.0	506
5.0	29.0	507
2.0	28.0	508
7.0	29.0	509
6.0	28.0	510
4.0	28.0	511
6.0	28.0	512
4.0	28.0	513
8.0	28.0	514
8.0	28.0	515
4.0	29.0	516
7.0	29.0	517
9.0	29.0	518
6.0	29.0	519
5.0	29.0	520
6.0	29.0	521
3.0	27.0	522
5.0	28.0	523
3.0	28.0	524
5.0	29.0	525
6.0	30.0	526
6.0	29.0	527
7.0	29.0	528
6.0	29.0	529
9.0	28.0	530
4.0	29.0	531
5.0	28.0	532
4.0	29.0	533
6.0	28.0	534
3.0	28.0	535
8.0	28.0	536
6.0	28.0	537
2.0	28.0	538
4.0	28.0	539
5.0	28.0	540
2.0	29.0	541
2.0	28.0	542
5.0	28.0	543
3.0	28.0	544
6.0	28.0	545
6.0	29.0	546
8.0	29.0	547
5.0	28.0	548
6.0	28.0	549
7.0	27.0	550
5.0	30.0	551
5.0	28.0	552
6.0	29.0	553
5.0	28.0	554
6.0	29.0	555
6.0	28.0	556
3.0	29.0	557
5.0	30.0	558
5.0	28.0	559
3.0	28.0	560
3.0	28.0	561
9.0	29.0	562
6.0	28.0	563
5.0	29.0	564
7.0	28.0	565
7.0	30.0	566
7.0	30.0	567
4.0	28.0	568
3.0	28.0	569
4.0	28.0	570
4.0	29.0	571
5.0	28.0	572
4.0	28.0	573
7.0	28.0	574
6.0	28.0	575
5.0	27.0	576
8.0	29.0	577
3.0	28.0	578
4.0	29.0	579
8.0	29.0	580
5.0	30.0	581
7.0	30.0	582
6.0	29.0	583
7.0	29.0	584
5.0	28.0	585
5.0	28.0	586
6.0	28.0	587
2.0	29.0	588
4.0	29.0	589
7.0	29.0	590
7.0	29.0	591
8.0	29.0	592
3.0	28.0	593
5.0	28.0	594
8.0	29.0	595
8.0	28.0	596
7.0	28.0	597
9.0	29.0	598
4.0	29.0	599
9.0	29.0	600
6.0	28.0	601
6.0	27.0	602
4.0	28.0	603
4.0	27.0	604
9.0	27.0	605
8.0	28.0	606
5.0	28.0	607
5.0	27.0	608
8.0	29.0	609
4.0	29.0	610
4.0	27.0	611
4.0	28.0	612
4.0	28.0	613
5.0	28.0	614
4.0	28.0	615
6.0	28.0	616
2.0	27.0	617
5.0	29.0	618
6.0	27.0	619
11.0	28.0	620
8.0	28.0	621
3.0	28.0	622
8.0	28.0	623
2.0	29.0	624
5.0	28.0	625
6.0	29.0	626
7.0	28.0	627
4.0	28.0	628
4.0	28.0	629
6.0	28.0	630
4.0	28.0	631
5.0	27.0	632
5.0	28.0	633
4.0	27.0	634
6.0	27.0	635
5.0	28.0	636
3.0	28.0	637
9.0	28.0	638
4.0	28.0	639
4.0	28.0	640
4.0	27.0	641
2.0	27.0	642
4.0	28.0	643
6.0	27.0	644
5.0	27.0	645
6.0	29.0	646
4.0	28.0	647
4.0	28.0	648
4.0	27.0	649
6.0	29.0	650
10.0	28.0	651
3.0	27.0	652
2.0	25.0	653
4.0	26.0	654
6.0	26.0	655
7.0	27.0	656
5.0	25.0	657
4.0	27.0	658
5.0	27.0	659
6.0	28.0	660
4.0	30.0	661
4.0	29.0	662
4.0	29.0	663
3.0	28.0	664
5.0	29.0	665
6.0	29.0	666
5.0	30.0	667
7.0	29.0	668
3.0	30.0	669
5.0	29.0	670
4.0	29.0	671
4.0	29.0	672
4.0	29.0	673
7.0	30.0	674
3.0	29.0	675
7.0	29.0	676
5.0	29.0	677
5.0	29.0	678
9.0	30.0	679
7.0	29.0	680
7.0	29.0	681
3.0	28.0	682
6.0	28.0	683
3.0	27.0	684
6.0	29.0	685
5.0	29.0	686
7.0	29.0	687
6.0	29.0	688
4.0	29.0	689
6.0	29.0	690
4.0	29.0	691
6.0	29.0	692
5.0	29.0	693
5.0	29.0	694
4.0	29.0	695
8.0	29.0	696
8.0	30.0	697
4.0	29.0	698
4.0	28.0	699
3.0	29.0	700
7.0	29.0	701
4.0	29.0	702
6.0	30.0	703
8.0	29.0	704
7.0	30.0	705
5.0	29.0	706
4.0	29.0	707
7.0	29.0	708
6.0	30.0	709
4.0	28.0	710
7.0	30.0	711
4.0	29.0	712
2.0	29.0	713
6.0	30.0	714
5.0	28.0	715
2.0	28.0	716
4.0	31.0	717
4.0	28.0	718
6.0	29.0	719
6.0	30.0	720
8.0	28.0	721
2.0	28.0	722
5.0	28.0	723
7.0	29.0	724
4.0	28.0	725
8.0	29.0	726
7.0	30.0	727
4.0	30.0	728
2.0	29.0	729
5.0	29.0	730
6.0	29.0	731
6.0	28.0	732
8.0	29.0	733
2.0	29.0	734
3.0	29.0	735
4.0	29.0	736
2.0	29.0	737
7.0	29.0	738
2.0	29.0	739
9.0	28.0	740
2.0	29.0	741
4.0	29.0	742
4.0	28.0	743
3.0	28.0	744
7.0	30.0	745
5.0	30.0	746
5.0	29.0	747
7.0	30.0	748
5.0	29.0	749
3.0	28.0	750
4.0	29.0	751
4.0	29.0	752
4.0	29.0	753
4.0	29.0	754
5.0	30.0	755
4.0	29.0	756
5.0	29.0	757
6.0	31.0	758
10.0	29.0	759
6.0	29.0	760
3.0	29.0	761
4.0	30.0	762
6.0	29.0	763
2.0	29.0	764
7.0	30.0	765
3.0	28.0	766
3.0	29.0	767
3.0	29.0	768
3.0	30.0	769
4.0	29.0	770
8.0	27.0	771
4.0	29.0	772
4.0	29.0	773
9.0	29.0	774
8.0	28.0	775
8.0	29.0	776
3.0	30.0	777
5.0	29.0	778
6.0	29.0	779
4.0	28.0	780
2.0	29.0	781
7.0	28.0	782
6.0	29.0	783
4.0	30.0	784
2.0	29.0	785
5.0	29.0	786
2.0	29.0	787
4.0	29.0	788
4.0	29.0	789
6.0	29.0	790
4.0	28.0	791
8.0	28.0	792
3.0	29.0	793
5.0	30.0	794
2.0	29.0	795
7.0	30.0	796
3.0	28.0	797
1.0	28.0	798
2.0	29.0	799
6.0	29.0	800
4.0	28.0	801
4.0	28.0	802
7.0	29.0	803
7.0	27.0	804
4.0	27.0	805
5.0	28.0	806
4.0	27.0	807
4.0	29.0	808
8.0	28.0	809
3.0	28.0	810
2.0	27.0	811
5.0	28.0	812
6.0	29.0	813
7.0	28.0	814
5.0	27.0	815
5.0	28.0	816
6.0	28.0	817
9.0	28.0	818
6.0	27.0	819
5.0	27.0	820
8.0	29.0	821
3.0	29.0	822
5.0	28.0	823
8.0	28.0	824
9.0	27.0	825
3.0	29.0	826
6.0	28.0	827
5.0	28.0	828
3.0	28.0	829
9.0	28.0	830
3.0	28.0	831
6.0	28.0	832
6.0	28.0	833
7.0	28.0	834
5.0	27.0	835
7.0	29.0	836
5.0	28.0	837
6.0	28.0	838
3.0	28.0	839
7.0	28.0	840
9.0	29.0	841
4.0	27.0	842
3.0	28.0	843
3.0	26.0	844
3.0	28.0	845
7.0	28.0	846
7.0	28.0	847
5.0	28.0	848
2.0	28.0	849
8.0	28.0	850
3.0	27.0	851
8.0	26.0	852
5.0	26.0	853
5.0	26.0	854
13.0	27.0	855
4.0	26.0	856
5.0	27.0	857
7.0	27.0	858
9.0	27.0	859
8.0	29.0	860
6.0	29.0	861
5.0	30.0	862
9.0	30.0	863
7.0	29.0	864
4.0	30.0	865
3.0	29.0	866
11.0	30.0	867
5.0	29.0	868
4.0	28.0	869
6.0	29.0	870
6.0	29.0	871
2.0	29.0	872
4.0	29.0	873
5.0	30.0	874
3.0	28.0	875
9.0	29.0	876
4.0	30.0	877
6.0	29.0	878
3.0	29.0	879
4.0	31.0	880
3.0	28.0	881
6.0	28.0	882
8.0	29.0	883
3.0	29.0	884
5.0	28.0	885
7.0	29.0	886
7.0	29.0	887
7.0	29.0	888
6.0	30.0	889
3.0	29.0	890
6.0	29.0	891
4.0	29.0	892
8.0	30.0	893
6.0	29.0	894
6.0	29.0	895
4.0	30.0	896
6.0	29.0	897
4.0	28.0	898
3.0	29.0	899
1.0	29.0	900
4.0	27.0	901
7.0	28.0	902
4.0	28.0	903
3.0	29.0	904
4.0	30.0	905
4.0	29.0	906
4.0	29.0	907
5.0	29.0	908
4.0	29.0	909
3.0	29.0	910
4.0	28.0	911
5.0	28.0	912
4.0	29.0	913
4.0	30.0	914
6.0	28.0	915
3.0	28.0	916
5.0	29.0	917
5.0	29.0	918
7.0	30.0	919
5.0	28.0	920
4.0	29.0	921
5.0	29.0	922
5.0	30.0	923
5.0	29.0	924
3.0	29.0	925
3.0	28.0	926
7.0	30.0	927
4.0	29.0	928
6.0	28.0	929
2.0	29.0	930
9.0	29.0	931
5.0	28.0	932
5.0	29.0	933
4.0	30.0	934
6.0	29.0	935
5.0	29.0	936
5.0	29.0	937
4.0	30.0	938
6.0	30.0	939
6.0	28.0	940
3.0	29.0	941
6.0	29.0	942
1.0	29.0	943
5.0	28.0	944
6.0	30.0	945
6.0	29.0	946
8.0	31.0	947
7.0	29.0	948
2.0	29.0	949
3.0	29.0	950
0.0	28.0	951
5.0	28.0	952
2.0	29.0	953
7.0	29.0	954
2.0	28.0	955
8.0	30.0	956
7.0	29.0	957
5.0	30.0	958
7.0	29.0	959
5.0	29.0	960
4.0	30.0	961
5.0	30.0	962
6.0	29.0	963
6.0	29.0	964
4.0	29.0	965
2.0	29.0	966
7.0	28.0	967
4.0	29.0	968
7.0	30.0	969
4.0	29.0	970
7.0	29.0	971
8.0	30.0	972
4.0	29.0	973
6.0	30.0	974
2.0	28.0	975
6.0	28.0	976
3.0	30.0	977
4.0	29.0	978
3.0	29.0	979
4.0	30.0	980
4.0	29.0	981
7.0	29.0	982
3.0	28.0	983
3.0	29.0	984
5.0	30.0	985
6.0	30.0	986
6.0	28.0	987
6.0	29.0	988
5.0	29.0	989
4.0	29.0	990
5.0	29.0	991
4.0	29.0	992
3.0	29.0	993
6.0	29.0	994
5.0	30.0	995
6.0	28.0	996
4.0	29.0	997
3.0	28.0	998
5.0	29.0	999
5.0	28.0	1000
