3.55	0.9999999999998934
3.5508708708708707	0.9999999999998876
3.5517417417417416	0.9999999999998814
3.5526126126126125	0.9999999999998752
3.5534834834834834	0.9999999999998683
3.5543543543543543	0.9999999999998612
3.555225225225225	0.9999999999998537
3.556096096096096	0.9999999999998457
3.5569669669669666	0.9999999999998375
3.5578378378378375	0.9999999999998286
3.5587087087087084	0.9999999999998193
3.5595795795795793	0.9999999999998095
3.56045045045045	0.999999999999799
3.561321321321321	0.9999999999997882
3.562192192192192	0.9999999999997768
3.563063063063063	0.9999999999997646
3.5639339339339338	0.999999999999752
3.5648048048048047	0.9999999999997384
3.5656756756756756	0.9999999999997242
3.5665465465465465	0.9999999999997093
3.5674174174174174	0.9999999999996936
3.5682882882882883	0.9999999999996769
3.569159159159159	0.9999999999996596
3.57003003003003	0.999999999999641
3.5709009009009005	0.9999999999996216
3.5717717717717714	0.9999999999996012
3.5726426426426423	0.9999999999995794
3.573513513513513	0.9999999999995566
3.574384384384384	0.9999999999995326
3.575255255255255	0.9999999999995073
3.576126126126126	0.9999999999994806
3.576996996996997	0.9999999999994524
3.5778678678678677	0.9999999999994227
3.5787387387387386	0.9999999999993916
3.5796096096096095	0.9999999999993585
3.5804804804804804	0.9999999999993237
3.5813513513513513	0.999999999999287
3.582222222222222	0.9999999999992484
3.583093093093093	0.9999999999992077
3.583963963963964	0.9999999999991649
3.5848348348348344	0.9999999999991196
3.5857057057057053	0.9999999999990719
3.5865765765765762	0.9999999999990214
3.587447447447447	0.9999999999989684
3.588318318318318	0.9999999999989124
3.589189189189189	0.9999999999988536
3.59006006006006	0.9999999999987914
3.5909309309309307	0.9999999999987259
3.5918018018018016	0.9999999999986569
3.5926726726726725	0.999999999998584
3.5935435435435434	0.9999999999985074
3.5944144144144143	0.9999999999984264
3.5952852852852852	0.9999999999983411
3.596156156156156	0.9999999999982512
3.597027027027027	0.9999999999981564
3.597897897897898	0.9999999999980564
3.5987687687687684	0.9999999999979512
3.5996396396396393	0.9999999999978402
3.60051051051051	0.9999999999977232
3.601381381381381	0.9999999999975997
3.602252252252252	0.9999999999974696
3.603123123123123	0.9999999999973324
3.603993993993994	0.9999999999971878
3.6048648648648647	0.9999999999970353
3.6057357357357356	0.9999999999968747
3.6066066066066065	0.9999999999967053
3.6074774774774774	0.9999999999965268
3.6083483483483483	0.9999999999963385
3.609219219219219	0.99999999999614
3.61009009009009	0.9999999999959308
3.610960960960961	0.9999999999957101
3.611831831831832	0.9999999999954776
3.6127027027027023	0.9999999999952325
3.6135735735735732	0.999999999994974
3.614444444444444	0.9999999999947018
3.615315315315315	0.9999999999944145
3.616186186186186	0.9999999999941118
3.617057057057057	0.9999999999937927
3.6179279279279277	0.9999999999934561
3.6187987987987986	0.9999999999931015
3.6196696696696695	0.9999999999927276
3.6205405405405404	0.9999999999923335
3.6214114114114113	0.9999999999919178
3.622282282282282	0.9999999999914797
3.623153153153153	0.9999999999910181
3.624024024024024	0.9999999999905311
3.624894894894895	0.999999999990018
3.625765765765766	0.9999999999894769
3.6266366366366363	0.9999999999889064
3.627507507507507	0.9999999999883051
3.628378378378378	0.9999999999876712
3.629249249249249	0.9999999999870031
3.63012012012012	0.9999999999862985
3.6309909909909908	0.999999999985556
3.6318618618618617	0.9999999999847731
3.6327327327327326	0.9999999999839477
3.6336036036036035	0.9999999999830778
3.6344744744744744	0.9999999999821605
3.6353453453453453	0.9999999999811935
3.636216216216216	0.9999999999801741
3.637087087087087	0.9999999999790996
3.637957957957958	0.9999999999779667
3.638828828828829	0.9999999999767724
3.6396996996996993	0.9999999999755134
3.64057057057057	0.9999999999741862
3.641441441441441	0.9999999999727871
3.642312312312312	0.9999999999713121
3.643183183183183	0.9999999999697571
3.644054054054054	0.999999999968118
3.6449249249249247	0.9999999999663898
3.6457957957957956	0.9999999999645681
3.6466666666666665	0.9999999999626477
3.6475375375375374	0.999999999960623
3.6484084084084083	0.9999999999584888
3.649279279279279	0.9999999999562388
3.65015015015015	0.9999999999538667
3.651021021021021	0.9999999999513662
3.651891891891892	0.9999999999487301
3.652762762762763	0.9999999999459512
3.6536336336336337	0.9999999999430218
3.654504504504504	0.9999999999399334
3.655375375375375	0.9999999999366775
3.656246246246246	0.9999999999332454
3.657117117117117	0.9999999999296272
3.6579879879879877	0.9999999999258129
3.6588588588588586	0.9999999999217917
3.6597297297297295	0.9999999999175526
3.6606006006006004	0.999999999913084
3.6614714714714713	0.9999999999083728
3.6623423423423422	0.9999999999034064
3.663213213213213	0.999999999898171
3.664084084084084	0.9999999998926516
3.664954954954955	0.999999999886833
3.665825825825826	0.9999999998806992
3.6666966966966967	0.9999999998742328
3.667567567567567	0.9999999998674161
3.668438438438438	0.9999999998602296
3.669309309309309	0.9999999998526539
3.67018018018018	0.9999999998446674
3.671051051051051	0.9999999998362481
3.6719219219219217	0.9999999998273723
3.6727927927927926	0.9999999998180156
3.6736636636636635	0.9999999998081517
3.6745345345345344	0.9999999997977531
3.6754054054054053	0.9999999997867908
3.676276276276276	0.9999999997752345
3.677147147147147	0.9999999997630518
3.678018018018018	0.9999999997502085
3.678888888888889	0.9999999997366693
3.6797597597597598	0.9999999997223963
3.6806306306306307	0.9999999997073497
3.6815015015015016	0.9999999996914875
3.682372372372372	0.9999999996747653
3.683243243243243	0.9999999996571369
3.684114114114114	0.9999999996385531
3.6849849849849847	0.9999999996189619
3.6858558558558556	0.9999999995983089
3.6867267267267265	0.9999999995765363
3.6875975975975974	0.9999999995535838
3.6884684684684683	0.9999999995293871
3.689339339339339	0.9999999995038789
3.69021021021021	0.9999999994769881
3.691081081081081	0.9999999994486397
3.691951951951952	0.999999999418755
3.692822822822823	0.9999999993872501
3.6936936936936937	0.9999999993540378
3.6945645645645646	0.9999999993190254
3.695435435435435	0.9999999992821151
3.696306306306306	0.9999999992432043
3.697177177177177	0.9999999992021844
3.6980480480480478	0.9999999991589412
3.6989189189189187	0.9999999991133541
3.6997897897897896	0.9999999990652959
3.7006606606606605	0.9999999990146331
3.7015315315315314	0.9999999989612243
3.7024024024024023	0.9999999989049204
3.703273273273273	0.9999999988455648
3.704144144144144	0.999999998782992
3.705015015015015	0.9999999987170276
3.705885885885886	0.9999999986474879
3.7067567567567568	0.999999998574179
3.7076276276276277	0.9999999984968966
3.7084984984984986	0.9999999984154253
3.7093693693693695	0.999999998329538
3.71024024024024	0.9999999982389955
3.711111111111111	0.9999999981435455
3.7119819819819817	0.9999999980429217
3.7128528528528526	0.9999999979368441
3.7137237237237235	0.9999999978250167
3.7145945945945944	0.9999999977071281
3.7154654654654653	0.9999999975828497
3.716336336336336	0.9999999974518352
3.717207207207207	0.9999999973137195
3.718078078078078	0.9999999971681175
3.718948948948949	0.9999999970146236
3.71981981981982	0.9999999968528099
3.7206906906906907	0.9999999966822257
3.7215615615615616	0.9999999965023956
3.7224324324324325	0.9999999963128181
3.723303303303303	0.9999999961129653
3.724174174174174	0.9999999959022801
3.7250450450450447	0.9999999956801751
3.7259159159159156	0.9999999954460317
3.7267867867867865	0.9999999951991971
3.7276576576576574	0.9999999949389837
3.7285285285285283	0.999999994664666
3.7293993993993992	0.99999999437548
3.73027027027027	0.9999999940706195
3.731141141141141	0.9999999937492348
3.732012012012012	0.9999999934104302
3.732882882882883	0.9999999930532619
3.7337537537537537	0.9999999926767345
3.7346246246246246	0.9999999922797985
3.7354954954954955	0.9999999918613475
3.736366366366366	0.9999999914202157
3.737237237237237	0.9999999909551737
3.738108108108108	0.9999999904649254
3.7389789789789787	0.9999999899481046
3.7398498498498496	0.9999999894032711
3.7407207207207205	0.9999999888289065
3.7415915915915914	0.9999999882234102
3.7424624624624623	0.9999999875850946
3.743333333333333	0.9999999869121812
3.744204204204204	0.9999999862027944
3.745075075075075	0.9999999854549573
3.745945945945946	0.9999999846665859
3.7468168168168168	0.9999999838354832
3.7476876876876877	0.999999982959333
3.7485585585585586	0.9999999820356936
3.7494294294294295	0.999999981061991
3.7503003003003004	0.9999999800355117
3.751171171171171	0.9999999789533953
3.7520420420420417	0.9999999778126258
3.7529129129129126	0.9999999766100242
3.7537837837837835	0.9999999753422392
3.7546546546546544	0.9999999740057377
3.7555255255255253	0.9999999725967949
3.756396396396396	0.9999999711114846
3.757267267267267	0.9999999695456674
3.758138138138138	0.9999999678949797
3.759009009009009	0.9999999661548211
3.75987987987988	0.9999999643203427
3.7607507507507507	0.9999999623864314
3.7616216216216216	0.9999999603476983
3.7624924924924925	0.9999999581984618
3.7633633633633634	0.999999955932732
3.764234234234234	0.9999999535441951
3.7651051051051048	0.9999999510261945
3.7659759759759757	0.9999999483717132
3.7668468468468466	0.9999999455733534
3.7677177177177175	0.9999999426233168
3.7685885885885884	0.9999999395133822
3.7694594594594593	0.9999999362348827
3.77033033033033	0.9999999327786816
3.771201201201201	0.9999999291351475
3.772072072072072	0.9999999252941263
3.772942942942943	0.9999999212449138
3.7738138138138138	0.9999999169762255
3.7746846846846847	0.9999999124761657
3.7755555555555556	0.9999999077321934
3.7764264264264265	0.9999999027310879
3.7772972972972974	0.9999998974589125
3.7781681681681683	0.9999998919009739
3.7790390390390387	0.9999998860417839
3.7799099099099096	0.9999998798650138
3.7807807807807805	0.9999998733534499
3.7816516516516514	0.9999998664889461
3.7825225225225223	0.9999998592523718
3.783393393393393	0.9999998516235604
3.784264264264264	0.999999843581252
3.785135135135135	0.9999998351030338
3.786006006006006	0.9999998261652789
3.786876876876877	0.9999998167430793
3.7877477477477477	0.9999998068101772
3.7886186186186186	0.9999997963388916
3.7894894894894895	0.9999997853000407
3.7903603603603604	0.9999997736628615
3.7912312312312313	0.9999997613949237
3.7921021021021017	0.9999997484620384
3.7929729729729726	0.9999997348281645
3.7938438438438435	0.9999997204553068
3.7947147147147144	0.9999997053034109
3.7955855855855853	0.9999996893302513
3.7964564564564562	0.9999996724913143
3.797327327327327	0.9999996547396726
3.798198198198198	0.9999996360258555
3.799069069069069	0.9999996162977121
3.79993993993994	0.9999995955002632
3.8008108108108107	0.9999995735755505
3.8016816816816816	0.9999995504624739
3.8025525525525525	0.999999526096622
3.8034234234234234	0.9999995004100919
3.8042942942942943	0.9999994733313002
3.805165165165165	0.9999994447847836
3.806036036036036	0.9999994146909887
3.8069069069069066	0.9999993829660495
3.8077777777777775	0.9999993495215554
3.8086486486486484	0.999999314264303
3.8095195195195193	0.9999992770960372
3.81039039039039	0.9999992379131776
3.811261261261261	0.9999991966065294
3.812132132132132	0.9999991530609792
3.813003003003003	0.9999991071551739
3.8138738738738738	0.999999058761184
3.8147447447447447	0.9999990077441445
3.8156156156156156	0.9999989539618821
3.8164864864864865	0.9999988972645156
3.8173573573573574	0.999998837494042
3.8182282282282283	0.9999987744838927
3.819099099099099	0.9999987080584716
3.8199699699699696	0.9999986380326649
3.8208408408408405	0.9999985642113254
3.8217117117117114	0.9999984863887283
3.8225825825825823	0.9999984043479987
3.823453453453453	0.9999983178605066
3.824324324324324	0.9999982266852296
3.825195195195195	0.9999981305680825
3.826066066066066	0.9999980292412071
3.826936936936937	0.9999979224222275
3.8278078078078077	0.9999978098134633
3.8286786786786786	0.9999976911010988
3.8295495495495495	0.999997565954309
3.8304204204204204	0.9999974340243385
3.8312912912912913	0.9999972949435284
3.832162162162162	0.9999971483242928
3.8330330330330327	0.9999969937580381
3.833903903903904	0.9999968308140244
3.8347747747747745	0.999996659038166
3.8356456456456454	0.9999964779517646
3.8365165165165163	0.9999962870501768
3.837387387387387	0.9999960858014073
3.838258258258258	0.9999958736446259
3.839129129129129	0.999995649988606
3.84	0.9999954142100757
3.8408708708708708	0.9999951656519819
3.8417417417417417	0.9999949036216591
3.8426126126126126	0.9999946273889
3.8434834834834835	0.9999943361839192
3.8443543543543544	0.9999940291952102
3.8452252252252253	0.9999937055672825
3.846096096096096	0.9999933643982787
3.846966966966967	0.9999930047374618
3.8478378378378375	0.9999926255825647
3.8487087087087084	0.9999922258769998
3.8495795795795793	0.9999918045069128
3.85045045045045	0.9999913602980804
3.851321321321321	0.9999908920126382
3.852192192192192	0.9999903983456317
3.853063063063063	0.9999898779213804
3.853933933933934	0.9999893292896452
3.8548048048048047	0.9999887509215875
3.8556756756756756	0.9999881412055095
3.8565465465465465	0.9999874984423646
3.8574174174174174	0.9999868208410229
3.8582882882882883	0.9999861065132819
3.859159159159159	0.9999853534686053
3.86003003003003	0.9999845596085785
3.8609009009009005	0.9999837227210614
3.861771771771772	0.9999828404740273
3.8626426426426423	0.9999819104090654
3.8635135135135132	0.9999809299345329
3.864384384384384	0.9999798963183354
3.865255255255255	0.9999788066803165
3.866126126126126	0.9999776579842351
3.866996996996997	0.9999764470293085
3.8678678678678677	0.999975170441297
3.8687387387387386	0.9999738246631049
3.8696096096096095	0.9999724059448747
3.8704804804804804	0.9999709103335417
3.8713513513513513	0.9999693336618262
3.8722222222222222	0.9999676715366272
3.873093093093093	0.9999659193267888
3.873963963963964	0.9999640721502032
3.874834834834835	0.9999621248602167
3.8757057057057054	0.9999600720312986
3.8765765765765763	0.9999579079439349
3.877447447447447	0.9999556265687038
3.878318318318318	0.9999532215494896
3.879189189189189	0.9999506861857876
3.88006006006006	0.9999480134140519
3.8809309309309308	0.9999451957880326
3.8818018018018017	0.9999422254580504
3.8826726726726726	0.9999390941491492
3.8835435435435435	0.9999357931380656
3.8844144144144144	0.9999323132289548
3.8852852852852853	0.9999286447278009
3.886156156156156	0.9999247774154452
3.887027027027027	0.9999207005191538
3.887897897897898	0.9999164026826504
3.8887687687687684	0.9999118719345259
3.8896396396396393	0.9999070956549425
3.8905105105105102	0.9999020605405364
3.891381381381381	0.9998967525674258
3.892252252252252	0.9998911569522165
3.893123123123123	0.9998852581109052
3.893993993993994	0.9998790396155592
3.8948648648648647	0.999872484148658
3.8957357357357356	0.9998655734549698
3.8966066066066065	0.999858288290829
3.8974774774774774	0.9998506083706769
3.8983483483483483	0.9998425123107167
3.899219219219219	0.9998339775695309
3.90009009009009	0.9998249803854916
3.900960960960961	0.9998154957108019
3.9018318318318315	0.9998054971419759
3.902702702702703	0.9997949568465765
3.9035735735735733	0.999783845486005
3.904444444444444	0.9997721321341313
3.905315315315315	0.9997597841915468
3.906186186186186	0.9997467672951984
3.907057057057057	0.9997330452231664
3.9079279279279278	0.9997185797943178
3.9087987987987987	0.9997033307625681
3.9096696696696696	0.9996872557054629
3.9105405405405405	0.999670309906775
3.9114114114114114	0.9996524462328027
3.9122822822822823	0.9996336150020296
3.913153153153153	0.9996137638478
3.914024024024024	0.9995928375736342
3.914894894894895	0.9995707780007981
3.915765765765766	0.9995475238077162
3.9166366366366363	0.9995230103607974
3.917507507507507	0.9994971695362223
3.918378378378378	0.9994699295322155
3.919249249249249	0.9994412146713046
3.92012012012012	0.9994109451920395
3.920990990990991	0.9993790370296203
3.9218618618618617	0.9993454015848573
3.9227327327327326	0.9993099454808522
3.9236036036036035	0.9992725703067645
3.9244744744744744	0.9992331723479907
3.9253453453453453	0.999191642302055
3.926216216216216	0.9991478649794756
3.927087087087087	0.9991017189888297
3.927957957957958	0.9990530764052111
3.928828828828829	0.9990018024212266
3.9296996996996993	0.9989477549796462
3.9305705705705707	0.9988907843867703
3.931441441441441	0.9988307329055438
3.932312312312312	0.9987674343273918
3.933183183183183	0.998700713521712
3.934054054054054	0.998630385961909
3.9349249249249247	0.9985562572268007
3.9357957957957956	0.9984781224761841
3.9366666666666665	0.9983957658992877
3.9375375375375374	0.9983089601347837
3.9384084084084083	0.998217465660982
3.9392792792792792	0.9981210301547665
3.94015015015015	0.9980193878177747
3.941021021021021	0.9979122586682656
3.941891891891892	0.9977993477970594
3.942762762762763	0.9976803445858684
3.9436336336336337	0.9975549218862796
3.944504504504504	0.9974227351575864
3.945375375375375	0.9972834215616071
3.946246246246246	0.9971365990125604
3.947117117117117	0.9969818651800159
3.947987987987988	0.9968187964428721
3.9488588588588587	0.9966469467922594
3.9497297297297296	0.9964658466812106
3.9506006006006005	0.9962750018188917
3.9514714714714714	0.9960738919071348
3.9523423423423423	0.9958619693169751
3.953213213213213	0.9956386577028598
3.954084084084084	0.99540335055216
3.954954954954955	0.9951554096676081
3.955825825825826	0.994894163580256
3.9566966966966968	0.9946189058905707
3.9575675675675672	0.9943288935352775
3.9584384384384386	0.9940233449776048
3.959309309309309	0.9937014383186284
3.96018018018018	0.9933623093274727
3.961051051051051	0.9930050493882279
3.9619219219219217	0.9926287033615495
3.9627927927927926	0.9922322673590543
3.9636636636636635	0.9918146864288003
3.9645345345345344	0.9913748521503584
3.9654054054054053	0.9909116001382314
3.966276276276276	0.9904237074526803
3.967147147147147	0.9899098899173621
3.968018018018018	0.9893687993436023
3.968888888888889	0.9887990206615759
3.96975975975976	0.9881990689592239
3.9706306306306307	0.9875673864303395
3.9715015015015016	0.9869023392339442
3.972372372372372	0.9862022142678805
3.973243243243243	0.985465215860404
3.974114114114114	0.9846894623845869
3.9749849849849848	0.9838729828014127
3.9758558558558557	0.9830137131387192
3.9767267267267266	0.9821094929144856
3.9775975975975975	0.9811580615145095
3.9784684684684684	0.9801570545361741
3.9793393393393393	0.9791040001118667
3.98021021021021	0.9779963152276393
3.981081081081081	0.976831302054893
3.981951951951952	0.9756061443153238
3.982822822822823	0.9743179037019443
3.9836936936936937	0.972963516381884
3.9845645645645646	0.9715397896096889
3.985435435435435	0.970043398483186
3.9863063063063064	0.9684708828774472
3.987177177177177	0.9668186445962259
3.988048048048048	0.9650829447841188
3.9889189189189187	0.9632599016470582
3.9897897897897896	0.9613454885330217
3.9906606606606605	0.9593355324295769
3.9915315315315314	0.9572257129396043
3.9924024024024023	0.9550115618014748
3.993273273273273	0.9526884630250144
3.994144144144144	0.9502516537196046
3.995015015015015	0.9476962256958922
3.995885885885886	0.9450171279274764
3.996756756756757	0.9422091699638262
3.9976276276276277	0.9392670263901185
3.998498498498498	0.9361852424339062
3.9993693693693695	0.9329582408220752
4.00024024024024	0.9295803299945393
4.001111111111111	0.9260457137831745
4.001981981981982	0.9223485026656494
4.002852852852853	0.9184827267035615
4.0037237237237235	0.9144423502728184
4.004594594594595	0.9102212886908131
4.005465465465465	0.9058134268398925
4.006336336336336	0.9012126398791374
4.007207207207207	0.8964128161267982
4.008078078078078	0.8914078821832576
4.008948948948949	0.8861918303489174
4.009819819819819	0.8807587483730775
4.010690690690691	0.8751028515478034
4.011561561561561	0.8692185171356055
4.0124324324324325	0.8631003210906045
4.013303303303303	0.8567430770004141
4.014174174174174	0.8501418771395396
4.015045045045045	0.843292135485583
4.015915915915916	0.8361896325063553
4.016786786786787	0.8288305614803778
4.017657657657658	0.8212115760647909
4.018528528528528	0.8133298387749476
4.019399399399399	0.8051830699887743
4.02027027027027	0.796769597038358
4.021141141141141	0.7880884029011054
4.022012012012012	0.7791391739554673
4.022882882882882	0.7699223462225386
4.023753753753754	0.7604391494760296
4.024624624624624	0.7506916485715779
4.025495495495496	0.7406827813225487
4.026366366366366	0.7304163922361717
4.027237237237237	0.7198972614212878
4.028108108108108	0.709131127989804
4.028978978978979	0.6981247072979262
4.02984984984985	0.6868857014128903
4.030720720720721	0.6754228022446165
4.031591591591591	0.6637456868525848
4.032462462462463	0.6518650045222211
4.033333333333333	0.6397923553057538
4.034204204204205	0.6275402598339335
4.035075075075075	0.6151221203301773
4.0359459459459455	0.6025521728904916
4.036816816816817	0.5898454312329844
4.037687687687687	0.5770176222624178
4.038558558558559	0.5640851139378918
4.039429429429429	0.5510648360704415
4.0403003003003	0.5379741948074697
4.041171171171171	0.524830981681846
4.042042042042042	0.5116532782074532
4.042912912912913	0.49845935709192374
4.043783783783784	0.48526758120333746
4.0446546546546545	0.4720963014741272
4.045525525525526	0.45896375494554187
4.046396396396396	0.4458879641544811
4.047267267267268	0.4328866390362804
4.048138138138138	0.4199770824674759
4.0490090090090085	0.40717610049961717
4.04987987987988	0.39449991824360714
4.05075075075075	0.3819641022550686
4.051621621621622	0.3695834901481024
4.052492492492492	0.35737212803270824
4.0533633633633634	0.3453432162302862
4.054234234234234	0.33350906358025667
4.055105105105105	0.3218810505075145
4.055975975975976	0.31046960088352493
4.056846846846847	0.2992841625816917
4.0577177177177175	0.28833319650694783
4.058588588588589	0.27762417376922854
4.059459459459459	0.26716358057469736
4.060330330330331	0.25695693032660194
4.061201201201201	0.24700878236170395
4.0620720720720715	0.23732276669703137
4.062942942942943	0.22790161412636106
4.063813813813813	0.21874719098475548
4.064684684684685	0.20986053789177012
4.065555555555555	0.20124191178961082
4.0664264264264265	0.19289083060784942
4.067297297297297	0.1848061199125191
4.068168168168168	0.17698596093050944
4.069039039039039	0.169427939380435
4.06990990990991	0.1621290945856275
4.0707807807807805	0.15508596839332675
4.071651651651652	0.14829465347407378
4.072522522522522	0.14175084062658777
4.073393393393394	0.13544986476394794
4.074264264264264	0.1293867493067754
4.075135135135135	0.12355624875661501
4.076006006006006	0.11795288926810699
4.076876876876877	0.11257100708070769
4.077747747747748	0.10740478470959067
4.078618618618618	0.10244828483081102
4.0794894894894895	0.09769548182767653
4.08036036036036	0.0931402909931952
4.081231231231231	0.08877659540814355
4.082102102102102	0.08459827053537444
4.082972972972973	0.0805992065886333
4.083843843843844	0.0767733287489711
4.084714714714715	0.0731146153135006
4.085585585585585	0.06961711387057223
4.086456456456457	0.06627495560211799
4.087327327327327	0.06308236781880555
4.088198198198198	0.06003368483625855
4.089069069069069	0.05712335730210032
4.08993993993994	0.05434596008318606
4.090810810810811	0.051696198821194216
4.091681681681681	0.04916891526235057
4.092552552552553	0.04675909146403906
4.093423423423423	0.04446185297718941
4.094294294294294	0.042272471099167645
4.095165165165165	0.0401863642872999
4.096036036036036	0.03819909881824576
4.096906906906907	0.03630638877354397
4.097777777777778	0.03450409542644348
4.098648648648648	0.03278822610024354
4.09951951951952	0.031154932563170715
4.10039039039039	0.029600509020114477
4.101261261261262	0.02812138975661042
4.102132132132132	0.026714146486059038
4.103003003003003	0.025375485446627474
4.103873873873874	0.02410224429027108
4.104744744744744	0.02289138880224697
4.105615615615616	0.021740009485873003
4.106486486486486	0.020645318043782255
4.107357357357357	0.019604643783650445
4.108228228228228	0.018615429973442472
4.109099099099099	0.017675230168329094
4.10996996996997	0.016781704528959895
4.110840840840841	0.015932616148305597
4.1117117117117115	0.015125827402212596
4.112582582582583	0.014359296336734469
4.113453453453453	0.013631073103585717
4.114324324324325	0.012939296453348171
4.115195195195195	0.012282190294631129
4.116066066066066	0.011658060326007004
4.116936936936937	0.011065290746366222
4.117807807807807	0.01050234104823041
4.118678678678679	0.009967742897613586
4.119549549549549	0.00946009710315623
4.1204204204204204	0.008978070676475717
4.121291291291291	0.00852039398503918
4.122162162162162	0.008085857998222217
4.123033033033033	0.007673311626745081
4.123903903903904	0.007281659155182397
4.1247747747747745	0.00690985776688139
4.125645645645646	0.006556915160263385
4.126516516516516	0.006221887255210551
4.127387387387388	0.005903875987981932
4.128258258258258	0.005602027192910676
4.129129129129129	0.005315528568953404
4.13	0.0050436077290364955
4.13087087087087	0.004785530330024458
4.131741741741742	0.004540598281059251
4.132612612612612	0.004308148027955483
4.1334834834834835	0.004087548911285726
4.134354354354354	0.0038782015957809046
4.135225225225225	0.0036795365686407805
4.136096096096096	0.003491012704367486
4.136966966966967	0.0033121158937370393
4.1378378378378375	0.0031423577345546182
4.138708708708709	0.002981274281863461
4.139579579579579	0.0028284248553214473
4.140450450450451	0.002683390901496965
4.141321321321321	0.0025457749088897714
4.1421921921921925	0.0024151993735293843
4.143063063063063	0.0022913058130640904
4.143933933933933	0.0021737538273061564
4.144804804804805	0.0020622202032638524
4.145675675675676	0.0019563980627466835
4.1465465465465465	0.00185599605069526
4.147417417417417	0.0017607375624466549
4.148288288288288	0.0016703600082115307
4.149159159159159	0.001584614113096655
4.15003003003003	0.0015032632510704011
4.150900900900901	0.001426082811329286
4.151771771771772	0.0013528595955808527
4.152642642642642	0.0012833912448193144
4.153513513513514	0.0012174856942243923
4.154384384384384	0.0011549606548731386
4.1552552552552555	0.0010956431210040346
4.156126126126126	0.001039368901631272
4.156996996996996	0.0009859821753520719
4.157867867867868	0.0009353350672453749
4.158738738738739	0.0008872872468038629
4.15960960960961	0.0008417055458902591
4.16048048048048	0.0007984635957522474
4.161351351351351	0.0007574414821751972
4.162222222222222	0.0007185254178915488
4.163093093093093	0.0006816074314069049
4.163963963963964	0.0006465850714420161
4.164834834834835	0.0006133611262245794
4.165705705705705	0.0005818433569034968
4.166576576576577	0.0005519442443887593
4.167447447447447	0.0005235807489562827
4.168318318318319	0.0004966740819849456
4.169189189189189	0.0004711494892262074
4.17006006006006	0.0004469360450323305
4.170930930930931	0.00042396645699940025
4.171801801801802	0.0004021768805051804
4.172672672672673	0.00038150674264865225
4.173543543543543	0.00036189857512078686
4.174414414414414	0.0003432978555596514
4.175285285285285	0.00032565285696458117
4.176156156156156	0.00030891450476433415
4.177027027027027	0.000293036241155283
4.177897897897898	0.00027797389634290847
4.1787687687687685	0.0002636855663396357
4.17963963963964	0.0002501314969875438
4.18051051051051	0.00023727397389238354
4.181381381381382	0.00022507721796960733
4.182252252252252	0.00021350728631894548
4.183123123123123	0.0002025319781575055
4.183993993993994	0.00019212074555531496
4.184864864864865	0.00018224460872960847
4.185735735735736	0.00017287607566672685
4.186606606606606	0.0001639890658517233
4.1874774774774774	0.00015555883789706776
4.188348348348348	0.0001475619208722607
4.189219219219219	0.00013997604914586488
4.19009009009009	0.00013278010056150656
4.190960960960961	0.00012595403777775424
4.1918318318318315	0.00011947885261089489
4.192702702702703	0.00011333651322738511
4.193573573573573	0.00010750991404076944
4.194444444444445	0.00010198282817497777
4.195315315315315	9.673986236311776e-05
4.196186186186186	9.176641415731069e-05
4.197057057057057	8.70486313316212e-05
4.197927927927928	8.257337336593722e-05
4.198798798798799	7.832817490452324e-05
4.199669669669669	7.430121108821272e-05
4.2005405405405405	7.048126466446579e-05
4.201411411411412	6.685769478434586e-05
4.202282282282282	6.342040740006292e-05
4.203153153153153	6.015982718116455e-05
4.204024024024024	5.706687087168775e-05
4.2048948948948945	5.4132922014417034e-05
4.205765765765766	5.1349806972252725e-05
4.206636636636636	4.870977218026957e-05
4.207507507507508	4.620546256536377e-05
4.208378378378378	4.382990107370159e-05
4.2092492492492495	4.157646924914569e-05
4.21012012012012	3.943888880882633e-05
4.210990990990991	3.7411204164685956e-05
4.211861861861862	3.548776584255149e-05
4.212732732732732	3.3663214752625364e-05
4.2136036036036035	3.19324672678052e-05
4.214474474474475	3.02907010683359e-05
4.215345345345345	2.8733341713504658e-05
4.216216216216216	2.7256049903053692e-05
4.217087087087087	2.5854709392951123e-05
4.217957957957958	2.4525415531905654e-05
4.218828828828829	2.326446438677524e-05
4.219699699699699	2.2068342426654627e-05
4.220570570570571	2.0933716736937176e-05
4.221441441441441	1.9857425736177723e-05
4.2223123123123125	1.8836470369895947e-05
4.223183183183183	1.7868005756883752e-05
4.224054054054054	1.6949333264727528e-05
4.224924924924925	1.607789299255199e-05
4.225795795795795	1.5251256640034159e-05
4.226666666666667	1.44671207428723e-05
4.227537537537538	1.3723300255881541e-05
4.228408408408408	1.301772246585136e-05
4.229279279279279	1.2348421217241888e-05
4.23015015015015	1.1713531434636141e-05
4.231021021021021	1.1111283926708129e-05
4.231891891891892	1.0540000457242621e-05
4.232762762762762	9.99808906948999e-06
4.233633633633634	9.484039650831139e-06
4.234504504504504	8.996419725417245e-06
4.235375375375376	8.53387046306098e-06
4.236246246246246	8.095102893273864e-06
4.237117117117117	7.678894313900304e-06
4.237987987987988	7.2840848843582925e-06
4.238858858858859	6.909574393992391e-06
4.23972972972973	6.554319196545663e-06
4.240600600600601	6.217329302204504e-06
4.241471471471471	5.897665619133909e-06
4.242342342342342	5.594437336801637e-06
4.243213213213213	5.306799443819117e-06
4.244084084084084	5.033950373377541e-06
4.244954954954955	4.775129769723413e-06
4.2458258258258255	4.52961636945363e-06
4.246696696696697	4.2967259917245035e-06
4.247567567567567	4.075809631781983e-06
4.248438438438439	3.866251652498086e-06
4.249309309309309	3.6674680688790316e-06
4.25018018018018	3.4789049207611725e-06
4.251051051051051	3.300036729170348e-06
4.251921921921922	3.1303650320334844e-06
4.252792792792793	2.9694169951730796e-06
4.253663663663664	2.8167440947064197e-06
4.2545345345345345	2.671920867187418e-06
4.255405405405405	2.5345437240000947e-06
4.256276276276276	2.404229826707578e-06
4.257147147147147	2.2806160202195326e-06
4.258018018018018	2.1633578208067474e-06
4.2588888888888885	2.052128456144041e-06
4.25975975975976	1.946617954704166e-06
4.26063063063063	1.8465322819705442e-06
4.261501501501502	1.751592521056011e-06
4.262372372372372	1.6615340954501017e-06
4.263243243243243	1.576106031724448e-06
4.264114114114114	1.4950702601467965e-06
4.264984984984985	1.4182009512498457e-06
4.265855855855856	1.3452838865108357e-06
4.266726726726727	1.2761158613844937e-06
4.2675975975975975	1.2105041190298563e-06
4.268468468468468	1.14826581314912e-06
4.269339339339339	1.0892274984444686e-06
4.270210210210211	1.033224647272668e-06
4.271081081081081	9.801011911491902e-07
4.2719519519519515	9.297090858256285e-07
4.272822822822823	8.819078987279468e-07
4.273693693693693	8.365644176065922e-07
4.274564564564565	7.935522793063629e-07
4.275435435435435	7.527516176236759e-07
4.2763063063063065	7.140487292678606e-07
4.277177177177177	6.77335756997844e-07
4.278048048048048	6.425103890490029e-07
4.278918918918919	6.094755740143787e-07
4.27978978978979	5.781392503847615e-07
4.2806606606606605	5.484140899944642e-07
4.281531531531531	5.202172546573463e-07
4.282402402402402	4.934701653153878e-07
4.283273273273274	4.6809828305658745e-07
4.284144144144144	4.4403090139128944e-07
4.285015015015015	4.2120094920869747e-07
4.285885885885886	3.9954480386423454e-07
4.286756756756756	3.790021138771798e-07
4.287627627627628	3.595156307437905e-07
4.288498498498498	3.4103104939803483e-07
4.2893693693693695	3.2349685687482355e-07
4.29024024024024	3.0686418875428727e-07
4.291111111111111	2.9108669298674564e-07
4.291981981981982	2.761204007192632e-07
4.292852852852853	2.619236037635204e-07
4.293723723723724	2.4845673836374106e-07
4.294594594594595	2.3568227494052047e-07
4.295465465465465	2.2356461350360572e-07
4.296336336336337	2.120699844419259e-07
4.297207207207207	2.0116635441457755e-07
4.298078078078078	1.9082333708023725e-07
4.298948948948949	1.8101210841663862e-07
4.299819819819819	1.7170532639376934e-07
4.300690690690691	1.6287705477703292e-07
4.301561561561561	1.545026908481596e-07
4.302432432432433	1.4655889684228554e-07
4.303303303303303	1.3902353491024553e-07
4.304174174174174	1.318756054246971e-07
4.305045045045045	1.2509518845831954e-07
4.305915915915916	1.1866338827086446e-07
4.306786786786787	1.1256228065045602e-07
4.307657657657658	1.0677486296223511e-07
4.308528528528528	1.0128500676541761e-07
4.3093993993994	9.607741286638625e-08
4.31027027027027	9.113756868286338e-08
4.311141141141141	8.645170780009142e-08
4.312012012012012	8.200677160654423e-08
4.3128828828828825	7.779037290208671e-08
4.313753753753754	7.379076137720987e-08
4.314624624624624	6.999679086719652e-08
4.315495495495496	6.639788828989153e-08
4.316366366366366	6.298402418056762e-08
4.317237237237237	5.974568474168642e-08
4.318108108108108	5.667384532981558e-08
4.318978978978979	5.3759945305628544e-08
4.31984984984985	5.0995864177069225e-08
4.320720720720721	4.837389896905157e-08
4.3215915915915915	4.588674275677639e-08
4.322462462462463	4.3527464302687256e-08
4.323333333333333	4.128948874045565e-08
4.324204204204204	3.9166579252049355e-08
4.325075075075075	3.715281968692667e-08
4.325945945945946	3.524259807484267e-08
4.326816816816817	3.3430590986340855e-08
4.327687687687687	3.171174869737189e-08
4.328558558558559	3.008128111666415e-08
4.329429429429429	2.8534644436653627e-08
4.3303003003003	2.706752847073226e-08
4.331171171171171	2.5675844641595205e-08
4.332042042042042	2.4355714587128294e-08
4.332912912912913	2.3103459352159532e-08
4.333783783783784	2.191558913588811e-08
4.3346546546546545	2.078879356648624e-08
4.335525525525526	1.9719932475702e-08
4.336396396396396	1.8706027147808365e-08
4.337267267267267	1.7744252018481922e-08
4.338138138138138	1.6831926800485884e-08
4.339009009009009	1.596650901421766e-08
4.33987987987988	1.5145586902290448e-08
4.34075075075075	1.4366872708422773e-08
4.341621621621622	1.3628196301889935e-08
4.342492492492492	1.292749912978128e-08
4.3433633633633635	1.2262828480191473e-08
4.344234234234234	1.163233204038969e-08
4.345105105105105	1.1034252734763638e-08
4.345975975975976	1.0466923828183292e-08
4.346846846846847	9.928764281121573e-09
4.3477177177177175	9.418274343596114e-09
4.348588588588589	8.934031375643903e-09
4.349459459459459	8.47468588269287e-09
4.35033033033033	8.038957754772973e-09
4.351201201201201	7.625632699089283e-09
4.3520720720720725	7.233558856017331e-09
4.352942942942943	6.8616435890835645e-09
4.353813813813813	6.5088504399940495e-09
4.354684684684685	6.1741962402189616e-09
4.355555555555555	5.856748371086075e-09
4.3564264264264265	5.555622164746925e-09
4.357297297297297	5.269978438774484e-09
4.358168168168168	4.999021157516963e-09
4.359039039039039	4.7419952136968285e-09
4.35990990990991	4.498184324067624e-09
4.360780780780781	4.266909033267704e-09
4.361651651651652	4.047524820303769e-09
4.362522522522522	3.8394203023925675e-09
4.363393393393394	3.6420155311510458e-09
4.364264264264264	3.4547603763897808e-09
4.3651351351351355	3.2771329930008464e-09
4.366006006006006	3.1086383666759773e-09
4.366876876876876	2.9488069343921417e-09
4.367747747747748	2.797193275828239e-09
4.368618618618618	2.6533748720618088e-09
4.36948948948949	2.5169509280876998e-09
4.37036036036036	2.3875412558779543e-09
4.371231231231231	2.2647852148680153e-09
4.372102102102102	2.1483407069195307e-09
4.372972972972973	2.037883222956568e-09
4.373843843843844	1.9331049386200973e-09
4.374714714714715	1.8337138564178146e-09
4.375585585585585	1.7394329919833272e-09
4.376456456456457	1.649999602171211e-09
4.377327327327327	1.5651644528420215e-09
4.3781981981981986	1.4846911242922263e-09
4.379069069069069	1.4083553523979818e-09
4.3799399399399395	1.335944403631971e-09
4.380810810810811	1.2672564822152874e-09
4.381681681681681	1.2021001677502453e-09
4.382552552552553	1.1402938817674589e-09
4.383423423423423	1.0816653817009248e-09
4.384294294294294	1.026051280879491e-09
4.385165165165165	9.732965931996354e-10
4.386036036036036	9.232543012074402e-10
4.386906906906907	8.757849463890035e-10
4.387777777777778	8.307562405250015e-10
4.3886486486486485	7.880426970288713e-10
4.38951951951952	7.475252812385571e-10
4.39039039039039	7.090910786896247e-10
4.391261261261262	6.726329804432438e-10
4.392132132132132	6.380493845941808e-10
4.3930030030030025	6.052439131248685e-10
4.393873873873874	5.741251433179189e-10
4.394744744744745	5.446063529783722e-10
4.395615615615616	5.166052787549343e-10
4.396486486486486	4.900438868874026e-10
4.397357357357357	4.6484815574111966e-10
4.398228228228228	4.4094786952276e-10
4.399099099099099	4.1827642260173785e-10
4.39996996996997	3.967706338930231e-10
4.400840840840841	3.7637057078298096e-10
4.4017117117117115	3.5701938210870507e-10
4.402582582582583	3.3866313972420307e-10
4.403453453453453	3.2125068821284684e-10
4.404324324324325	3.047335023267487e-10
4.405195195195195	2.890655517560364e-10
4.4060660660660655	2.74203172850892e-10
4.406936936936937	2.6010494693911615e-10
4.407807807807808	2.467315849001537e-10
4.408678678678679	2.340458176735599e-10
4.409549549549549	2.220122923970992e-10
4.4104204204204205	2.1059747388490584e-10
4.411291291291291	1.9976955117130076e-10
4.412162162162162	1.8949834885944972e-10
4.413033033033033	1.7975524302823574e-10
4.413903903903904	1.7051308146271887e-10
4.4147747747747745	1.617461079860275e-10
4.415645645645646	1.534298906816479e-10
4.416516516516516	1.4554125380627976e-10
4.417387387387388	1.3805821320335337e-10
4.418258258258258	1.3095991503732618e-10
4.4191291291291295	1.2422657767789258e-10
4.42	1.1783943657231025e-10
