3.55	1.0
3.5508708708708707	1.0
3.5517417417417416	1.0
3.5526126126126125	1.0
3.5534834834834834	1.0
3.5543543543543543	1.0
3.555225225225225	1.0
3.556096096096096	1.0
3.5569669669669666	1.0
3.5578378378378375	1.0
3.5587087087087084	1.0
3.5595795795795793	1.0
3.56045045045045	1.0
3.561321321321321	1.0
3.562192192192192	1.0
3.563063063063063	1.0
3.5639339339339338	1.0
3.5648048048048047	1.0
3.5656756756756756	1.0
3.5665465465465465	1.0
3.5674174174174174	1.0
3.5682882882882883	1.0
3.569159159159159	1.0
3.57003003003003	1.0
3.5709009009009005	1.0
3.5717717717717714	1.0
3.5726426426426423	1.0
3.573513513513513	1.0
3.574384384384384	1.0
3.575255255255255	1.0
3.576126126126126	1.0
3.576996996996997	1.0
3.5778678678678677	1.0
3.5787387387387386	1.0
3.5796096096096095	1.0
3.5804804804804804	1.0
3.5813513513513513	1.0
3.582222222222222	1.0
3.583093093093093	1.0
3.583963963963964	1.0
3.5848348348348344	1.0
3.5857057057057053	1.0
3.5865765765765762	1.0
3.587447447447447	1.0
3.588318318318318	1.0
3.589189189189189	1.0
3.59006006006006	1.0
3.5909309309309307	1.0
3.5918018018018016	1.0
3.5926726726726725	1.0
3.5935435435435434	1.0
3.5944144144144143	1.0
3.5952852852852852	1.0
3.596156156156156	1.0
3.597027027027027	1.0
3.597897897897898	1.0
3.5987687687687684	1.0
3.5996396396396393	1.0
3.60051051051051	1.0
3.601381381381381	1.0
3.602252252252252	1.0
3.603123123123123	1.0
3.603993993993994	1.0
3.6048648648648647	1.0
3.6057357357357356	1.0
3.6066066066066065	1.0
3.6074774774774774	1.0
3.6083483483483483	1.0
3.609219219219219	1.0
3.61009009009009	1.0
3.610960960960961	1.0
3.611831831831832	1.0
3.6127027027027023	1.0
3.6135735735735732	1.0
3.614444444444444	1.0
3.615315315315315	1.0
3.616186186186186	1.0
3.617057057057057	1.0
3.6179279279279277	1.0
3.6187987987987986	1.0
3.6196696696696695	1.0
3.6205405405405404	1.0
3.6214114114114113	1.0
3.622282282282282	1.0
3.623153153153153	1.0
3.624024024024024	1.0
3.624894894894895	1.0
3.625765765765766	1.0
3.6266366366366363	1.0
3.627507507507507	1.0
3.628378378378378	1.0
3.629249249249249	1.0
3.63012012012012	1.0
3.6309909909909908	1.0
3.6318618618618617	1.0
3.6327327327327326	1.0
3.6336036036036035	1.0
3.6344744744744744	1.0
3.6353453453453453	1.0
3.636216216216216	1.0
3.637087087087087	1.0
3.637957957957958	1.0
3.638828828828829	1.0
3.6396996996996993	1.0
3.64057057057057	1.0
3.641441441441441	1.0
3.642312312312312	1.0
3.643183183183183	1.0
3.644054054054054	1.0
3.6449249249249247	1.0
3.6457957957957956	1.0
3.6466666666666665	1.0
3.6475375375375374	1.0
3.6484084084084083	1.0
3.649279279279279	1.0
3.65015015015015	1.0
3.651021021021021	1.0
3.651891891891892	1.0
3.652762762762763	1.0
3.6536336336336337	1.0
3.654504504504504	1.0
3.655375375375375	1.0
3.656246246246246	1.0
3.657117117117117	1.0
3.6579879879879877	1.0
3.6588588588588586	1.0
3.6597297297297295	1.0
3.6606006006006004	1.0
3.6614714714714713	1.0
3.6623423423423422	1.0
3.663213213213213	1.0
3.664084084084084	1.0
3.664954954954955	1.0
3.665825825825826	1.0
3.6666966966966967	1.0
3.667567567567567	1.0
3.668438438438438	1.0
3.669309309309309	1.0
3.67018018018018	1.0
3.671051051051051	1.0
3.6719219219219217	1.0
3.6727927927927926	1.0
3.6736636636636635	1.0
3.6745345345345344	1.0
3.6754054054054053	1.0
3.676276276276276	1.0
3.677147147147147	1.0
3.678018018018018	1.0
3.678888888888889	1.0
3.6797597597597598	1.0
3.6806306306306307	1.0
3.6815015015015016	1.0
3.682372372372372	1.0
3.683243243243243	1.0
3.684114114114114	1.0
3.6849849849849847	1.0
3.6858558558558556	1.0
3.6867267267267265	1.0
3.6875975975975974	1.0
3.6884684684684683	1.0
3.689339339339339	1.0
3.69021021021021	1.0
3.691081081081081	1.0
3.691951951951952	1.0
3.692822822822823	1.0
3.6936936936936937	1.0
3.6945645645645646	1.0
3.695435435435435	1.0
3.696306306306306	1.0
3.697177177177177	1.0
3.6980480480480478	1.0
3.6989189189189187	1.0
3.6997897897897896	1.0
3.7006606606606605	1.0
3.7015315315315314	1.0
3.7024024024024023	1.0
3.703273273273273	1.0
3.704144144144144	1.0
3.705015015015015	1.0
3.705885885885886	1.0
3.7067567567567568	1.0
3.7076276276276277	1.0
3.7084984984984986	1.0
3.7093693693693695	1.0
3.71024024024024	0.9999999999999998
3.711111111111111	0.9999999999999998
3.7119819819819817	0.9999999999999998
3.7128528528528526	0.9999999999999998
3.7137237237237235	0.9999999999999998
3.7145945945945944	0.9999999999999998
3.7154654654654653	0.9999999999999998
3.716336336336336	0.9999999999999998
3.717207207207207	0.9999999999999998
3.718078078078078	0.9999999999999998
3.718948948948949	0.9999999999999998
3.71981981981982	0.9999999999999998
3.7206906906906907	0.9999999999999996
3.7215615615615616	0.9999999999999996
3.7224324324324325	0.9999999999999996
3.723303303303303	0.9999999999999996
3.724174174174174	0.9999999999999996
3.7250450450450447	0.9999999999999996
3.7259159159159156	0.9999999999999993
3.7267867867867865	0.9999999999999993
3.7276576576576574	0.9999999999999993
3.7285285285285283	0.9999999999999991
3.7293993993993992	0.9999999999999991
3.73027027027027	0.9999999999999991
3.731141141141141	0.9999999999999989
3.732012012012012	0.9999999999999989
3.732882882882883	0.9999999999999987
3.7337537537537537	0.9999999999999987
3.7346246246246246	0.9999999999999984
3.7354954954954955	0.9999999999999984
3.736366366366366	0.9999999999999982
3.737237237237237	0.999999999999998
3.738108108108108	0.9999999999999978
3.7389789789789787	0.9999999999999976
3.7398498498498496	0.9999999999999973
3.7407207207207205	0.9999999999999971
3.7415915915915914	0.9999999999999969
3.7424624624624623	0.9999999999999967
3.743333333333333	0.9999999999999962
3.744204204204204	0.999999999999996
3.745075075075075	0.9999999999999956
3.745945945945946	0.9999999999999951
3.7468168168168168	0.9999999999999947
3.7476876876876877	0.9999999999999942
3.7485585585585586	0.9999999999999936
3.7494294294294295	0.9999999999999931
3.7503003003003004	0.9999999999999925
3.751171171171171	0.9999999999999916
3.7520420420420417	0.9999999999999909
3.7529129129129126	0.99999999999999
3.7537837837837835	0.9999999999999889
3.7546546546546544	0.999999999999988
3.7555255255255253	0.9999999999999869
3.756396396396396	0.9999999999999856
3.757267267267267	0.9999999999999842
3.758138138138138	0.9999999999999827
3.759009009009009	0.9999999999999811
3.75987987987988	0.9999999999999793
3.7607507507507507	0.9999999999999774
3.7616216216216216	0.9999999999999751
3.7624924924924925	0.9999999999999727
3.7633633633633634	0.9999999999999702
3.764234234234234	0.9999999999999674
3.7651051051051048	0.9999999999999643
3.7659759759759757	0.9999999999999609
3.7668468468468466	0.9999999999999571
3.7677177177177175	0.9999999999999531
3.7685885885885884	0.9999999999999487
3.7694594594594593	0.9999999999999438
3.77033033033033	0.9999999999999385
3.771201201201201	0.9999999999999325
3.772072072072072	0.9999999999999263
3.772942942942943	0.9999999999999192
3.7738138138138138	0.9999999999999116
3.7746846846846847	0.9999999999999032
3.7755555555555556	0.9999999999998939
3.7764264264264265	0.9999999999998839
3.7772972972972974	0.9999999999998728
3.7781681681681683	0.9999999999998608
3.7790390390390387	0.9999999999998477
3.7799099099099096	0.9999999999998332
3.7807807807807805	0.9999999999998173
3.7816516516516514	0.9999999999997999
3.7825225225225223	0.9999999999997811
3.783393393393393	0.9999999999997602
3.784264264264264	0.9999999999997375
3.785135135135135	0.9999999999997127
3.786006006006006	0.9999999999996854
3.786876876876877	0.9999999999996554
3.7877477477477477	0.9999999999996227
3.7886186186186186	0.999999999999587
3.7894894894894895	0.9999999999995479
3.7903603603603604	0.9999999999995048
3.7912312312312313	0.999999999999458
3.7921021021021017	0.9999999999994065
3.7929729729729726	0.9999999999993503
3.7938438438438435	0.9999999999992886
3.7947147147147144	0.9999999999992211
3.7955855855855853	0.9999999999991471
3.7964564564564562	0.9999999999990663
3.797327327327327	0.9999999999989777
3.798198198198198	0.9999999999988807
3.799069069069069	0.9999999999987745
3.79993993993994	0.9999999999986584
3.8008108108108107	0.999999999998531
3.8016816816816816	0.9999999999983917
3.8025525525525525	0.9999999999982392
3.8034234234234234	0.999999999998072
3.8042942942942943	0.9999999999978892
3.805165165165165	0.999999999997689
3.806036036036036	0.9999999999974696
3.8069069069069066	0.9999999999972295
3.8077777777777775	0.9999999999969669
3.8086486486486484	0.9999999999966791
3.8095195195195193	0.999999999996364
3.81039039039039	0.999999999996019
3.811261261261261	0.9999999999956413
3.812132132132132	0.9999999999952278
3.813003003003003	0.9999999999947751
3.8138738738738738	0.9999999999942795
3.8147447447447447	0.9999999999937368
3.8156156156156156	0.9999999999931426
3.8164864864864865	0.999999999992492
3.8173573573573574	0.9999999999917797
3.8182282282282283	0.9999999999909999
3.819099099099099	0.9999999999901459
3.8199699699699696	0.9999999999892111
3.8208408408408405	0.9999999999881874
3.8217117117117114	0.9999999999870668
3.8225825825825823	0.99999999998584
3.823453453453453	0.9999999999844966
3.824324324324324	0.9999999999830258
3.825195195195195	0.9999999999814153
3.826066066066066	0.9999999999796523
3.826936936936937	0.9999999999777218
3.8278078078078077	0.9999999999756084
3.8286786786786786	0.9999999999732943
3.8295495495495495	0.9999999999707607
3.8304204204204204	0.9999999999679869
3.8312912912912913	0.9999999999649498
3.832162162162162	0.9999999999616247
3.8330330330330327	0.9999999999579838
3.833903903903904	0.9999999999539979
3.8347747747747745	0.9999999999496336
3.8356456456456454	0.9999999999448554
3.8365165165165163	0.9999999999396239
3.837387387387387	0.999999999933896
3.838258258258258	0.9999999999276248
3.839129129129129	0.9999999999207585
3.84	0.999999999913241
3.8408708708708708	0.99999999990501
3.8417417417417417	0.9999999998959983
3.8426126126126126	0.9999999998861318
3.8434834834834835	0.9999999998753291
3.8443543543543544	0.9999999998635016
3.8452252252252253	0.999999999850552
3.846096096096096	0.999999999836374
3.846966966966967	0.9999999998208509
3.8478378378378375	0.9999999998038549
3.8487087087087084	0.9999999997852467
3.8495795795795793	0.999999999764873
3.85045045045045	0.9999999997425666
3.851321321321321	0.9999999997181439
3.852192192192192	0.9999999996914044
3.853063063063063	0.9999999996621278
3.853933933933934	0.9999999996300741
3.8548048048048047	0.9999999995949793
3.8556756756756756	0.9999999995565549
3.8565465465465465	0.9999999995144855
3.8574174174174174	0.9999999994684248
3.8582882882882883	0.9999999994179944
3.859159159159159	0.9999999993627797
3.86003003003003	0.9999999993023267
3.8609009009009005	0.9999999992361386
3.861771771771772	0.9999999991636712
3.8626426426426423	0.9999999990843289
3.8635135135135132	0.9999999989974593
3.864384384384384	0.9999999989023485
3.865255255255255	0.9999999987982147
3.866126126126126	0.9999999986842014
3.866996996996997	0.9999999985593719
3.8678678678678677	0.9999999984226997
3.8687387387387386	0.9999999982730616
3.8696096096096095	0.9999999981092274
3.8704804804804804	0.9999999979298502
3.8713513513513513	0.9999999977334555
3.8722222222222222	0.9999999975184288
3.873093093093093	0.9999999972830027
3.873963963963964	0.9999999970252418
3.874834834834835	0.9999999967430271
3.8757057057057054	0.9999999964340387
3.8765765765765763	0.9999999960957366
3.877447447447447	0.99999999572534
3.878318318318318	0.9999999953198038
3.879189189189189	0.9999999948757947
3.88006006006006	0.9999999943896623
3.8809309309309308	0.9999999938574107
3.8818018018018017	0.9999999932746646
3.8826726726726726	0.9999999926366334
3.8835435435435435	0.9999999919380723
3.8844144144144144	0.999999991173239
3.8852852852852853	0.999999990335846
3.886156156156156	0.9999999894190096
3.887027027027027	0.9999999884151932
3.887897897897898	0.999999987316145
3.8887687687687684	0.9999999861128304
3.8896396396396393	0.9999999847953576
3.8905105105105102	0.9999999833528961
3.891381381381381	0.9999999817735888
3.892252252252252	0.9999999800444532
3.893123123123123	0.9999999781512745
3.893993993993994	0.9999999760784904
3.8948648648648647	0.9999999738090619
3.8957357357357356	0.9999999713243329
3.8966066066066065	0.9999999686038786
3.8974774774774774	0.999999965625335
3.8983483483483483	0.9999999623642178
3.899219219219219	0.9999999587937191
3.90009009009009	0.9999999548844878
3.900960960960961	0.9999999506043886
3.9018318318318315	0.9999999459182374
3.902702702702703	0.9999999407875122
3.9035735735735733	0.9999999351700359
3.904444444444444	0.999999929019631
3.905315315315315	0.9999999222857385
3.906186186186186	0.9999999149130033
3.907057057057057	0.9999999068408181
3.9079279279279278	0.9999998980028266
3.9087987987987987	0.999999888326377
3.9096696696696696	0.9999998777319247
3.9105405405405405	0.9999998661323791
3.9114114114114114	0.9999998534323872
3.9122822822822823	0.9999998395275502
3.913153153153153	0.9999998243035648
3.914024024024024	0.9999998076352833
3.914894894894895	0.9999997893856862
3.915765765765766	0.9999997694047541
3.9166366366366363	0.9999997475282363
3.917507507507507	0.9999997235762987
3.918378378378378	0.999999697352047
3.919249249249249	0.9999996686399076
3.92012012012012	0.9999996372038553
3.920990990990991	0.9999996027854735
3.9218618618618617	0.9999995651018296
3.9227327327327326	0.9999995238431494
3.9236036036036035	0.9999994786702706
3.9244744744744744	0.9999994292118549
3.9253453453453453	0.999999375061335
3.926216216216216	0.999999315773573
3.927087087087087	0.9999992508612016
3.927957957957958	0.9999991797906163
3.928828828828829	0.9999991019775909
3.9296996996996993	0.9999990167824736
3.9305705705705707	0.99999892350493
3.931441441441441	0.9999988213781847
3.932312312312312	0.9999987095627204
3.933183183183183	0.9999985871393744
3.934054054054054	0.9999984531017853
3.9349249249249247	0.9999983063481189
3.9357957957957956	0.999998145672012
3.9366666666666665	0.9999979697526548
3.9375375375375374	0.9999977771439356
3.9384084084084083	0.999997566262552
3.9392792792792792	0.9999973353749968
3.94015015015015	0.9999970825833092
3.941021021021021	0.9999968058094729
3.941891891891892	0.9999965027783354
3.942762762762763	0.999996170998907
3.9436336336336337	0.9999958077438851
3.944504504504504	0.9999954100272367
3.945375375375375	0.9999949745796547
3.946246246246246	0.9999944978216849
3.947117117117117	0.9999939758343064
3.947987987987988	0.9999934043267176
3.9488588588588587	0.9999927786010707
3.9497297297297296	0.9999920935138588
3.9506006006006005	0.9999913434336406
3.9514714714714714	0.999990522194757
3.9523423423423423	0.999989623046657
3.953213213213213	0.999988638598416
3.954084084084084	0.999987560757996
3.954954954954955	0.9999863806657422
3.955825825825826	0.9999850886215732
3.9566966966966968	0.9999836740052693
3.9575675675675672	0.9999821251891982
3.9584384384384386	0.9999804294427673
3.959309309309309	0.9999785728278173
3.96018018018018	0.9999765400840958
3.961051051051051	0.9999743145038739
3.9619219219219217	0.9999718777946758
3.9627927927927926	0.9999692099289965
3.9636636636636635	0.9999662889797755
3.9645345345345344	0.9999630909402727
3.9654054054054053	0.9999595895268798
3.966276276276276	0.9999557559632402
3.967147147147147	0.9999515587439164
3.968018018018018	0.9999469633756672
3.968888888888889	0.9999419320942162
3.96975975975976	0.9999364235541934
3.9706306306306307	0.9999303924897142
3.9715015015015016	0.9999237893428224
3.972372372372372	0.9999165598567568
3.973243243243243	0.9999086446307218
3.974114114114114	0.9998999786325312
3.9749849849849848	0.9998904906651405
3.9758558558558557	0.9998801027827309
3.9767267267267266	0.9998687296515807
3.9775975975975975	0.9998562778505271
3.9784684684684684	0.9998426451053332
3.9793393393393393	0.9998277194507372
3.98021021021021	0.9998113783133961
3.981081081081081	0.9997934875082856
3.981951951951952	0.9997739001404451
3.982822822822823	0.9997524554031931
3.9836936936936937	0.9997289772631279
3.9845645645645646	0.9997032730213227
3.985435435435435	0.9996751317391674
3.9863063063063064	0.9996443225162372
3.987177177177177	0.999610592606422
3.988048048048048	0.9995736653572992
3.9889189189189187	0.9995332379563675
3.9897897897897896	0.9994889789662889
3.9906606606606605	0.999440525629676
3.9915315315315314	0.9993874809222345
3.9924024024024023	0.9993294103311876
3.993273273273273	0.9992658383338753
3.994144144144144	0.9991962445492406
3.995015015015015	0.9991200595325371
3.995885885885886	0.9990366601810611
3.996756756756757	0.9989453647159748
3.9976276276276277	0.998845427202364
3.998498498498498	0.9987360315665406
3.9993693693693695	0.9986162850662731
4.00024024024024	0.9984852111660796
4.001111111111111	0.9983417417659657
4.001981981981982	0.9981847087280488
4.002852852852853	0.9980128346413472
4.0037237237237235	0.9978247227607131
4.004594594594595	0.9976188460513955
4.005465465465465	0.9973935352661559
4.006336336336336	0.997146965977177
4.007207207207207	0.996877144480366
4.008078078078078	0.9965818924850472
4.008948948948949	0.9962588304976229
4.009819819819819	0.9959053598036809
4.010690690690691	0.9955186429493577
4.011561561561561	0.9950955826197976
4.0124324324324325	0.9946327988104359
4.013303303303303	0.9941266041859697
4.014174174174174	0.9935729775225074
4.015045045045045	0.992967535131062
4.015915915915916	0.9923055001656307
4.016786786786787	0.9915816697273707
4.017657657657658	0.9907903796883406
4.018528528528528	0.9899254671749813
4.019399399399399	0.9889802306737169
4.02027027027027	0.9879473877500875
4.021141141141141	0.9868190304097934
4.022012012012012	0.9855865781764919
4.022882882882882	0.9842407290188186
4.023753753753754	0.982771408329558
4.024624624624624	0.9811677162454475
4.025495495495496	0.9794178736985789
4.026366366366366	0.9775091677124462
4.027237237237237	0.9754278965992697
4.028108108108108	0.9731593158831476
4.028978978978979	0.9706875859674565
4.02984984984985	0.9679957227872286
4.030720720720721	0.9650655529386497
4.031591591591591	0.9618776750595732
4.032462462462463	0.9584114295455706
4.033333333333333	0.9546448790241004
4.034204204204205	0.9505548023694705
4.035075075075075	0.9461167054171383
4.0359459459459455	0.9413048519157657
4.036816816816817	0.9360923186254386
4.037687687687687	0.9304510788096841
4.038558558558559	0.9243521186522716
4.039429429429429	0.9177655913255461
4.0403003003003	0.9106610135058355
4.041171171171171	0.9030075090299673
4.042042042042042	0.8947741040628221
4.042912912912913	0.8859300775467103
4.043783783783784	0.8764453697712922
4.0446546546546545	0.8662910505871431
4.045525525525526	0.855439847039656
4.046396396396396	0.8438667279959533
4.047267267267268	0.8315495406668575
4.048138138138138	0.8184696908184645
4.0490090090090085	0.8046128549885776
4.04987987987988	0.7899697092943128
4.05075075075075	0.7745366556101254
4.051621621621622	0.7583165222440091
4.052492492492492	0.741319213028572
4.0533633633633634	0.7235622762950168
4.054234234234234	0.7050713638587977
4.055105105105105	0.6858805502418946
4.055975975975976	0.6660324841747152
4.056846846846847	0.6455783481445282
4.0577177177177175	0.6245776074496316
4.058588588588589	0.6030975377634437
4.059459459459459	0.5812125293207261
4.060330330330331	0.5590031760211579
4.061201201201201	0.5365551683673202
4.0620720720720715	0.5139580194535173
4.062942942942943	0.4913036624093211
4.063813813813813	0.4686849650175231
4.064684684684685	0.44619421204722753
4.065555555555555	0.42392160774495813
4.0664264264264265	0.4019538497366199
4.067297297297297	0.38037282142311535
4.068168168168168	0.35925444316415556
4.069039039039039	0.3386677137310006
4.06990990990991	0.31867396339428095
4.0707807807807805	0.2993263293986696
4.071651651651652	0.28066945422627876
4.072522522522522	0.2627393976459204
4.073393393393394	0.24556374560147434
4.074264264264264	0.22916189285577035
4.075135135135135	0.21354547212238498
4.076006006006006	0.19871890017162572
4.076876876876877	0.18468001092137967
4.077747747747748	0.17142074655901035
4.078618618618618	0.15892787996101324
4.0794894894894895	0.14718374474193227
4.08036036036036	0.13616695283979804
4.081231231231231	0.12585308333907924
4.082102102102102	0.11621532999719852
4.082972972972973	0.10722509849009182
4.083843843843844	0.09885254759443321
4.084714714714715	0.09106707129962259
4.085585585585585	0.0838377211559448
4.086456456456457	0.07713357001573636
4.087327327327327	0.07092401973699719
4.088198198198198	0.06517905643497081
4.089069069069069	0.059869457539430515
4.08993993993994	0.05496695529781663
4.090810810810811	0.05044436151343728
4.091681681681681	0.04627565827409944
4.092552552552553	0.04243605925690432
4.093423423423423	0.038902045928674016
4.094294294294294	0.035651382632761665
4.095165165165165	0.03266311418825678
4.096036036036036	0.02991754924838882
4.096906906906907	0.0273962322871677
4.097777777777778	0.025081906718649093
4.098648648648648	0.022958471309665926
4.09951951951952	0.021010931729479845
4.10039039039039	0.01922534879133483
4.101261261261262	0.017588784682349305
4.102132132132132	0.016089248249292303
4.103003003003003	0.014715640207382698
4.103873873873874	0.013457698965561229
4.104744744744744	0.012305947612587933
4.105615615615616	0.011251642481500422
4.106486486486486	0.010286723603110769
4.107357357357357	0.009403767269926998
4.108228228228228	0.008595940858136628
4.109099099099099	0.0078569599947935
4.10996996996997	0.007181048108524771
4.110840840840841	0.006562898362946142
4.1117117117117115	0.005997637941310732
4.112582582582583	0.005480794627145344
4.113453453453453	0.0050082656078181305
4.114324324324325	0.004576288414920385
4.115195195195195	0.004181413906359722
4.116066066066066	0.003820481189238444
4.116936936936937	0.0034905943794599752
4.117807807807807	0.0031891010929015447
4.118678678678679	0.002913572563572727
4.119549549549549	0.0026617852860156407
4.1204204204204204	0.0024317040819972465
4.121291291291291	0.0022214664950769673
4.122162162162162	0.0020293684206345677
4.123033033033033	0.0018538508833208457
4.123903903903904	0.001693487878436326
4.1247747747747745	0.0015469751984140722
4.125645645645646	0.0014131201702320838
4.126516516516516	0.0012908322342022314
4.127387387387388	0.0011791142990717834
4.128258258258258	0.0010770548127426844
4.129129129129129	0.0009838204920906539
4.13	0.0008986496593739658
4.13087087087087	0.0008208461365111329
4.131741741741742	0.0007497736521051611
4.132612612612612	0.0006848507194703697
4.1334834834834835	0.0006255459470943243
4.134354354354354	0.000571373745942959
4.135225225225225	0.0005218904007879533
4.136096096096096	0.0004766904753260073
4.136966966966967	0.0004354035232590294
4.1378378378378375	0.0003976910797395109
4.138708708708709	0.00036324390964891616
4.139579579579579	0.00033177949109343435
4.140450450450451	0.0003030397142662185
4.141321321321321	0.0002767887774602561
4.1421921921921925	0.0002528112635185036
4.143063063063063	0.00023091038139717832
4.143933933933933	0.0002109063587926693
4.144804804804805	0.0001926349729589453
4.145675675675676	0.00017594620792100795
4.1465465465465465	0.00016070302728246507
4.147417417417417	0.00014678025273656947
4.148288288288288	0.00013406353922628764
4.149159159159159	0.00012244843846607274
4.15003003003003	0.00011183954324158847
4.150900900900901	0.0001021497055491975
4.151771771771772	9.329932222735981e-05
4.152642642642642	8.521568227456069e-05
4.153513513513514	7.783237054362516e-05
4.154384384384384	7.108872295726164e-05
4.1552552552552555	6.49293288048364e-05
4.156126126126126	5.930357606162754e-05
4.156996996996996	5.416523601955548e-05
4.157867867867868	4.947208383755669e-05
4.158738738738739	4.5185551911013793e-05
4.15960960960961	4.127041322642637e-05
4.16048048048048	3.76944921114447e-05
4.161351351351351	3.44284000134114e-05
4.162222222222222	3.144529414346127e-05
4.163093093093093	2.872065700967388e-05
4.163963963963964	2.6232095033367557e-05
4.164834834834835	2.3959154598235173e-05
4.165705705705705	2.188315402467936e-05
4.166576576576577	1.9987030091676343e-05
4.167447447447447	1.825519784766864e-05
4.168318318318319	1.6673422560544784e-05
4.169189189189189	1.5228702756289777e-05
4.17006006006006	1.3909163386543546e-05
4.170930930930931	1.2703958248407783e-05
4.171801801801802	1.1603180855530644e-05
4.172672672672673	1.0597783028878428e-05
4.173543543543543	9.679500538790371e-06
4.174414414414414	8.840785187818774e-06
4.175285285285285	8.074742776630117e-06
4.176156156156156	7.375076443513471e-06
4.177027027027027	6.736034912165371e-06
4.177897897897898	6.15236522264499e-06
4.1787687687687685	5.619269557247123e-06
4.17963963963964	5.132365806600236e-06
4.18051051051051	4.687651552052319e-06
4.181381381381382	4.281471168411867e-06
4.182252252252252	3.910485776775333e-06
4.183123123123123	3.57164580054019e-06
4.183993993993994	3.262165899117076e-06
4.184864864864865	2.979502073352406e-06
4.185735735735736	2.7213307545404575e-06
4.186606606606606	2.485529705172563e-06
4.1874774774774774	2.270160574476594e-06
4.188348348348348	2.0734529653813525e-06
4.189219219219219	1.8937898819607526e-06
4.19009009009009	1.7296944377636696e-06
4.190960960960961	1.5798177157817929e-06
4.1918318318318315	1.4429276802858675e-06
4.192702702702703	1.317899049390391e-06
4.193573573573573	1.2037040451144955e-06
4.194444444444445	1.0994039449062858e-06
4.195315315315315	1.004141365195043e-06
4.196186186186186	9.171332135420369e-07
4.197057057057057	8.376642514644173e-07
4.197927927927928	7.650812150174813e-07
4.198798798798799	6.987874448121103e-07
4.199669669669669	6.382379813245178e-07
4.2005405405405405	5.829350851853054e-07
4.201411411411412	5.324241456242096e-07
4.202282282282282	4.862899434383686e-07
4.203153153153153	4.441532377663423e-07
4.204024024024024	4.0566764861145106e-07
4.2048948948948945	3.705168094885054e-07
4.205765765765766	3.3841176678813713e-07
4.206636636636636	3.0908860448245386e-07
4.207507507507508	2.8230627464549604e-07
4.208378378378378	2.578446159563972e-07
4.2092492492492495	2.355025438958544e-07
4.21012012012012	2.1509639776009372e-07
4.210990990990991	1.964584309034727e-07
4.211861861861862	1.794354318000967e-07
4.212732732732732	1.6388746458844118e-07
4.2136036036036035	1.496867187466367e-07
4.214474474474475	1.367164584419553e-07
4.215345345345345	1.248700629181665e-07
4.216216216216216	1.1405015003223267e-07
4.217087087087087	1.0416777573584005e-07
4.217957957957958	9.514170292098635e-08
4.218828828828829	8.689773361946946e-08
4.219699699699699	7.936809906668729e-08
4.220570570570571	7.249090261587938e-08
4.221441441441441	6.620961092338153e-08
4.2223123123123125	6.047258922223538e-08
4.223183183183183	5.523267686402177e-08
4.224054054054054	5.044679963956783e-08
4.224924924924925	4.6075615691865274e-08
4.225795795795795	4.208319211027028e-08
4.226666666666667	3.8436709547647496e-08
4.227537537537538	3.510619243217486e-08
4.228408408408408	3.206426255612702e-08
4.229279279279279	2.928591401598221e-08
4.23015015015015	2.674830765384747e-08
4.231021021021021	2.443058331036214e-08
4.231891891891892	2.2313688345768233e-08
4.232762762762762	2.0380221019510473e-08
4.233633633633634	1.8614287440887474e-08
4.234504504504504	1.7001370914832436e-08
4.235375375375376	1.5528212608794485e-08
4.236246246246246	1.4182702559755385e-08
4.237117117117117	1.2953780125416277e-08
4.237987987987988	1.18313430612237e-08
4.238858858858859	1.0806164475811922e-08
4.23972972972973	9.869816982202253e-09
4.240600600600601	9.01460342125186e-09
4.241471471471471	8.23349358787113e-09
4.242342342342342	7.52006643987413e-09
4.243213213213213	6.868457314392701e-09
4.244084084084084	6.273309717961209e-09
4.244954954954955	5.729731293949557e-09
4.2458258258258255	5.233253605401744e-09
4.246696696696697	4.779795402655086e-09
4.247567567567567	4.365629073807086e-09
4.248438438438439	3.987350002219097e-09
4.249309309309309	3.6418485791813907e-09
4.25018018018018	3.3262846416556353e-09
4.251051051051051	3.0380641249779443e-09
4.251921921921922	2.774817738584418e-09
4.252792792792793	2.5343814894766295e-09
4.253663663663664	2.314778893313808e-09
4.2545345345345345	2.1142047269038615e-09
4.255405405405405	1.9310101885308815e-09
4.256276276276276	1.763689344130397e-09
4.257147147147147	1.610866747896819e-09
4.258018018018018	1.4712861355549286e-09
4.2588888888888885	1.343800097355337e-09
4.25975975975976	1.2273606458956826e-09
4.26063063063063	1.1210106012368468e-09
4.261501501501502	1.023875722491172e-09
4.262372372372372	9.351575212058374e-10
4.263243243243243	8.541266974601642e-10
4.264114114114114	7.801171447228195e-10
4.264984984984985	7.125204741828087e-10
4.265855855855856	6.507810135452957e-10
4.266726726726727	5.943912391773162e-10
4.2675975975975975	5.428876040564895e-10
4.268468468468468	4.958467272243202e-10
4.269339339339339	4.5288191342172594e-10
4.270210210210211	4.13639974295872e-10
4.271081081081081	3.777983250472624e-10
4.2719519519519515	3.450623326506141e-10
4.272822822822823	3.15162893850936e-10
4.273693693693693	2.878542230247499e-10
4.274564564564565	2.6291183172143245e-10
4.275435435435435	2.4013068327656276e-10
4.2763063063063065	2.193235073263836e-10
4.277177177177177	2.0031926036900558e-10
4.278048048048048	1.8296171971661523e-10
4.278918918918919	1.6710819928124172e-10
4.27978978978979	1.5262837663654569e-10
4.2806606606606605	1.394032217143018e-10
4.281531531531531	1.273240183283937e-10
4.282402402402402	1.1629147048333346e-10
4.283273273273274	1.0621488612056518e-10
4.284144144144144	9.701143159259394e-11
4.285015015015015	8.860545073648432e-11
4.285885885885886	8.092784294926635e-11
4.286756756756756	7.39154951527237e-11
4.287627627627628	6.75107629779957e-11
4.288498498498498	6.166099690534452e-11
4.2893693693693695	5.631810946349085e-11
4.29024024024024	5.1438179930978655e-11
4.291111111111111	4.6981093289815684e-11
4.291981981981982	4.291021046365722e-11
4.292852852852853	3.9192067129558333e-11
4.293723723723724	3.5796098627584604e-11
4.294594594594595	3.269438870676075e-11
4.295465465465465	2.986144004209675e-11
4.296336336336337	2.7273964636109753e-11
4.297207207207207	2.4910692381982388e-11
4.298078078078078	2.2752196214555914e-11
4.298948948948949	2.0780732411914652e-11
4.299819819819819	1.8980094734736104e-11
4.300690690690691	1.7335481204354176e-11
4.301561561561561	1.5833372424454687e-11
4.302432432432433	1.4461420446087956e-11
4.303303303303303	1.3208347262489937e-11
4.304174174174174	1.206385209923697e-11
4.305045045045045	1.1018526737676862e-11
4.305915915915916	1.0063778175509472e-11
4.306786786786787	9.191757988801467e-12
4.307657657657658	8.395297814719813e-12
4.308528528528528	7.667850424664255e-12
4.3093993993994	7.003435903360589e-12
4.31027027027027	6.396592491517009e-12
4.311141141141141	5.842331687921348e-12
4.312012012012012	5.3360972419222334e-12
4.3128828828828825	4.873727699185604e-12
4.313753753753754	4.4514221928325794e-12
4.314624624624624	4.065709198762795e-12
4.315495495495496	3.713417998301216e-12
4.316366366366366	3.3916526135968446e-12
4.317237237237237	3.0977680014959566e-12
4.318108108108108	2.8293483102080947e-12
4.318978978978979	2.5841870200126268e-12
4.31984984984985	2.3602688047662806e-12
4.320720720720721	2.1557529650949517e-12
4.3215915915915915	1.9689582970937518e-12
4.322462462462463	1.798349272140775e-12
4.323333333333333	1.6425234142252555e-12
4.324204204204204	1.5001997710192105e-12
4.325075075075075	1.3702083839257594e-12
4.325945945945946	1.251480670540896e-12
4.326816816816817	1.1430406404683862e-12
4.327687687687687	1.043996872279036e-12
4.328558558558559	9.535351856620374e-13
4.329429429429429	8.70911948529877e-13
4.3303003003003	7.954479640574553e-13
4.331171171171171	7.265228874070411e-13
4.332042042042042	6.6357012623905e-13
4.332912912912913	6.060721830918179e-13
4.333783783783784	5.535564013400308e-13
4.3346546546546545	5.05591079764399e-13
4.335525525525526	4.61781923790419e-13
4.336396396396396	4.2176880422608114e-13
4.337267267267267	3.8522279685212005e-13
4.338138138138138	3.518434785304966e-13
4.339009009009009	3.2135645760331734e-13
4.33987987987988	2.935111182810032e-13
4.34075075075075	2.6807856047786953e-13
4.341621621621622	2.448497181598241e-13
4.342492492492492	2.2363364073607486e-13
4.3433633633633635	2.0425592336692419e-13
4.344234234234234	1.865572732848214e-13
4.345105105105105	1.7039220034242286e-13
4.345975975975976	1.556278210242144e-13
4.346846846846847	1.4214276608946413e-13
4.3477177177177175	1.2982618286753963e-13
4.348588588588589	1.1857682400344968e-13
4.349459459459459	1.0830221516327273e-13
4.35033033033033	9.891789485717637e-14
4.351201201201201	9.03467201314787e-14
4.3520720720720725	8.251823242195786e-14
4.352942942942943	7.536807835564734e-14
4.353813813813813	6.883748073972493e-14
4.354684684684685	6.287275538897875e-14
4.355555555555555	5.74248698198096e-14
4.3564264264264265	5.244904018315269e-14
4.357297297297297	4.7904363122909496e-14
4.358168168168168	4.375347953361973e-14
4.359039039039039	3.996226745332667e-14
4.35990990990991	3.64995615670732e-14
4.360780780780781	3.333689701528227e-14
4.361651651651652	3.0448275400929026e-14
4.362522522522522	2.7809951072108645e-14
4.363393393393394	2.5400235923030024e-14
4.364264264264264	2.3199321108936378e-14
4.3651351351351355	2.1189114209269767e-14
4.366006006006006	1.9353090500591516e-14
4.366876876876876	1.7676157116573113e-14
4.367747747747748	1.6144528978471345e-14
4.368618618618618	1.4745615476133115e-14
4.36948948948949	1.3467916968028149e-14
4.37036036036036	1.2300930249489105e-14
4.371231231231231	1.1235062212070494e-14
4.372102102102102	1.026155098427104e-14
4.372972972972973	9.372393905363915e-15
4.373843843843844	8.560281740250279e-15
4.374714714714715	7.818538594555268e-15
4.375585585585585	7.141067036043956e-15
4.376456456456457	6.522297971232855e-15
4.377327327327327	5.9571448651621885e-15
4.3781981981981986	5.440961927996722e-15
4.379069069069069	4.969505924731916e-15
4.3799399399399395	4.53890129406579e-15
4.380810810810811	4.145608289697559e-15
4.381681681681681	3.786393882167106e-15
4.382552552552553	3.458305182025964e-15
4.383423423423423	3.1586451658811247e-15
4.384294294294294	2.884950505755613e-15
4.385165165165165	2.6349713195273635e-15
4.386036036036036	2.4066526759745872e-15
4.386906906906907	2.198117702402624e-15
4.387777777777778	2.007652155980042e-15
4.3886486486486485	1.8336903319624978e-15
4.38951951951952	1.6748021929582506e-15
4.39039039039039	1.529681613435661e-15
4.391261261261262	1.3971356428367516e-15
4.392132132132132	1.2760746990353781e-15
4.3930030030030025	1.1655036115262794e-15
4.393873873873874	1.064513440715891e-15
4.394744744744745	9.722740060675467e-16
4.395615615615616	8.8802706167702815e-16
4.396486486486486	8.110800631812791e-16
4.397357357357357	7.408004747600028e-16
4.398228228228228	6.766105694328387e-16
4.399099099099099	6.179826799064786e-16
4.39996996996997	5.644348609342036e-16
4.400840840840841	5.15526927528115e-16
4.4017117117117115	4.708568364589183e-16
4.402582582582583	4.3005738129553715e-16
4.403453453453453	3.927931738184132e-16
4.404324324324325	3.587578869906627e-16
4.405195195195195	3.276717368248374e-16
4.4060660660660655	2.9927918244372977e-16
4.406936936936937	2.7334682542991867e-16
4.407807807807808	2.4966149119530874e-16
4.408678678678679	2.280284765986897e-16
4.409549549549549	2.08269949406183e-16
4.4104204204204205	1.9022348643756346e-16
4.411291291291291	1.7374073838129892e-16
4.412162162162162	1.5868621030234003e-16
4.413033033033033	1.4493614781846588e-16
4.413903903903904	1.3237751978846039e-16
4.4147747747747745	1.2090708915000956e-16
4.415645645645646	1.1043056426866989e-16
4.416516516516516	1.0086182382215802e-16
4.417387387387388	9.212220884772827e-17
4.418258258258258	8.413987613340237e-17
4.4191291291291295	7.684920763727509e-17
4.42	7.019027108043447e-17
