3.47	0.9999999987127168
3.4712512512512514	0.9999999986542127
3.4725025025025027	0.9999999985930499
3.473753753753754	0.999999998529107
3.475005005005005	0.9999999984622583
3.4762562562562564	0.9999999983923715
3.4775075075075077	0.9999999983193084
3.478758758758759	0.9999999982429248
3.48001001001001	0.9999999981630698
3.4812612612612615	0.9999999980795855
3.4825125125125127	0.9999999979923069
3.483763763763764	0.9999999979010619
3.485015015015015	0.99999999780567
3.4862662662662665	0.9999999977059426
3.4875175175175177	0.9999999976016829
3.488768768768769	0.9999999974926848
3.49002002002002	0.999999997378733
3.4912712712712715	0.9999999972596023
3.4925225225225227	0.9999999971350575
3.493773773773774	0.9999999970048523
3.495025025025025	0.9999999968687296
3.4962762762762765	0.9999999967264206
3.4975275275275277	0.9999999965776438
3.498778778778779	0.9999999964221056
3.50003003003003	0.9999999962594983
3.5012812812812815	0.999999996089501
3.5025325325325327	0.9999999959117778
3.503783783783784	0.9999999957259773
3.505035035035035	0.9999999955317327
3.5062862862862865	0.99999999532866
3.5075375375375377	0.9999999951163583
3.508788788788789	0.9999999948944078
3.51004004004004	0.9999999946623703
3.5112912912912915	0.999999994419787
3.5125425425425427	0.999999994166179
3.513793793793794	0.9999999939010451
3.5150450450450452	0.9999999936238615
3.5162962962962965	0.9999999933340804
3.5175475475475477	0.9999999930311296
3.518798798798799	0.9999999927144101
3.5200500500500502	0.9999999923832968
3.5213013013013015	0.9999999920371349
3.5225525525525527	0.9999999916752408
3.523803803803804	0.9999999912968992
3.5250550550550552	0.9999999909013632
3.5263063063063065	0.9999999904878506
3.5275575575575577	0.9999999900555451
3.528808808808809	0.9999999896035922
3.5300600600600602	0.999999989131099
3.5313113113113115	0.9999999886371321
3.5325625625625627	0.9999999881207157
3.533813813813814	0.9999999875808291
3.5350650650650652	0.999999987016406
3.5363163163163165	0.9999999864263311
3.5375675675675677	0.9999999858094386
3.538818818818819	0.9999999851645098
3.5400700700700702	0.9999999844902705
3.5413213213213215	0.9999999837853883
3.5425725725725727	0.9999999830484713
3.543823823823824	0.9999999822780626
3.5450750750750752	0.9999999814726409
3.5463263263263265	0.9999999806306145
3.5475775775775777	0.9999999797503198
3.548828828828829	0.9999999788300178
3.5500800800800802	0.9999999778678901
3.5513313313313315	0.9999999768620361
3.5525825825825827	0.9999999758104682
3.553833833833834	0.9999999747111088
3.5550850850850853	0.9999999735617862
3.5563363363363365	0.9999999723602294
3.5575875875875878	0.9999999711040646
3.558838838838839	0.9999999697908097
3.5600900900900903	0.9999999684178708
3.5613413413413415	0.9999999669825348
3.5625925925925928	0.9999999654819659
3.563843843843844	0.9999999639131996
3.5650950950950953	0.9999999622731365
3.5663463463463465	0.9999999605585361
3.5675975975975978	0.9999999587660112
3.568848848848849	0.99999995689202
3.5701001001001003	0.9999999549328602
3.5713513513513515	0.999999952884661
3.5726026026026028	0.9999999507433761
3.573853853853854	0.9999999485047744
3.5751051051051053	0.9999999461644333
3.5763563563563565	0.999999943717729
3.5776076076076078	0.9999999411598276
3.578858858858859	0.9999999384856755
3.5801101101101103	0.9999999356899892
3.5813613613613615	0.9999999327672454
3.5826126126126128	0.9999999297116695
3.583863863863864	0.9999999265172247
3.5851151151151153	0.9999999231775994
3.5863663663663665	0.999999919686196
3.5876176176176178	0.9999999160361162
3.588868868868869	0.9999999122201483
3.5901201201201203	0.9999999082307538
3.5913713713713715	0.9999999040600501
3.5926226226226228	0.9999998996997975
3.593873873873874	0.9999998951413814
3.5951251251251253	0.9999998903757956
3.5963763763763765	0.9999998853936247
3.5976276276276278	0.9999998801850257
3.598878878878879	0.9999998747397078
3.6001301301301303	0.9999998690469123
3.6013813813813815	0.9999998630953927
3.602632632632633	0.9999998568733898
3.603883883883884	0.9999998503686109
3.6051351351351353	0.9999998435682049
3.6063863863863865	0.999999836458736
3.607637637637638	0.9999998290261579
3.608888888888889	0.9999998212557861
3.6101401401401403	0.9999998131322688
3.6113913913913915	0.999999804639556
3.612642642642643	0.9999997957608691
3.613893893893894	0.9999997864786659
3.6151451451451453	0.9999997767746079
3.6163963963963965	0.9999997666295227
3.617647647647648	0.9999997560233667
3.618898898898899	0.9999997449351852
3.6201501501501503	0.999999733343071
3.6214014014014015	0.9999997212241221
3.622652652652653	0.9999997085543947
3.623903903903904	0.9999996953088572
3.6251551551551553	0.9999996814613408
3.6264064064064065	0.9999996669844863
3.627657657657658	0.9999996518496921
3.628908908908909	0.9999996360270563
3.6301601601601603	0.9999996194853182
3.6314114114114115	0.9999996021917962
3.632662662662663	0.9999995841123235
3.633913913913914	0.9999995652111805
3.6351651651651653	0.9999995454510243
3.6364164164164166	0.9999995247928146
3.637667667667668	0.999999503195737
3.638918918918919	0.9999994806171222
3.6401701701701703	0.9999994570123618
3.6414214214214216	0.9999994323348197
3.642672672672673	0.9999994065357407
3.643923923923924	0.9999993795641534
3.6451751751751753	0.9999993513667704
3.6464264264264266	0.999999321887882
3.647677677677678	0.9999992910692467
3.648928928928929	0.9999992588499764
3.6501801801801803	0.9999992251664158
3.6514314314314316	0.999999189952016
3.652682682682683	0.9999991531372043
3.653933933933934	0.999999114649246
3.6551851851851853	0.9999990744121005
3.6564364364364366	0.9999990323462713
3.657687687687688	0.9999989883686495
3.658938938938939	0.9999989423923487
3.6601901901901903	0.999998894326534
3.6614414414414416	0.9999988440762418
3.662692692692693	0.9999987915421935
3.663943943943944	0.9999987366205977
3.6651951951951953	0.9999986792029464
3.6664464464464466	0.9999986191758001
3.667697697697698	0.999998556420564
3.668948948948949	0.9999984908132534
3.6702002002002003	0.9999984222242484
3.6714514514514516	0.9999983505180389
3.672702702702703	0.9999982755529558
3.673953953953954	0.9999981971808919
3.6752052052052053	0.9999981152470085
3.6764564564564566	0.9999980295894307
3.677707707707708	0.9999979400389258
3.678958958958959	0.9999978464185709
3.6802102102102103	0.999997748543402
3.6814614614614616	0.9999976462200492
3.682712712712713	0.9999975392463547
3.683963963963964	0.9999974274109729
3.6852152152152153	0.9999973104929533
3.6864664664664666	0.9999971882613046
3.687717717717718	0.9999970604745365
3.688968968968969	0.9999969268801848
3.6902202202202203	0.9999967872143113
3.6914714714714716	0.9999966412009821
3.692722722722723	0.9999964885517243
3.693973973973974	0.9999963289649538
3.6952252252252253	0.999996162125381
3.6964764764764766	0.999995987703388
3.697727727727728	0.9999958053543762
3.698978978978979	0.9999956147180865
3.7002302302302303	0.9999954154178881
3.7014814814814816	0.9999952070600325
3.702732732732733	0.9999949892328781
3.703983983983984	0.999994761506075
3.7052352352352353	0.9999945234297168
3.7064864864864866	0.9999942745334491
3.707737737737738	0.9999940143255438
3.708988988988989	0.9999937422919241
3.7102402402402404	0.9999934578951518
3.7114914914914916	0.9999931605733646
3.712742742742743	0.9999928497391658
3.713993993993994	0.9999925247784647
3.7152452452452454	0.9999921850492629
3.7164964964964966	0.9999918298803866
3.717747747747748	0.9999914585701605
3.718998998998999	0.999991070385022
3.7202502502502504	0.999990664558072
3.7215015015015016	0.99999024028756
3.722752752752753	0.9999897967353012
3.724004004004004	0.999989333025019
3.7252552552552554	0.9999888482406168
3.7265065065065066	0.999988341424366
3.727757757757758	0.9999878115750159
3.729009009009009	0.9999872576458155
3.7302602602602604	0.999986678542446
3.7315115115115116	0.9999860731208596
3.732762762762763	0.9999854401850197
3.734014014014014	0.9999847784845385
3.7352652652652654	0.9999840867122083
3.7365165165165166	0.9999833635014188
3.737767767767768	0.9999826074234585
3.739019019019019	0.9999818169846929
3.7402702702702704	0.9999809906236149
3.7415215215215216	0.9999801267077615
3.742772772772773	0.999979223530489
3.744024024024024	0.9999782793076027
3.7452752752752754	0.9999772921738359
3.7465265265265266	0.9999762601791629
3.747777777777778	0.9999751812849511
3.749029029029029	0.9999740533599345
3.7502802802802804	0.9999728741760061
3.7515315315315316	0.9999716414038172
3.752782782782783	0.9999703526081797
3.754034034034034	0.9999690052432565
3.7552852852852854	0.9999675966475373
3.7565365365365366	0.9999661240385819
3.757787787787788	0.9999645845075282
3.759039039039039	0.99996297501335
3.7602902902902904	0.9999612923768533
3.7615415415415416	0.9999595332744003
3.762792792792793	0.9999576942313502
3.764044044044044	0.9999557716151986
3.7652952952952954	0.9999537616284103
3.7665465465465466	0.9999516603009232
3.767797797797798	0.9999494634823127
3.769049049049049	0.9999471668336014
3.7703003003003004	0.9999447658186974
3.7715515515515516	0.9999422556954423
3.772802802802803	0.9999396315062552
3.774054054054054	0.9999368880683507
3.7753053053053054	0.9999340199635142
3.7765565565565566	0.9999310215274124
3.777807807807808	0.9999278868384206
3.779059059059059	0.9999246097059407
3.7803103103103104	0.9999211836581932
3.7815615615615616	0.9999176019294514
3.782812812812813	0.9999138574467008
3.784064064064064	0.9999099428156911
3.7853153153153154	0.9999058503063571
3.7865665665665666	0.9999015718375787
3.787817817817818	0.9998970989612502
3.789069069069069	0.9998924228456283
3.7903203203203204	0.9998875342579251
3.7915715715715717	0.9998824235461129
3.792822822822823	0.9998770806199054
3.794074074074074	0.9998714949308772
3.7953253253253254	0.999865655451683
3.7965765765765767	0.9998595506543374
3.797827827827828	0.9998531684875104
3.799079079079079	0.9998464963527963
3.8003303303303304	0.9998395210799087
3.8015815815815817	0.9998322289007542
3.802832832832833	0.9998246054223328
3.804084084084084	0.9998166355984144
3.8053353353353354	0.9998083036999332
3.8065865865865867	0.9997995932840474
3.807837837837838	0.9997904871617982
3.809089089089089	0.999780967364309
3.8103403403403404	0.9997710151074604
3.8115915915915917	0.9997606107549688
3.812842842842843	0.9997497337797991
3.814094094094094	0.9997383627238389
3.8153453453453454	0.9997264751557513
3.8165965965965967	0.999714047626931
3.817847847847848	0.9997010556254745
3.819099099099099	0.9996874735280767
3.8203503503503504	0.9996732745497628
3.8216016016016017	0.9996584306913587
3.822852852852853	0.9996429126845959
3.824104104104104	0.9996266899347523
3.8253553553553554	0.9996097304607119
3.8266066066066067	0.9995920008323349
3.827857857857858	0.9995734661050153
3.829109109109109	0.9995540897513019
3.8303603603603604	0.9995338335894564
3.8316116116116117	0.9995126577088055
3.832862862862863	0.999490520391756
3.834114114114114	0.9994673780323152
3.8353653653653654	0.999443185050971
3.8366166166166167	0.9994178938057673
3.837867867867868	0.9993914544994101
3.839119119119119	0.999363815082228
3.8403703703703704	0.9993349211508094
3.8416216216216217	0.9993047158421234
3.842872872872873	0.9992731397229331
3.844124124124124	0.9992401306742907
3.8453753753753754	0.9992056237709069
3.8466266266266267	0.9991695511551675
3.847877877877878	0.9991318419055712
3.849129129129129	0.9990924218993442
3.8503803803803804	0.9990512136689839
3.8516316316316317	0.999008136252472
3.852882882882883	0.9989631050368832
3.854134134134134	0.9989160315951142
3.8553853853853854	0.9988668235154342
3.8566366366366367	0.9988153842235604
3.857887887887888	0.9987616127969362
3.859139139139139	0.9987054037708921
3.8603903903903904	0.9986466469363421
3.8616416416416417	0.9985852271286701
3.862892892892893	0.9985210240074371
3.864144144144144	0.9984539118265299
3.8653953953953955	0.9983837591943605
3.8666466466466467	0.9983104288237108
3.867897897897898	0.998233777270797
3.869149149149149	0.9981536546631224
3.8704004004004005	0.9980699044156672
3.8716516516516517	0.9979823629349497
3.872902902902903	0.997890859310477
3.874154154154154	0.9977952149930912
3.8754054054054055	0.9976952434596987
3.8766566566566567	0.9975907498638534
3.877907907907908	0.9974815306716538
3.879159159159159	0.9973673732823941
3.8804104104104105	0.9972480556333931
3.8816616616616617	0.9971233457884155
3.882912912912913	0.9969930015090764
3.884164164164164	0.9968567698086135
3.8854154154154155	0.9967143864873892
3.8866666666666667	0.9965655756494791
3.887917917917918	0.9964100491996832
3.889169169169169	0.9962475063202867
3.8904204204204205	0.9960776329268897
3.8916716716716717	0.9959001011026075
3.892922922922923	0.9957145685099408
3.894174174174174	0.9955206777796044
3.8954254254254255	0.995318055875602
3.8966766766766767	0.9951063134358238
3.897927927927928	0.994885044087452
3.8991791791791792	0.9946538237364537
3.9004304304304305	0.9944122098304491
3.9016816816816817	0.9941597405942528
3.902932932932933	0.9938959342373906
3.9041841841841842	0.9936202881329207
3.9054354354354355	0.9933322779669
3.9066866866866867	0.9930313568578708
3.907937937937938	0.992716954445762
3.9091891891891892	0.9923884759496578
3.9104404404404405	0.9920453011939101
3.9116916916916917	0.9916867836021391
3.912942942942943	0.991312249158722
3.9141941941941942	0.9909209953374419
3.9154454454454455	0.9905122899970534
3.9166966966966967	0.990085370243606
3.917947947947948	0.9896394412594783
3.9191991991991992	0.9891736750991942
3.9204504504504505	0.9886872094522174
3.9217017017017017	0.9881791463730775
3.922952952952953	0.9876485509793362
3.9242042042042042	0.9870944501180983
3.9254554554554555	0.9865158310019578
3.9267067067067067	0.985911639815516
3.927957957957958	0.9852807802938269
3.9292092092092092	0.9846221122744272
3.9304604604604605	0.9839344502248849
3.9317117117117117	0.9832165617481328
3.932962962962963	0.9824671660682082
3.9342142142142142	0.9816849324994127
3.9354654654654655	0.9808684789023151
3.9367167167167167	0.9800163701304927
3.937967967967968	0.9791271164723789
3.9392192192192192	0.9781991720931429
3.9404704704704705	0.9772309334820793
3.9417217217217217	0.9762207379116216
3.942972972972973	0.9751668619147306
3.9442242242242243	0.9740675197881494
3.9454754754754755	0.9729208621297405
3.9467267267267268	0.9717249744189468
3.947977977977978	0.9704778756502492
3.9492292292292293	0.9691775170304265
3.9504804804804805	0.9678217807513392
3.9517317317317318	0.9664084788509933
3.952982982982983	0.964935352176659
3.9542342342342343	0.9634000694649426
3.9554854854854855	0.9618002265548277
3.9567367367367368	0.9601333457508924
3.957987987987988	0.9583968753551053
3.9592392392392393	0.9565881893868798
3.9604904904904905	0.9547045875122927
3.9617417417417418	0.9527432952046853
3.962992992992993	0.950701464160117
3.9642442442442443	0.9485761729924581
3.9654954954954955	0.9463644282341168
3.9667467467467468	0.9440631656696558
3.967997997997998	0.9416692520306645
3.9692492492492493	0.9391794870814002
3.9705005005005005	0.9365906061256368
3.9717517517517518	0.933899282966076
3.973003003003003	0.9311021333483287
3.9742542542542543	0.928195718922075
3.9755055055055055	0.925176551752258
3.9767567567567568	0.9220410994132822
3.978008008008008	0.9187857906989013
3.9792592592592593	0.9154070219800049
3.9805105105105105	0.9119011642415018
3.9817617617617618	0.9082645708282189
3.983013013013013	0.9044935859278617
3.9842642642642643	0.9005845538168494
3.9855155155155155	0.8965338288918934
3.986766766766767	0.8923377865067784
3.988018018018018	0.8879928346296437
3.9892692692692693	0.8834954263313566
3.9905205205205205	0.8788420731099892
3.991771771771772	0.8740293590502344
3.993023023023023	0.8690539558095156
3.9942742742742743	0.8639126384148654
3.9955255255255255	0.8586023018459817
3.996776776776777	0.8531199783706278
3.998028028028028	0.8474628555883881
3.9992792792792793	0.8416282951281464
4.000530530530531	0.8356138519331355
4.001781781781782	0.8294172940555583
4.003033033033033	0.8230366228702711
4.004284284284284	0.8164700936044073
4.005535535535536	0.8097162360668917
4.006786786786787	0.8027738754487678
4.008038038038038	0.7956421530527269
4.009289289289289	0.7883205467978058
4.010540540540541	0.7808088913336565
4.011791791791792	0.7731073975878616
4.013043043043043	0.7652166715603955
4.014294294294294	0.7571377321710637
4.015545545545546	0.7488720279594648
4.016796796796797	0.7404214524324496
4.018048048048048	0.7317883578521932
4.019299299299299	0.7229755672583148
4.020550550550551	0.7139863845208402
4.021801801801802	0.7048246022268188
4.023053053053053	0.695494507213029
4.024304304304304	0.6860008835696645
4.025555555555556	0.6763490129559284
4.026806806806807	0.6665446720874534
4.028058058058058	0.6565941272781287
4.029309309309309	0.6465041259441981
4.030560560560561	0.6362818850068679
4.031811811811812	0.625935076160174
4.033063063063063	0.6154718080039827
4.034314314314314	0.6049006050763006
4.035565565565566	0.5942303838548049
4.036816816816817	0.5834704258333957
4.038068068068068	0.5726303478159253
4.039319319319319	0.5617200696043881
4.040570570570571	0.550749779292931
4.041821821821822	0.5397298964106614
4.043073073073073	0.5286710331857368
4.044324324324324	0.5175839542289318
4.045575575575576	0.5064795349571036
4.046826826826827	0.49536871909452823
4.048078078078078	0.48426247560350294
4.049329329329329	0.4731717554035918
4.050580580580581	0.4621074482420574
4.051831831831832	0.45108034007560077
4.053083083083083	0.4401010713165213
4.054334334334334	0.4291800962838932
4.055585585585586	0.41832764418344864
4.056836836836837	0.40755368191820807
4.058088088088088	0.3968678790068906
4.059339339339339	0.3862795748582588
4.060590590590591	0.37579774861821263
4.061841841841842	0.36543099177256916
4.063093093093093	0.3551874836536293
4.064344344344344	0.3450749699624632
4.065595595595596	0.33510074438280996
4.066846846846847	0.3252716333265243
4.068098098098098	0.3155939838160845
4.069349349349349	0.30607365447634227
4.070600600600601	0.29671600957670047
4.071851851851852	0.28752591603599476
4.073103103103103	0.27850774327669686
4.074354354354354	0.2696653657919575
4.075605605605606	0.2610021682693816
4.076856856856857	0.2525210530987551
4.078108108108108	0.24422445007803129
4.079359359359359	0.23611432812181954
4.080610610610611	0.2281922087699853
4.081861861861862	0.2204591812900549
4.083113113113113	0.2129159191664395
4.084364364364364	0.20556269777102296
4.085615615615616	0.1983994130137719
4.086866866866867	0.19142560077793586
4.088118118118118	0.18464045695247855
4.089369369369369	0.1780428578836083
4.090620620620621	0.1716313810779423
4.091871871871872	0.16540432600121324
4.093123123123123	0.1593597348288305
4.094374374374374	0.15349541301714772
4.095625625625626	0.14780894957725468
4.096876876876877	0.1422977369458911
4.098128128128128	0.13695899036101483
4.099379379379379	0.13178976666191206
4.100630630630631	0.12678698244584022
4.101881881881882	0.1219474315245708
4.103133133133133	0.11726780163522048
4.104384384384384	0.11274469036984854
4.105635635635636	0.10837462029781242
4.106886886886887	0.10415405326345697
4.108138138138138	0.10007940384975678
4.109389389389389	0.09614705200558188
4.110640640640641	0.09235335484067839
4.111891891891892	0.0886946575979851
4.113143143143143	0.08516730381792247
4.114394394394394	0.08176764471343209
4.115645645645646	0.07849204777816025
4.116896896896897	0.07533690465306392
4.118148148148148	0.07229863827921959
4.119399399399399	0.06937370936643955
4.120650650650651	0.06655862220875929
4.121901901901902	0.06384992987878692
4.123153153153153	0.06124423883360593
4.124404404404404	0.05873821296514575
4.125655655655656	0.05632857712795291
4.126906906906907	0.05401212017696133
4.128158158158158	0.051785697547439
4.129409409409409	0.04964623340855654
4.130660660660661	0.04759072242121381
4.131911911911912	0.045616231129742724
4.133163163163163	0.043719899016096096
4.134414414414414	0.041898939243942605
4.135665665665666	0.04015063911890416
4.136916916916917	0.03847236028988127
4.138168168168168	0.036861538715191884
4.139419419419419	0.035315684415931685
4.140670670670671	0.033832381037704376
4.141921921921922	0.032409285240565654
4.143173173173173	0.031044125935822377
4.144424424424424	0.029734703387080175
4.145675675675676	0.02847888819176607
4.146926926926927	0.027274620158177214
4.148178178178178	0.026119907092042198
4.149429429429429	0.025012823505500055
4.150680680680681	0.023951509260408173
4.151931931931932	0.022934168156904522
4.153183183183183	0.02195906647727108
4.154434434434434	0.021024531494263577
4.155685685685686	0.02012894995227372
4.156936936936937	0.019270766528905577
4.158188188188188	0.018448482283859258
4.159439439439439	0.01766065310132835
4.160690690690691	0.016905888131503996
4.161941941941942	0.01618284823617908
4.163193193193193	0.015490244442929256
4.164444444444444	0.014826836411832365
4.165695695695696	0.01419143091823474
4.166946946946947	0.0135828803546308
4.168198198198198	0.013000081254349061
4.169449449449449	0.012441972839364377
4.170700700700701	0.011907535594233458
4.171951951951952	0.011395789867835458
4.173203203203203	0.010905794504339913
4.174454454454454	0.010436645504562789
4.175705705705706	0.009987474718649947
4.176956956956957	0.009557448570810173
4.178208208208208	0.009145766816647135
4.179459459459459	0.008751661333462894
4.180710710710711	0.008374394943760462
4.181961961961962	0.008013260272028805
4.183213213213213	0.007667578634785002
4.184464464464464	0.007336698963734051
4.185715715715716	0.007019996761816986
4.186966966966967	0.0067168730918272124
4.188218218218218	0.006426753597211987
4.189469469469469	0.006149087554606486
4.190720720720721	0.005883346957597273
4.191971971971972	0.0056290256311588875
4.193223223223223	0.005385638376175921
4.194474474474474	0.005152720143424745
4.195725725725726	0.004929825236365205
4.196976976976977	0.0047165265420654355
4.198228228228228	0.004512414789572788
4.199479479479479	0.004317097835026791
4.200730730730731	0.00413019997280395
4.201981981981982	0.003951361271974323
4.203233233233233	0.0037802369373532356
4.204484484484484	0.0036164966944281724
4.205735735735736	0.003459824197446093
4.206986986986987	0.0033099164599475306
4.208238238238238	0.0031664833070454666
4.209489489489489	0.003029246848752325
4.210740740740741	0.00289794097367018
4.211991991991992	0.0027723108623671708
4.213243243243243	0.002652112519779183
4.214494494494494	0.0025371123259862213
4.215745745745746	0.0024270866047281722
4.216996996996997	0.002321821209036228
4.218248248248248	0.002221111123374329
4.219499499499499	0.0021247600816978922
4.220750750750751	0.002032580200853777
4.222002002002002	0.0019443916287587386
4.223253253253253	0.0018600222068120658
4.224504504504504	0.0017793071460119544
4.225755755755756	0.001702088716261937
4.227007007007007	0.0016282159483674067
4.228258258258258	0.001557544348240082
4.229509509509509	0.0014899356228420344
4.230760760760761	0.0014252574174169544
4.232012012012012	0.001363383063569636
4.233263263263263	0.0013041913377712842
4.234514514514514	0.0012475662298813135
4.235765765765766	0.001193396721291185
4.237017017017017	0.001141576572308274
4.238268268268268	0.0010920041184128775
4.239519519519519	0.0010445820750335164
4.240770770770771	0.0009992173504991498
4.242022022022022	0.0009558208668382805
4.243273273273273	0.0009143073881084158
4.2445245245245244	0.0008745953559502423
4.245775775775776	0.0008366067320728446
4.247027027027027	0.0008002668473864646
4.248278278278278	0.0007655042575112118
4.2495295295295294	0.000732250604399784
4.250780780780781	0.000700440483822807
4.252032032032032	0.0006700113184743675
4.253283283283283	0.0006409032364657212
4.2545345345345345	0.0006130589549836205
4.255785785785786	0.0005864236688989012
4.257037037037037	0.0005609449441188012
4.258288288288288	0.0005365726154854947
4.2595395395395395	0.0005132586890306908
4.260790790790791	0.0004909572484040931
4.262042042042042	0.00046962436530030756
4.263293293293293	0.00044921801371653993
4.2645445445445445	0.0004296979878797878
4.265795795795796	0.00041102582368906013
4.267047047047047	0.0003931647235240077
4.268298298298298	0.00037607948427798824
4.2695495495495495	0.0003597364284790544
4.270800800800801	0.00034410333836819296
4.272052052052052	0.0003291493928091674
4.273303303303303	0.000314845106909905
4.2745545545545545	0.00030116227424030034
4.275805805805806	0.00028807391153576415
4.277057057057057	0.00027555420578078457
4.278308308308308	0.0002635784635709979
4.2795595595595595	0.0002521230626567245
4.280810810810811	0.00024116540557464212
4.282062062062062	0.0002306838752784692
4.283313313313313	0.00022065779268312576
4.2845645645645645	0.00021106737604061721
4.285815815815816	0.00020189370206904152
4.287067067067067	0.0001931186687596797
4.288318318318318	0.0001847249597901695
4.2895695695695695	0.00017669601047496446
4.290820820820821	0.00016901597518694834
4.292072072072072	0.0001616696961870834
4.293323323323323	0.0001546426738015438
4.2945745745745745	0.00014792103788848588
4.295825825825826	0.00014149152053886515
4.297077077077077	0.00013534142995824658
4.298328328328328	0.00012945862547872607
4.2995795795795795	0.00012383149365235963
4.300830830830831	0.00011844892537940096
4.302082082082082	0.0001133002940267855
4.303333333333333	0.00010837543449413089
4.3045845845845845	0.0001036646231864404
4.305835835835836	9.915855885430261e-05
4.307087087087087	9.484834426417913e-05
4.308338338338338	9.07254686629129e-05
4.3095895895895895	8.678179100220506e-05
4.310840840840841	8.300952389015832e-05
4.312092092092092	7.940121823849824e-05
4.313343343343343	7.594974857538003e-05
4.3145945945945945	7.264829899504597e-05
4.315845845845846	6.949034971673405e-05
4.317097097097097	6.646966422651041e-05
4.318348348348348	6.358027697678729e-05
4.3195995995995995	6.081648161942852e-05
4.320850850850851	5.8172819749299445e-05
4.322102102102102	5.5644070136185337e-05
4.323353353353353	5.322523842391796e-05
4.3246046046046045	5.0911547276507174e-05
4.325855855855856	4.869842695187597e-05
4.327107107107107	4.658150628469343e-05
4.328358358358358	4.4556604060568836e-05
4.3296096096096095	4.261972076467282e-05
4.330860860860861	4.0767030688524934e-05
4.332112112112112	3.899487437943835e-05
4.333363363363363	3.729975141775752e-05
4.3346146146146145	3.5678313507698134e-05
4.335865865865866	3.4127357868163414e-05
4.337117117117117	3.264382091054127e-05
4.338368368368368	3.122477219102771e-05
4.3396196196196195	2.9867408625586693e-05
4.340870870870871	2.8569048956130298e-05
4.342122122122122	2.7327128457031763e-05
4.343373373373373	2.61391938715371e-05
4.3446246246246245	2.5002898568114998e-05
4.345875875875876	2.3915997907181476e-05
4.347127127127127	2.2876344809078983e-05
4.348378378378378	2.1881885514569697e-05
4.3496296296296295	2.093065552949971e-05
4.350880880880881	2.0020775745623718e-05
4.352132132132132	1.9150448729950975e-05
4.353383383383383	1.831795517529194e-05
4.3546346346346345	1.7521650505017715e-05
4.355885885885886	1.675996162532314e-05
4.357137137137137	1.6031383818595697e-05
4.358388388388388	1.5334477771759176e-05
4.3596396396396395	1.466786673373982e-05
4.360890890890891	1.4030233796436298e-05
4.362142142142142	1.3420319293835605e-05
4.363393393393393	1.2836918314140464e-05
4.3646446446446445	1.227887832000744e-05
4.365895895895896	1.1745096872190584e-05
4.367147147147147	1.1234519452103921e-05
4.368398398398398	1.074613737900329e-05
4.3696496496496495	1.0278985817683666e-05
4.370900900900901	9.83214187275211e-06
4.372152152152152	9.40472276571928e-06
4.373403403403403	8.995884091309419e-06
4.3746546546546545	8.604818149552493e-06
4.375905905905906	8.230752350359493e-06
4.377157157157157	7.87294768743508e-06
4.378408408408408	7.530697278513201e-06
4.3796596596596595	7.203324969038364e-06
4.380910910910911	6.890183996530419e-06
4.382162162162162	6.59065571299889e-06
4.383413413413413	6.304148362882914e-06
4.3846646646646645	6.030095914107777e-06
4.385915915915916	5.767956939945353e-06
4.387167167167167	5.517213549473112e-06
4.388418418418418	5.277370364518563e-06
4.3896696696696695	5.047953541072163e-06
4.390920920920921	4.8285098332324e-06
4.392172172172172	4.618605697836678e-06
4.393423423423423	4.417826438008801e-06
4.3946746746746745	4.2257753839344065e-06
4.395925925925926	4.042073109243208e-06
4.397177177177177	3.8663566814522705e-06
4.398428428428428	3.6982789449890788e-06
4.3996796796796795	3.5375078353806453e-06
4.400930930930931	3.3837257232514537e-06
4.402182182182182	3.2366287868360614e-06
4.403433433433433	3.0959264117663044e-06
4.4046846846846845	2.9613406169494937e-06
4.405935935935936	2.8326055054013604e-06
4.407187187187187	2.7094667389502828e-06
4.408438438438438	2.5916810357746222e-06
4.4096896896896896	2.47901568978228e-06
4.410940940940941	2.371248110881216e-06
4.412192192192192	2.2681653852338783e-06
4.413443443443443	2.169563854626415e-06
4.4146946946946946	2.075248714123103e-06
4.415945945945946	1.9850336272096366e-06
4.417197197197197	1.8987403576659207e-06
4.418448448448448	1.8161984174407463e-06
4.4196996996997	1.7372447298338751e-06
4.420950950950951	1.6617233073188487e-06
4.422202202202202	1.589484943370807e-06
4.423453453453453	1.520386917690191e-06
4.424704704704705	1.454292714240934e-06
4.425955955955956	1.3910717515450244e-06
4.427207207207207	1.3305991247012459e-06
4.428458458458458	1.272755358618158e-06
4.42970970970971	1.217426171974604e-06
4.430960960960961	1.164502251440512e-06
4.432212212212212	1.1138790357124611e-06
4.433463463463463	1.065456508937123e-06
4.434714714714715	1.0191390031151207e-06
4.435965965965966	9.748350090941625e-07
4.437217217217217	9.324569957784805e-07
4.438468468468468	8.919212371971957e-07
4.43971971971972	8.531476470905191e-07
4.440970970970971	8.160596206863357e-07
4.442222222222222	7.805838833549469e-07
4.443473473473473	7.466503458427928e-07
4.444724724724725	7.141919657996116e-07
4.445975975975976	6.831446153249138e-07
4.447227227227227	6.534469542723915e-07
4.448478478478478	6.250403090618129e-07
4.44972972972973	5.978685567593575e-07
4.450980980980981	5.718780141969172e-07
4.452232232232232	5.470173319115505e-07
4.453483483483483	5.23237392695428e-07
4.454734734734735	5.004912145561582e-07
4.455985985985986	4.787338578953891e-07
4.457237237237237	4.5792233672250975e-07
4.458488488488488	4.3801553372793985e-07
4.45973973973974	4.189741190484803e-07
4.460990990990991	4.0076047256391395e-07
4.462242242242242	3.8333860957151094e-07
4.463493493493493	3.6667410969150924e-07
4.464744744744745	3.507340488633326e-07
4.465995995995996	3.354869342979214e-07
4.467247247247247	3.2090264225780784e-07
4.468498498498498	3.069523585419357e-07
4.46974974974975	2.9360852155782655e-07
4.471001001001001	2.8084476786839416e-07
4.472252252252252	2.6863588010594576e-07
4.473503503503503	2.5695773715040265e-07
4.474754754754755	2.4578726647346284e-07
4.476006006006006	2.3510239855436247e-07
4.477257257257257	2.2488202327727665e-07
4.478508508508508	2.1510594822416215e-07
4.47975975975976	2.0575485878077175e-07
4.481011011011011	1.9681027997686166e-07
4.482262262262262	1.8825453998528504e-07
4.483513513513513	1.800707352078129e-07
4.484764764764765	1.7224269687881095e-07
4.486016016016016	1.6475495912065813e-07
4.487267267267267	1.5759272838786398e-07
4.488518518518518	1.5074185423947965e-07
4.48976976976977	1.441888013821476e-07
4.491021021021021	1.379206229284441e-07
4.492272272272272	1.3192493481773944e-07
4.493523523523523	1.26189891349009e-07
4.494774774774775	1.2070416177733042e-07
4.496026026026026	1.1545690792773551e-07
4.497277277277277	1.1043776278223719e-07
4.498528528528528	1.0563680999770021e-07
4.49977977977978	1.0104456431415271e-07
4.501031031031031	9.665195281475232e-08
4.502282282282282	9.245029700042345e-08
4.503533533533533	8.843129564372899e-08
4.504784784784785	8.458700838815346e-08
4.506036036036036	8.090984006032937e-08
4.507287287287287	7.73925256642463e-08
4.508538538538538	7.402811602777787e-08
4.50978978978979	7.080996407321268e-08
4.511041041041041	6.773171168460866e-08
4.512292292292292	6.478727714605337e-08
4.513543543543543	6.197084312599702e-08
4.514794794794795	5.927684518395544e-08
4.516046046046046	5.669996077682999e-08
4.517297297297297	5.42350987431477e-08
4.518548548548548	5.187738924443336e-08
4.5197997997998	4.962217414387138e-08
4.521051051051051	4.746499780320982e-08
4.522302302302302	4.540159827974442e-08
4.523553553553553	4.342789890597946e-08
4.524804804804805	4.154000023535552e-08
4.526056056056056	3.973417233809875e-08
4.527307307307307	3.8006847431987457e-08
4.528558558558558	3.6354612833467674e-08
4.52980980980981	3.477420421521274e-08
4.531061061061061	3.3262499156778844e-08
4.532312312312312	3.181651097562863e-08
4.533563563563563	3.043338282632718e-08
4.534814814814815	2.911038205627042e-08
4.536066066066066	2.7844894806771713e-08
4.537317317317317	2.6634420848851875e-08
4.538568568568568	2.5476568643523327e-08
4.53981981981982	2.4369050616824153e-08
4.541071071071071	2.3309678640247937e-08
4.542322322322322	2.229635970764992e-08
4.543573573573573	2.1327091800082995e-08
4.544824824824825	2.0399959930406533e-08
4.546076076076076	1.951313235983725e-08
4.547327327327327	1.8664856978975556e-08
4.548578578578578	1.7853457846152868e-08
4.54982982982983	1.7077331876271358e-08
4.551081081081081	1.6334945673581384e-08
4.552332332332332	1.5624832502142782e-08
4.553583583583583	1.494558938799061e-08
4.554834834834835	1.4295874347272685e-08
4.556086086086086	1.3674403734888091e-08
4.557337337337337	1.3079949708381615e-08
4.558588588588588	1.2511337802091833e-08
4.55983983983984	1.1967444606753481e-08
4.561091091091091	1.144719554997429e-08
4.562342342342342	1.0949562773195535e-08
4.563593593593593	1.0473563100948782e-08
4.564844844844845	1.001825609839115e-08
4.566096096096096	9.582742213285164e-09
4.567347347347347	9.166160998747663e-09
4.568598598598598	8.767689413262208e-09
4.56984984984985	8.386540194591736e-09
4.571101101101101	8.021960304381962e-09
4.572352352352352	7.67322944037863e-09
4.573603603603603	7.339658613324057e-09
4.574854854854855	7.0205887857174645e-09
4.576106106106106	6.7153895697523775e-09
4.577357357357357	6.423457981855305e-09
4.578608608608608	6.144217251369148e-09
4.57985985985986	5.877115681024358e-09
4.581111111111111	5.621625556948771e-09
4.582362362362362	5.3772421060598145e-09
4.583613613613613	5.143482498782672e-09
4.584864864864865	4.9198848951213236e-09
4.586116116116116	4.706007532199656e-09
4.587367367367367	4.501427851467621e-09
4.588618618618618	4.305741663850896e-09
4.58986986986987	4.1185623511923575e-09
4.591121121121121	3.939520102409231e-09
4.592372372372372	3.7682611828548686e-09
4.593623623623623	3.60444723544401e-09
4.594874874874875	3.4477546121588606e-09
4.596126126126126	3.297873734616557e-09
4.597377377377377	3.1545084824330785e-09
4.598628628628628	3.017375608177193e-09
4.59987987987988	2.88620417775697e-09
4.601131131131131	2.7607350351343267e-09
4.602382382382382	2.6407202903086974e-09
4.603633633633633	2.525922829559907e-09
4.604884884884885	2.416115846981301e-09
4.606136136136136	2.3110823963784992e-09
4.607387387387387	2.2106149626473335e-09
4.608638638638638	2.1145150517855383e-09
4.60988988988989	2.022592798727063e-09
4.611141141141141	1.934666592224974e-09
4.612392392392392	1.8505627160408842e-09
4.613643643643643	1.7701150057331762e-09
4.614894894894895	1.6931645203649995e-09
4.616146146146146	1.6195592284840884e-09
4.617397397397397	1.5491537077531853e-09
4.618648648648648	1.4818088576386229e-09
4.6198998998999	1.4173916245886316e-09
4.621151151151151	1.3557747391589542e-09
4.622402402402402	1.2968364645657365e-09
4.623653653653653	1.2404603561697377e-09
4.624904904904905	1.1865350314160134e-09
4.626156156156156	1.1349539497749938e-09
4.627407407407407	1.0856152022496336e-09
4.628658658658658	1.038421310033448e-09
4.62990990990991	9.932790319210942e-10
4.631161161161161	9.500991800913827e-10
4.632412412412412	9.087964438982864e-10
4.633663663663663	8.692892213223996e-10
4.634914914914915	8.314994577493741e-10
4.636166166166166	7.953524917571312e-10
4.637417417417417	7.607769076067803e-10
4.638668668668668	7.277043941462904e-10
4.63991991991992	6.960696098477681e-10
4.641171171171171	6.658100537119611e-10
4.642422422422422	6.368659417846048e-10
4.643673673673673	6.091800890410539e-10
4.644924924924925	5.826977964055101e-10
4.646176176176176	5.573667426818575e-10
4.647427427427427	5.331368811823162e-10
4.648678678678678	5.09960340850024e-10
4.64992992992993	4.877913316799236e-10
4.651181181181181	4.665860542512804e-10
4.652432432432432	4.463026131928663e-10
4.653683683683683	4.269009344101265e-10
4.654934934934935	4.083426859105678e-10
4.656186186186186	3.9059120207109933e-10
4.657437437437437	3.7361141119750957e-10
4.658688688688688	3.573697662331953e-10
4.65993993993994	3.418341784800554e-10
4.661191191191191	3.2697395420073115e-10
4.662442442442442	3.1275973397677854e-10
4.663693693693693	2.991634347031611e-10
4.664944944944945	2.8615819410430277e-10
4.666196196196196	2.737183176621906e-10
4.667447447447447	2.61819227851539e-10
4.668698698698698	2.5043741558188566e-10
4.66994994994995	2.395503937505506e-10
4.671201201201201	2.29136652814784e-10
4.672452452452452	2.1917561829521482e-10
4.673703703703703	2.0964761012677874e-10
4.674954954954955	2.0053380377670397e-10
4.676206206206206	1.918161930528118e-10
4.677457457457457	1.8347755452855936e-10
4.678708708708708	1.7550141351465425e-10
4.67995995995996	1.67872011509919e-10
4.681211211211211	1.6057427506716196e-10
4.682462462462462	1.5359378601246412e-10
4.683713713713713	1.4691675295914147e-10
4.684964964964965	1.4052998406002531e-10
4.686216216216216	1.3442086094428107e-10
4.687467467467467	1.2857731378720613e-10
4.688718718718718	1.229877974638342e-10
4.68996996996997	1.1764126873916767e-10
4.691221221221221	1.1252716445001689e-10
4.692472472472472	1.0763538063528639e-10
4.693723723723723	1.0295625257354276e-10
4.694974974974975	9.848053568837059e-11
4.696226226226226	9.41993872838285e-11
4.697477477477477	9.010434907387413e-11
4.698728728728728	8.618733047129802e-11
4.69997997997998	8.244059260310544e-11
4.701231231231231	7.885673302079631e-11
4.702482482482482	7.542867107529671e-11
4.703733733733733	7.214963392769528e-11
4.704984984984985	6.90131431681076e-11
4.706236236236236	6.601300201625767e-11
4.707487487487487	6.314328307845661e-11
4.708738738738738	6.039831663682968e-11
4.70998998998999	5.77726794476231e-11
4.711241241241241	5.5261184026481215e-11
4.712492492492492	5.285886839949795e-11
4.713743743743743	5.056098629982728e-11
4.714994994994995	4.8362997790457334e-11
4.716246246246246	4.6260560294639935e-11
4.717497497497497	4.4249520016231904e-11
4.718748748748748	4.232590373302518e-11
4.72	4.0485910946829495e-11
