3.55	0.9978985766325308
3.5508708708708707	0.9978710312341951
3.5517417417417416	0.9978431255519639
3.5526126126126125	0.9978148548940454
3.5534834834834834	0.9977862145080921
3.5543543543543543	0.9977571995804344
3.555225225225225	0.9977278052353026
3.556096096096096	0.9976980265340422
3.5569669669669666	0.9976678584743179
3.5578378378378375	0.997637295989308
3.5587087087087084	0.9976063339468905
3.5595795795795793	0.9975749671488169
3.56045045045045	0.9975431903298784
3.561321321321321	0.9975109981570606
3.562192192192192	0.9974783852286885
3.563063063063063	0.9974453460735611
3.5639339339339338	0.9974118751500757
3.5648048048048047	0.9973779668453416
3.5656756756756756	0.9973436154742827
3.5665465465465465	0.9973088152787304
3.5674174174174174	0.997273560426505
3.5682882882882883	0.997237845010485
3.569159159159159	0.9972016630476684
3.57003003003003	0.9971650084782193
3.5709009009009005	0.9971278751645049
3.5717717717717714	0.9970902568901214
3.5726426426426423	0.9970521473589075
3.573513513513513	0.9970135401939461
3.574384384384384	0.996974428936555
3.575255255255255	0.9969348070452656
3.576126126126126	0.9968946678947882
3.576996996996997	0.9968540047749664
3.5778678678678677	0.9968128108897198
3.5787387387387386	0.9967710793559721
3.5796096096096095	0.9967288032025685
3.5804804804804804	0.99668597536918
3.5813513513513513	0.9966425887051943
3.582222222222222	0.9965986359685945
3.583093093093093	0.9965541098248245
3.583963963963964	0.9965090028456404
3.5848348348348344	0.9964633075079506
3.5857057057057053	0.99641701619264
3.5865765765765762	0.9963701211833826
3.587447447447447	0.9963226146654387
3.588318318318318	0.9962744887244406
3.589189189189189	0.9962257353451607
3.59006006006006	0.9961763464102705
3.5909309309309307	0.9961263136990794
3.5918018018018016	0.9960756288862651
3.5926726726726725	0.9960242835405846
3.5935435435435434	0.9959722691235737
3.5944144144144143	0.9959195769882305
3.5952852852852852	0.9958661983776839
3.596156156156156	0.9958121244238473
3.597027027027027	0.9957573461460573
3.597897897897898	0.9957018544496969
3.5987687687687684	0.9956456401248036
3.5996396396396393	0.9955886938446605
3.60051051051051	0.9955310061643742
3.601381381381381	0.9954725675194342
3.602252252252252	0.9954133682242586
3.603123123123123	0.9953533984707218
3.603993993993994	0.9952926483266664
3.6048648648648647	0.995231107734401
3.6057357357357356	0.9951687665091775
3.6066066066066065	0.9951056143376542
3.6074774774774774	0.9950416407763424
3.6083483483483483	0.994976835250035
3.609219219219219	0.9949111870502179
3.61009009009009	0.9948446853334653
3.610960960960961	0.9947773191198166
3.611831831831832	0.9947090772911367
3.6127027027027023	0.9946399485894578
3.6135735735735732	0.9945699216153042
3.614444444444444	0.9944989848259993
3.615315315315315	0.9944271265339532
3.616186186186186	0.994354334904935
3.617057057057057	0.9942805979563236
3.6179279279279277	0.9942059035553423
3.6187987987987986	0.9941302394172749
3.6196696696696695	0.9940535931036608
3.6205405405405404	0.9939759520204752
3.6214114114114113	0.9938973034162872
3.622282282282282	0.9938176343803997
3.623153153153153	0.9937369318409721
3.624024024024024	0.9936551825631205
3.624894894894895	0.9935723731470011
3.625765765765766	0.9934884900258741
3.6266366366366363	0.9934035194641458
3.627507507507507	0.9933174475553941
3.628378378378378	0.9932302602203711
3.629249249249249	0.9931419432049886
3.63012012012012	0.9930524820782822
3.6309909909909908	0.9929618622303551
3.6318618618618617	0.9928700688703023
3.6327327327327326	0.9927770870241149
3.6336036036036035	0.9926829015325627
3.6344744744744744	0.9925874970490577
3.6353453453453453	0.9924908580374963
3.636216216216216	0.9923929687700814
3.637087087087087	0.9922938133251231
3.637957957957958	0.9921933755848199
3.638828828828829	0.9920916392330164
3.6396996996996993	0.9919885877529437
3.64057057057057	0.9918842044249365
3.641441441441441	0.9917784723241291
3.642312312312312	0.9916713743181315
3.643183183183183	0.9915628930646839
3.644054054054054	0.9914530110092885
3.6449249249249247	0.9913417103828237
3.6457957957957956	0.9912289731991327
3.6466666666666665	0.9911147812525936
3.6475375375375374	0.9909991161156686
3.6484084084084083	0.9908819591364285
3.649279279279279	0.9907632914360603
3.65015015015015	0.99064309390635
3.651021021021021	0.9905213472071456
3.651891891891892	0.9903980317637981
3.652762762762763	0.9902731277645828
3.6536336336336337	0.9901466151580961
3.654504504504504	0.9900184736506347
3.655375375375375	0.9898886827035502
3.656246246246246	0.9897572215305859
3.657117117117117	0.9896240690951886
3.6579879879879877	0.9894892041078029
3.6588588588588586	0.9893526050231419
3.6597297297297295	0.9892142500374388
3.6606006006006004	0.9890741170856757
3.6614714714714713	0.9889321838387939
3.6623423423423422	0.9887884277008808
3.663213213213213	0.9886428258063396
3.664084084084084	0.9884953550170352
3.664954954954955	0.988345991919422
3.665825825825826	0.9881947128216511
3.6666966966966967	0.988041493750657
3.667567567567567	0.9878863104492244
3.668438438438438	0.9877291383730367
3.669309309309309	0.9875699526877034
3.67018018018018	0.9874087282657692
3.671051051051051	0.9872454396837038
3.6719219219219217	0.9870800612188732
3.6727927927927926	0.9869125668464915
3.6736636636636635	0.9867429302365563
3.6745345345345344	0.9865711247507639
3.6754054054054053	0.9863971234394086
3.676276276276276	0.9862208990382632
3.677147147147147	0.9860424239654437
3.678018018018018	0.9858616703182558
3.678888888888889	0.9856786098700269
3.6797597597597598	0.9854932140669197
3.6806306306306307	0.9853054540247326
3.6815015015015016	0.9851153005256835
3.682372372372372	0.9849227240151787
3.683243243243243	0.9847276945985671
3.684114114114114	0.9845301820378836
3.6849849849849847	0.9843301557485741
3.6858558558558556	0.984127584796212
3.6867267267267265	0.9839224378931996
3.6875975975975974	0.9837146833954589
3.6884684684684683	0.9835042892991114
3.689339339339339	0.9832912232371457
3.69021021021021	0.9830754524760771
3.691081081081081	0.9828569439125966
3.691951951951952	0.9826356640702106
3.692822822822823	0.9824115790958751
3.6936936936936937	0.9821846547566179
3.6945645645645646	0.9819548564361602
3.695435435435435	0.9817221491315279
3.696306306306306	0.9814864974496582
3.697177177177177	0.9812478656040058
3.6980480480480478	0.9810062174111401
3.6989189189189187	0.9807615162873446
3.6997897897897896	0.9805137252452131
3.7006606606606605	0.9802628068902439
3.7015315315315314	0.9800087234174367
3.7024024024024023	0.9797514366078899
3.703273273273273	0.9794909078253994
3.704144144144144	0.9792270980130622
3.705015015015015	0.9789599676898841
3.705885885885886	0.9786894769473933
3.7067567567567568	0.9784155854462601
3.7076276276276277	0.9781382524129258
3.7084984984984986	0.9778574366362408
3.7093693693693695	0.9775730964641114
3.71024024024024	0.9772851898001621
3.711111111111111	0.9769936741004086
3.7119819819819817	0.9766985063699457
3.7128528528528526	0.9763996431596533
3.7137237237237235	0.9760970405629174
3.7145945945945944	0.9757906542123717
3.7154654654654653	0.975480439276661
3.716336336336336	0.9751663504572252
3.717207207207207	0.9748483419851077
3.718078078078078	0.9745263676177905
3.718948948948949	0.9742003806360564
3.71981981981982	0.9738703338408792
3.7206906906906907	0.9735361795503477
3.7215615615615616	0.97319786959662
3.7224324324324325	0.9728553553229148
3.723303303303303	0.9725085875805394
3.724174174174174	0.9721575167259541
3.7250450450450447	0.9718020926178835
3.7259159159159156	0.9714422646144638
3.7267867867867865	0.9710779815704428
3.7276576576576574	0.9707091918344213
3.7285285285285283	0.9703358432461497
3.7293993993993992	0.9699578831338741
3.73027027027027	0.9695752583117372
3.731141141141141	0.969187915077239
3.732012012012012	0.9687957992087546
3.732882882882883	0.9683988559631166
3.7337537537537537	0.9679970300732615
3.7346246246246246	0.9675902657459443
3.7354954954954955	0.967178506659524
3.736366366366366	0.9667616959618219
3.737237237237237	0.9663397762680576
3.738108108108108	0.9659126896588639
3.7389789789789787	0.9654803776783834
3.7398498498498496	0.9650427813324514
3.7407207207207205	0.9645998410868677
3.7415915915915914	0.9641514968657589
3.7424624624624623	0.963697688050039
3.743333333333333	0.963238353475965
3.744204204204204	0.9627734314337973
3.745075075075075	0.962302859666564
3.745945945945946	0.961826575368935
3.7468168168168168	0.961344515186209
3.7476876876876877	0.9608566152134169
3.7485585585585586	0.9603628109945451
3.7494294294294295	0.9598630375218831
3.7503003003003004	0.959357229235499
3.751171171171171	0.9588453200228485
3.7520420420420417	0.9583272432185157
3.7529129129129126	0.9578029316040999
3.7537837837837835	0.9572723174082433
3.7546546546546544	0.956735332306807
3.7555255255255253	0.9561919074232018
3.756396396396396	0.9556419733288759
3.757267267267267	0.955085460043963
3.758138138138138	0.9545222970380998
3.759009009009009	0.9539524132314121
3.75987987987988	0.9533757369956781
3.7607507507507507	0.9527921961556709
3.7616216216216216	0.9522017179906886
3.7624924924924925	0.9516042292362713
3.7633633633633634	0.950999656086118
3.764234234234234	0.9503879241942002
3.7651051051051048	0.9497689586770804
3.7659759759759757	0.9491426841164464
3.7668468468468466	0.9485090245618556
3.7677177177177175	0.9478679035337019
3.7685885885885884	0.9472192440264129
3.7694594594594593	0.9465629685118745
3.77033033033033	0.9458989989430939
3.771201201201201	0.945227256758108
3.772072072072072	0.9445476628841384
3.772942942942943	0.9438601377419988
3.7738138138138138	0.9431646012507676
3.7746846846846847	0.9424609728327222
3.7755555555555556	0.9417491714185448
3.7764264264264265	0.9410291154528072
3.7772972972972974	0.9403007228997396
3.7781681681681683	0.9395639112492845
3.7790390390390387	0.9388185975234528
3.7799099099099096	0.938064698282973
3.7807807807807805	0.9373021296342554
3.7816516516516514	0.9365308072366639
3.7825225225225223	0.9357506463101118
3.783393393393393	0.9349615616429794
3.784264264264264	0.9341634676003652
3.785135135135135	0.9333562781326772
3.786006006006006	0.9325399067845656
3.786876876876877	0.9317142667042061
3.7877477477477477	0.9308792706529421
3.7886186186186186	0.9300348310152875
3.7894894894894895	0.9291808598092991
3.7903603603603604	0.9283172686973263
3.7912312312312313	0.9274439689971403
3.7921021021021017	0.9265608716934505
3.7929729729729726	0.9256678874498157
3.7938438438438435	0.924764926620957
3.7947147147147144	0.9238518992654732
3.7955855855855853	0.9229287151589708
3.7964564564564562	0.9219952838076118
3.797327327327327	0.9210515144620834
3.798198198198198	0.9200973161320022
3.799069069069069	0.9191325976007484
3.79993993993994	0.9181572674407443
3.8008108108108107	0.9171712340291829
3.8016816816816816	0.9161744055642029
3.8025525525525525	0.9151666900815275
3.8034234234234234	0.9141479954715626
3.8042942942942943	0.9131182294969671
3.805165165165165	0.9120772998106944
3.806036036036036	0.9110251139745141
3.8069069069069066	0.9099615794780213
3.8077777777777775	0.908886603758124
3.8086486486486484	0.907800094219036
3.8095195195195193	0.9067019582527602
3.81039039039039	0.905592103260072
3.811261261261261	0.9044704366720171
3.812132132132132	0.9033368659719092
3.813003003003003	0.902191298717847
3.8138738738738738	0.9010336425657455
3.8147447447447447	0.8998638052928897
3.8156156156156156	0.8986816948220051
3.8164864864864865	0.8974872192458633
3.8173573573573574	0.8962802868524077
3.8182282282282283	0.8950608061504122
3.819099099099099	0.8938286858956722
3.8199699699699696	0.8925838351177312
3.8208408408408405	0.8913261631471342
3.8217117117117114	0.8900555796432319
3.8225825825825823	0.8887719946225072
3.823453453453453	0.8874753184874471
3.824324324324324	0.8861654620559476
3.825195195195195	0.8848423365912576
3.826066066066066	0.883505853832456
3.826936936936937	0.8821559260254676
3.8278078078078077	0.8807924659546071
3.8286786786786786	0.8794153869746579
3.8295495495495495	0.8780246030434766
3.8304204204204204	0.8766200287551262
3.8312912912912913	0.8752015793735267
3.832162162162162	0.8737691708666322
3.8330330330330327	0.8723227199411155
3.833903903903904	0.8708621440775608
3.8347747747747745	0.8693873615661741
3.8356456456456454	0.8678982915429699
3.8365165165165163	0.8663948540264724
3.837387387387387	0.8648769699548846
3.838258258258258	0.8633445612237487
3.839129129129129	0.8617975507240664
3.84	0.8602358623808852
3.8408708708708708	0.8586594211923367
3.8417417417417417	0.8570681532691141
3.8426126126126126	0.8554619858743874
3.8434834834834835	0.8538408474641348
3.8443543543543544	0.8522046677278847
3.8452252252252253	0.8505533776298558
3.846096096096096	0.8488869094504818
3.846966966966967	0.8472051968283019
3.8478378378378375	0.8455081748022183
3.8487087087087084	0.8437957798540817
3.8495795795795793	0.8420679499516156
3.85045045045045	0.8403246245916411
3.851321321321321	0.8385657448435991
3.852192192192192	0.8367912533933459
3.853063063063063	0.8350010945872036
3.853933933933934	0.8331952144762549
3.8548048048048047	0.8313735608608476
3.8556756756756756	0.8295360833353008
3.8565465465465465	0.827682733332787
3.8574174174174174	0.8258134641703668
3.8582882882882883	0.8239282310941541
3.859159159159159	0.8220269913245951
3.86003003003003	0.820109704101825
3.8609009009009005	0.8181763307310868
3.861771771771772	0.8162268346281791
3.8626426426426423	0.8142611813649278
3.8635135135135132	0.8122793387146062
3.864384384384384	0.8102812766973474
3.865255255255255	0.8082669676254505
3.866126126126126	0.8062363861485978
3.866996996996997	0.8041895092989325
3.8678678678678677	0.8021263165359761
3.8687387387387386	0.8000467897913434
3.8696096096096095	0.7979509135132422
3.8704804804804804	0.7958386747107044
3.8713513513513513	0.793710062997529
3.8722222222222222	0.7915650706359011
3.873093093093093	0.7894036925796519
3.873963963963964	0.7872259265171208
3.874834834834835	0.7850317729135997
3.8757057057057054	0.7828212350533051
3.8765765765765763	0.7805943190808492
3.877447447447447	0.7783510340421869
3.878318318318318	0.7760913919249789
3.879189189189189	0.7738154076983459
3.88006006006006	0.7715230993519867
3.8809309309309308	0.769214487934598
3.8818018018018017	0.7668895975915793
3.8826726726726726	0.7645484556019729
3.8835435435435435	0.7621910924146085
3.8844144144144144	0.759817541683399
3.8852852852852853	0.7574278403017743
3.886156156156156	0.7550220284361853
3.887027027027027	0.7526001495586567
3.887897897897898	0.7501622504783471
3.8887687687687684	0.7477083813720743
3.8896396396396393	0.7452385958137574
3.8905105105105102	0.7427529508027721
3.891381381381381	0.7402515067911286
3.892252252252252	0.7377343277094743
3.893123123123123	0.735201480991867
3.893993993993994	0.7326530375992819
3.8948648648648647	0.7300890720418104
3.8957357357357356	0.727509662399531
3.8966066066066065	0.7249148903419896
3.8974774774774774	0.7223048411462729
3.8983483483483483	0.7196796037136303
3.899219219219219	0.7170392705846131
3.90009009009009	0.7143839379526875
3.900960960960961	0.7117137056763073
3.9018318318318315	0.7090286772893898
3.902702702702703	0.7063289600101696
3.9035735735735733	0.7036146647484259
3.904444444444444	0.7008859061109921
3.905315315315315	0.6981428024055941
3.906186186186186	0.6953854756429199
3.907057057057057	0.6926140515369462
3.9079279279279278	0.6898286595034587
3.9087987987987987	0.687029432656761
3.9096696696696696	0.6842165078045429
3.9105405405405405	0.6813900254408864
3.9114114114114114	0.6785501297373808
3.9122822822822823	0.675696968532348
3.913153153153153	0.6728306933181303
3.914024024024024	0.6699514592264486
3.914894894894895	0.6670594250118035
3.915765765765766	0.6641547530329021
3.9166366366366363	0.6612376092321224
3.917507507507507	0.6583081631129616
3.918378378378378	0.6553665877155106
3.919249249249249	0.6524130595899028
3.92012012012012	0.649447758767762
3.920990990990991	0.6464708687316315
3.9218618618618617	0.6434825763823824
3.9227327327327326	0.6404830720046185
3.9236036036036035	0.6374725492300529
3.9244744744744744	0.6344512049988819
3.9253453453453453	0.6314192395191522
3.926216216216216	0.6283768562241363
3.927087087087087	0.6253242617277092
3.927957957957958	0.6222616657777721
3.928828828828829	0.6191892812076952
3.9296996996996993	0.6161073238858289
3.9305705705705707	0.6130160126630742
3.931441441441441	0.6099155693185778
3.932312312312312	0.6068062185034895
3.933183183183183	0.6036881876829199
3.934054054054054	0.6005617070760183
3.9349249249249247	0.5974270095942625
3.9357957957957956	0.5942843307779695
3.9366666666666665	0.5911339087310608
3.9375375375375374	0.58797598405411
3.9384084084084083	0.5848107997757309
3.9392792792792792	0.5816386012823104
3.94015015015015	0.5784596362461523
3.941021021021021	0.575274154552062
3.941891891891892	0.572082408222418
3.942762762762763	0.5688846513407664
3.9436336336336337	0.5656811399740103
3.944504504504504	0.5624721320932075
3.945375375375375	0.5592578874930446
3.946246246246246	0.5560386677100541
3.947117117117117	0.5528147359395925
3.947987987987988	0.549586356951656
3.9488588588588587	0.5463537970055984
3.9497297297297296	0.5431173237637792
3.9506006006006005	0.5398772062042264
3.9514714714714714	0.5366337145323604
3.9523423423423423	0.5333871200918456
3.953213213213213	0.5301376952746204
3.954084084084084	0.5268857134301936
3.954954954954955	0.5236314487742376
3.955825825825826	0.5203751762965672
3.9566966966966968	0.5171171716685594
3.9575675675675672	0.5138577111500866
3.9584384384384386	0.510597071496012
3.959309309309309	0.5073355298623516
3.96018018018018	0.5040733637121168
3.961051051051051	0.5008108507209627
3.9619219219219217	0.4975482686826635
3.9627927927927926	0.4942858954145119
3.9636636636636635	0.491024008662692
3.9645345345345344	0.48776288600772033
3.9654054054054053	0.4845028047699902
3.966276276276276	0.48124404191551207
3.967147147147147	0.4779868739619086
3.968018018018018	0.4747315768847354
3.968888888888889	0.4714784260241841
3.96975975975976	0.4682276959922615
3.9706306306306307	0.4649796605804737
3.9715015015015016	0.4617345926681115
3.972372372372372	0.4584927641311883
3.973243243243243	0.4552544457520889
3.974114114114114	0.4520199071300202
3.9749849849849848	0.44878941659227867
3.9758558558558557	0.44556324110645074
3.9767267267267266	0.4423416461935584
3.9775975975975975	0.4391248958422396
3.9784684684684684	0.43591325242400747
3.9793393393393393	0.43270697660965074
3.98021021021021	0.42950632728681987
3.981081081081081	0.42631156147887617
3.981951951951952	0.42312293426502445
3.982822822822823	0.4199406987018037
3.9836936936936937	0.41676510574597486
3.9845645645645646	0.41359640417885724
3.985435435435435	0.4104348405321497
3.9863063063063064	0.40728065901529453
3.987177177177177	0.4041341014444308
3.988048048048048	0.40099540717293003
3.9889189189189187	0.3978648130236323
3.9897897897897896	0.39474255322274804
3.9906606606606605	0.39162885933549263
3.9915315315315314	0.38852396020349517
3.9924024024024023	0.38542808188398364
3.993273273273273	0.3823414475907999
3.994144144144144	0.37926427763726017
3.995015015015015	0.37619678938089074
3.995885885885886	0.37313919717005095
3.996756756756757	0.37009171229249016
3.9976276276276277	0.36705454292582357
3.998498498498498	0.3640278940899701
3.9993693693693695	0.3610119676015476
4.00024024024024	0.35800696203027566
4.001111111111111	0.35501307265731924
4.001981981981982	0.35203049143569987
4.002852852852853	0.34905940695264553
4.0037237237237235	0.3461000043940133
4.004594594594595	0.3431524655106741
4.005465465465465	0.34021696858696704
4.006336336336336	0.3372936884111141
4.007207207207207	0.3343827962476964
4.008078078078078	0.3314844598121227
4.008948948948949	0.32859884324707883
4.009819819819819	0.32572610710101657
4.010690690690691	0.3228664083085802
4.011561561561561	0.32001990017304993
4.0124324324324325	0.3171867323507114
4.013303303303303	0.31436705083720706
4.014174174174174	0.3115609979557764
4.015045045045045	0.3087687123474573
4.015915915915916	0.30599032896313316
4.016786786786787	0.30322597905749665
4.017657657657658	0.30047579018483034
4.018528528528528	0.2977398861966501
4.019399399399399	0.2950183872411152
4.02027027027027	0.2923114097642456
4.021141141141141	0.28961906651289093
4.022012012012012	0.2869414665393955
4.022882882882882	0.2842787152079952
4.023753753753754	0.2816309142028474
4.024624624624624	0.2789981615377265
4.025495495495496	0.2763805515672834
4.026366366366366	0.27377817499991886
4.027237237237237	0.2711911189121486
4.028108108108108	0.26861946676450926
4.028978978978979	0.26606329841890003
4.02984984984985	0.2635226901573867
4.030720720720721	0.260997714702364
4.031591591591591	0.2584884412381193
4.032462462462463	0.2559949354336759
4.033333333333333	0.2535172594669575
4.034204204204205	0.2510554720501689
4.035075075075075	0.24860962845641518
4.0359459459459455	0.2461797805474566
4.036816816816817	0.2437659768026206
4.037687687687687	0.24136826234880676
4.038558558558559	0.23898667899151246
4.039429429429429	0.2366212652469251
4.0403003003003	0.23427205637493465
4.041171171171171	0.23193908441312988
4.042042042042042	0.2296223782116509
4.042912912912913	0.22732196346893396
4.043783783783784	0.22503786276824692
4.0446546546546545	0.22277009561503364
4.045525525525526	0.22051867847496642
4.046396396396396	0.2182836248127403
4.047267267267268	0.21606494513149538
4.048138138138138	0.21386264701290023
4.0490090090090085	0.21167673515780175
4.04987987987988	0.2095072114274413
4.05075075075075	0.20735407488519375
4.051621621621622	0.20521732183876323
4.052492492492492	0.20309694588285987
4.0533633633633634	0.20099293794225037
4.054234234234234	0.19890528631521623
4.055105105105105	0.19683397671732789
4.055975975975976	0.19477899232555212
4.056846846846847	0.19274031382260384
4.0577177177177175	0.19071791944157543
4.058588588588589	0.18871178501074207
4.059459459459459	0.1867218839985764
4.060330330330331	0.18474818755888828
4.061201201201201	0.1827906645761067
4.0620720720720715	0.18084928171062528
4.062942942942943	0.17892400344422837
4.063813813813813	0.1770147921255517
4.064684684684685	0.1751216080155224
4.065555555555555	0.17324440933282007
4.0664264264264265	0.17138315229924783
4.067297297297297	0.1695377911850694
4.068168168168168	0.16770827835421664
4.069039039039039	0.16589456430941027
4.06990990990991	0.16409659773710072
4.0707807807807805	0.16231432555228548
4.071651651651652	0.16054769294309792
4.072522522522522	0.15879664341522504
4.073393393393394	0.1570611188360651
4.074264264264264	0.15534105947866964
4.075135135135135	0.15363640406538626
4.076006006006006	0.15194708981124602
4.076876876876877	0.15027305246703754
4.077747747747748	0.14861422636206084
4.078618618618618	0.14697054444654625
4.0794894894894895	0.14534193833373266
4.08036036036036	0.14372833834157883
4.081231231231231	0.14212967353408873
4.082102102102102	0.14054587176226316
4.082972972972973	0.13897685970462478
4.083843843843844	0.1374225629073547
4.084714714714715	0.13588290582397528
4.085585585585585	0.13435781185461934
4.086456456456457	0.13284720338483294
4.087327327327327	0.1313510018239398
4.088198198198198	0.12986912764291947
4.089069069069069	0.1284015004118272
4.08993993993994	0.12694803883673128
4.090810810810811	0.12550866079615078
4.091681681681681	0.12408328337700661
4.092552552552553	0.12267182291006899
4.093423423423423	0.12127419500490368
4.094294294294294	0.11989031458428971
4.095165165165165	0.11852009591814403
4.096036036036036	0.11716345265690156
4.096906906906907	0.11582029786439196
4.097777777777778	0.11449054405017242
4.098648648648648	0.11317410320134695
4.09951951951952	0.11187088681383403
4.10039039039039	0.1105808059231224
4.101261261261262	0.10930377113447008
4.102132132132132	0.10803969265258566
4.103003003003003	0.10678848031075776
4.103873873873874	0.10555004359946256
4.104744744744744	0.10432429169441719
4.105615615615616	0.10311113348411
4.106486486486486	0.10191047759679536
4.107357357357357	0.10072223242693784
4.108228228228228	0.09954630616114958
4.109099099099099	0.09838260680356901
4.10996996996997	0.09723104220073432
4.110840840840841	0.0960915200659091
4.1117117117117115	0.09496394800290436
4.112582582582583	0.09384823352935626
4.113453453453453	0.0927442840995112
4.114324324324325	0.09165200712647045
4.115195195195195	0.09057131000394539
4.116066066066066	0.08950210012748619
4.116936936936937	0.08844428491522245
4.117807807807807	0.0873977718280926
4.118678678678679	0.08636246838958363
4.119549549549549	0.08533828220498302
4.1204204204204204	0.0843251209801324
4.121291291291291	0.08332289253971671
4.122162162162162	0.08233150484505969
4.123033033033033	0.08135086601146288
4.123903903903904	0.0803808843250664
4.1247747747747745	0.07942146825926076
4.125645645645646	0.07847252649062879
4.126516516516516	0.0775339679144541
4.127387387387388	0.076605701659769
4.128258258258258	0.07568763710397781
4.129129129129129	0.07477968388703617
4.13	0.07388175192521432
4.13087087087087	0.07299375142442711
4.131741741741742	0.07211559289315818
4.132612612612612	0.07124718715497552
4.1334834834834835	0.07038844536063216
4.134354354354354	0.0695392789997889
4.135225225225225	0.06869959991232655
4.136096096096096	0.06786932029929083
4.136966966966967	0.06704835273344369
4.1378378378378375	0.06623661016945741
4.138708708708709	0.06543400595372607
4.139579579579579	0.06464045383383599
4.140450450450451	0.06385586796766397
4.141321321321321	0.06308016293214448
4.1421921921921925	0.062313253731681346
4.143063063063063	0.06155505580623857
4.143933933933933	0.0608054850390877
4.144804804804805	0.060064457764245086
4.145675675675676	0.05933189077358755
4.1465465465465465	0.0586077013236566
4.147417417417417	0.05789180714215789
4.148288288288288	0.05718412643416614
4.149159159159159	0.05648457788803642
4.15003003003003	0.05579308068102545
4.150900900900901	0.05510955448464012
4.151771771771772	0.05443391946970138
4.152642642642642	0.05376609631115114
4.153513513513514	0.05310600619258477
4.154384384384384	0.052453570810536546
4.1552552552552555	0.05180871237850557
4.156126126126126	0.05117135363074388
4.156996996996996	0.05054141782579553
4.157867867867868	0.049918828749807596
4.158738738738739	0.049303510719611664
4.15960960960961	0.04869538858557693
4.16048048048048	0.04809438773424841
4.161351351351351	0.047500434090771065
4.162222222222222	0.04691345412110835
4.163093093093093	0.046333374834050964
4.163963963963964	0.045760123783037544
4.164834834834835	0.045193629067772655
4.165705705705705	0.0446338193356655
4.166576576576577	0.04408062378307876
4.167447447447447	0.04353397215640604
4.168318318318319	0.04299379475296765
4.169189189189189	0.04246002242174702
4.17006006006006	0.04193258656395361
4.170930930930931	0.04141141913343417
4.171801801801802	0.04089645263692241
4.172672672672673	0.040387620134144056
4.173543543543543	0.0398848552377684
4.174414414414414	0.03938809211322291
4.175285285285285	0.03889726547836987
4.176156156156156	0.03841231060304231
4.177027027027027	0.03793316330846066
4.177897897897898	0.03745975996651218
4.1787687687687685	0.03699203749891797
4.17963963963964	0.0365299333762731
4.18051051051051	0.036073385616980536
4.181381381381382	0.03562233278606483
4.182252252252252	0.03517671399388899
4.183123123123123	0.03473646889475711
4.183993993993994	0.034301537685425806
4.184864864864865	0.03387186110351072
4.185735735735736	0.03344738042580732
4.186606606606606	0.03302803746651312
4.1874774774774774	0.03261377457536985
4.188348348348348	0.032204534635719144
4.189219219219219	0.031800261062474085
4.19009009009009	0.031400897800019284
4.190960960960961	0.031006389320029068
4.1918318318318315	0.030616680619219544
4.192702702702703	0.03023171721702664
4.193573573573573	0.02985144515322223
4.194444444444445	0.029475810985460787
4.195315315315315	0.02910476178677133
4.196186186186186	0.028738245142984283
4.197057057057057	0.028376209150107776
4.197927927927928	0.028018602411645856
4.198798798798799	0.02766537403586979
4.199669669669669	0.027316473633035524
4.2005405405405405	0.026971851312558342
4.201411411411412	0.02663145768014273
4.202282282282282	0.026295243834867744
4.203153153153153	0.025963161366234045
4.204024024024024	0.025635162351172677
4.2048948948948945	0.025311199351018984
4.205765765765766	0.024991225408448833
4.206636636636636	0.024675194044388175
4.207507507507508	0.02436305925488599
4.208378378378378	0.024054775507965986
4.2092492492492495	0.02375029774044457
4.21012012012012	0.023449581354730135
4.210990990990991	0.02315258221559364
4.211861861861862	0.02285925664692306
4.212732732732732	0.02256956142845214
4.2136036036036035	0.02228345379247559
4.214474474474475	0.0220008914205454
4.215345345345345	0.021721832440151214
4.216216216216216	0.021446235421386604
4.217087087087087	0.021174059373604007
4.217957957957958	0.02090526374205794
4.218828828828829	0.020639808404536695
4.219699699699699	0.0203776536679883
4.220570570570571	0.020118760265135004
4.221441441441441	0.019863089351085956
4.2223123123123125	0.019610602499940323
4.223183183183183	0.019361261701390166
4.224054054054054	0.01911502935731738
4.224924924924925	0.018871868278391674
4.225795795795795	0.018631741680664404
4.226666666666667	0.018394613182165058
4.227537537537538	0.01816044679949866
4.228408408408408	0.017929206944443513
4.229279279279279	0.017700858420553175
4.23015015015015	0.017475366419761947
4.231021021021021	0.017252696518995813
4.231891891891892	0.017032814676786263
4.232762762762762	0.016815687229893964
4.233633633633634	0.016601280889935663
4.234504504504504	0.016389562740021988
4.235375375375376	0.016180500231401083
4.236246246246246	0.01597406118011382
4.237117117117117	0.015770213763655692
4.237987987987988	0.015568926517652515
4.238858858858859	0.015370168332543656
4.23972972972973	0.01517390845027979
4.240600600600601	0.014980116461030315
4.241471471471471	0.01478876229990578
4.242342342342342	0.014599816243690833
4.243213213213213	0.01441324890759279
4.244084084084084	0.014229031242004411
4.244954954954955	0.01404713452927873
4.2458258258258255	0.013867530380522906
4.246696696696697	0.013690190732403323
4.247567567567567	0.01351508784397017
4.248438438438439	0.013342194293494996
4.249309309309309	0.013171482975328027
4.25018018018018	0.013002927096768889
4.251051051051051	0.012836500174958505
4.251921921921922	0.012672176033784661
4.252792792792793	0.012509928800808815
4.253663663663664	0.0123497329042081
4.2545345345345345	0.012191563069738613
4.255405405405405	0.012035394317714365
4.256276276276276	0.011881201960007696
4.257147147147147	0.011728961597067955
4.258018018018018	0.011578649114958284
4.2588888888888885	0.011430240682414345
4.25975975975976	0.011283712747920225
4.26063063063063	0.011139042036806462
4.261501501501502	0.010996205548366353
4.262372372372372	0.010855180552994234
4.263243243243243	0.010715944589342006
4.264114114114114	0.010578475461498562
4.264984984984985	0.010442751236187445
4.265855855855856	0.010308750239987279
4.266726726726727	0.010176451056571374
4.2675975975975975	0.010045832523969858
4.268468468468468	0.009916873731850991
4.269339339339339	0.009789554018824925
4.270210210210211	0.009663852969768483
4.271081081081081	0.009539750413170232
4.2719519519519515	0.009417226418497425
4.272822822822823	0.009296261293584457
4.273693693693693	0.009176835582042155
4.274564564564565	0.009058930060687944
4.275435435435435	0.008942525736999355
4.2763063063063065	0.008827603846585548
4.277177177177177	0.008714145850684123
4.278048048048048	0.008602133433675385
4.278918918918919	0.008491548500621187
4.27978978978979	0.008382373174823118
4.2806606606606605	0.008274589795402725
4.281531531531531	0.00816818091490301
4.282402402402402	0.008063129296910472
4.283273273273274	0.007959417913700086
4.284144144144144	0.007857029943899242
4.285015015015015	0.0077559487701739805
4.285885885885886	0.007656157976936707
4.286756756756756	0.007557641348073905
4.287627627627628	0.0074603828646953585
4.288498498498498	0.007364366702904138
4.2893693693693695	0.007269577231587397
4.29024024024024	0.007175999010227996
4.291111111111111	0.007083616786736195
4.291981981981982	0.006992415495303531
4.292852852852853	0.0069023802542745654
4.293723723723724	0.006813496364042154
4.294594594594595	0.00672574930495996
4.295465465465465	0.006639124735277737
4.296336336336337	0.006553608489095194
4.297207207207207	0.006469186574336456
4.298078078078078	0.006385845170744467
4.298948948948949	0.006303570627894671
4.299819819819819	0.006222349463229842
4.300690690690691	0.006142168360112303
4.301561561561561	0.00606301416589787
4.302432432432433	0.005984873890027763
4.303303303303303	0.0059077347021403255
4.304174174174174	0.005831583930201819
4.305045045045045	0.005756409058656336
4.305915915915916	0.005682197726594154
4.306786786786787	0.005608937725940185
4.307657657657658	0.0055366169996590095
4.308528528528528	0.005465223639980949
4.3093993993994	0.005394745886644035
4.31027027027027	0.005325172125156791
4.311141141141141	0.005256490885076868
4.312012012012012	0.0051886908383092754
4.3128828828828825	0.005121760797422514
4.313753753753754	0.005055689713981018
4.314624624624624	0.00499046667689747
4.315495495495496	0.00492608091080039
4.316366366366366	0.004862521774421001
4.317237237237237	0.0047997787589962
4.318108108108108	0.004737841486689111
4.318978978978979	0.004676699709026545
4.31984984984985	0.004616343305353339
4.320720720720721	0.004556762281303424
4.3215915915915915	0.004497946767287544
4.322462462462463	0.004439887016997065
4.323333333333333	0.004382573405925117
4.324204204204204	0.004325996429902352
4.325075075075075	0.0042701467036503245
4.325945945945946	0.004215014959349795
4.326816816816817	0.00416059204522519
4.327687687687687	0.0041068689241447005
4.328558558558559	0.004053836672235553
4.329429429429429	0.004001486477515585
4.3303003003003	0.0039498096385385565
4.331171171171171	0.003898797563056351
4.332042042042042	0.003848441766694385
4.332912912912913	0.0037987338716433242
4.333783783783784	0.003749665605364604
4.3346546546546545	0.0037012287993108558
4.335525525525526	0.0036534153876607144
4.336396396396396	0.0036062174060679784
4.337267267267267	0.003559626990424689
4.338138138138138	0.0035136363756387507
4.339009009009009	0.003468237894424904
4.33987987987988	0.003423423976110018
4.34075075075075	0.0033791871454512457
4.341621621621622	0.0033355200214686613
4.342492492492492	0.0032924153162906047
4.3433633633633635	0.0032498658340122865
4.344234234234234	0.0032078644695682137
4.345105105105105	0.0031664042076164083
4.345975975975976	0.0031254781214369192
4.346846846846847	0.0030850793718416696
4.3477177177177175	0.0030452012060980856
4.348588588588589	0.0030058369568645026
4.349459459459459	0.002966980041138206
4.35033033033033	0.002928623959215702
4.351201201201201	0.00289076229366487
4.3520720720720725	0.0028533887083097204
4.352942942942943	0.0028164969472262388
4.353813813813813	0.0027800808337504076
4.354684684684685	0.0027441342694980073
4.355555555555555	0.0027086512333955666
4.3564264264264265	0.0026736257807229123
4.357297297297297	0.0026390520421669447
4.358168168168168	0.0026049242228865783
4.359039039039039	0.002571236601588751
4.35990990990991	0.002537983529615143
4.360780780780781	0.0025051594300402906
4.361651651651652	0.002472758796779441
4.362522522522522	0.0024407761937081194
4.363393393393394	0.002409206253791049
4.364264264264264	0.0023780436782223527
4.3651351351351355	0.002347283235575439
4.366006006006006	0.0023169197609632336
4.366876876876876	0.0022869481552084386
4.367747747747748	0.0022573633840235123
4.368618618618618	0.002228160477200985
4.36948948948949	0.002199334527812671
4.37036036036036	0.0021708806914192817
4.371231231231231	0.0021427941852890263
4.372102102102102	0.002115070287625791
4.372972972972973	0.0020877043368065797
4.373843843843844	0.0020606917306281642
4.374714714714715	0.0020340279255626477
4.375585585585585	0.0020077084360224785
4.376456456456457	0.0019817288336335926
4.377327327327327	0.0019560847465182347
4.3781981981981986	0.001930771858585559
4.379069069069069	0.0019057859088317155
4.3799399399399395	0.0018811226906476027
4.380810810810811	0.0018567780511355712
4.381681681681681	0.0018327478904344226
4.382552552552553	0.0018090281610520938
4.383423423423423	0.001785614867207248
4.384294294294294	0.0017625040641780884
4.385165165165165	0.001739691857659774
4.386036036036036	0.0017171744031292764
4.386906906906907	0.0016949479052181437
4.387777777777778	0.0016730086170929064
4.3886486486486485	0.0016513528398430664
4.38951951951952	0.0016299769218765777
4.39039039039039	0.0016088772583227593
4.391261261261262	0.0015880502904423942
4.392132132132132	0.0015674925050454286
4.3930030030030025	0.001547200433915263
4.393873873873874	0.001527170653240677
4.394744744744745	0.0015073997830543872
4.395615615615616	0.0014878844866786462
4.396486486486486	0.001468621470177675
4.397357357357357	0.0014496074818167138
4.398228228228228	0.0014308393115280808
4.399099099099099	0.001412313790383286
4.39996996996997	0.0013940277900722979
4.400840840840841	0.0013759782223886185
4.4017117117117115	0.0013581620387212512
4.402582582582583	0.001340576229552634
4.403453453453453	0.0013232178239629114
4.404324324324325	0.0013060838891403275
4.405195195195195	0.001289171529897693
4.4060660660660655	0.0012724778881948653
4.406936936936937	0.0012560001426670693
4.407807807807808	0.001239735508159239
4.408678678678679	0.0012236812352660708
4.409549549549549	0.0012078346098776263
4.4104204204204205	0.0011921929527309168
4.411291291291291	0.0011767536189668298
4.412162162162162	0.0011615139976925758
4.413033033033033	0.0011464715115498383
4.413903903903904	0.00113162361628788
4.4147747747747745	0.0011169678003424813
4.415645645645646	0.001102501584419633
4.416516516516516	0.0010882225210848476
4.417387387387388	0.001074128194357344
4.418258258258258	0.0010602162193094036
4.4191291291291295	0.0010464842416707213
4.42	0.0010329299374377064
