3.55	0.9999999990287194
3.5508708708708707	0.9999999989909951
3.5517417417417416	0.9999999989518056
3.5526126126126125	0.9999999989110939
3.5534834834834834	0.9999999988688011
3.5543543543543543	0.9999999988248656
3.555225225225225	0.9999999987792234
3.556096096096096	0.9999999987318087
3.5569669669669666	0.9999999986825525
3.5578378378378375	0.999999998631383
3.5587087087087084	0.9999999985782262
3.5595795795795793	0.9999999985230048
3.56045045045045	0.9999999984656387
3.561321321321321	0.9999999984060444
3.562192192192192	0.9999999983441354
3.563063063063063	0.999999998279822
3.5639339339339338	0.9999999982130106
3.5648048048048047	0.9999999981436043
3.5656756756756756	0.9999999980715022
3.5665465465465465	0.9999999979965997
3.5674174174174174	0.9999999979187881
3.5682882882882883	0.9999999978379543
3.569159159159159	0.9999999977539809
3.57003003003003	0.999999997666746
3.5709009009009005	0.9999999975761227
3.5717717717717714	0.9999999974819798
3.5726426426426423	0.9999999973841804
3.573513513513513	0.9999999972825826
3.574384384384384	0.9999999971770386
3.575255255255255	0.9999999970673954
3.576126126126126	0.9999999969534936
3.576996996996997	0.9999999968351678
3.5778678678678677	0.9999999967122464
3.5787387387387386	0.9999999965845507
3.5796096096096095	0.9999999964518953
3.5804804804804804	0.9999999963140875
3.5813513513513513	0.9999999961709276
3.582222222222222	0.999999996022207
3.583093093093093	0.9999999958677104
3.583963963963964	0.999999995707213
3.5848348348348344	0.9999999955404821
3.5857057057057053	0.9999999953672754
3.5865765765765762	0.9999999951873413
3.587447447447447	0.9999999950004186
3.588318318318318	0.9999999948062357
3.589189189189189	0.999999994604511
3.59006006006006	0.9999999943949511
3.5909309309309307	0.9999999941772522
3.5918018018018016	0.999999993951098
3.5926726726726725	0.9999999937161597
3.5935435435435434	0.9999999934720967
3.5944144144144143	0.9999999932185542
3.5952852852852852	0.9999999929551642
3.596156156156156	0.9999999926815442
3.597027027027027	0.9999999923972968
3.597897897897898	0.9999999921020094
3.5987687687687684	0.999999991795253
3.5996396396396393	0.9999999914765821
3.60051051051051	0.9999999911455343
3.601381381381381	0.9999999908016287
3.602252252252252	0.9999999904443658
3.603123123123123	0.9999999900732267
3.603993993993994	0.9999999896876729
3.6048648648648647	0.9999999892871442
3.6057357357357356	0.999999988871059
3.6066066066066065	0.999999988438813
3.6074774774774774	0.9999999879897788
3.6083483483483483	0.9999999875233042
3.609219219219219	0.999999987038712
3.61009009009009	0.9999999865352982
3.610960960960961	0.9999999860123316
3.611831831831832	0.9999999854690536
3.6127027027027023	0.9999999849046743
3.6135735735735732	0.9999999843183749
3.614444444444444	0.9999999837093037
3.615315315315315	0.9999999830765763
3.616186186186186	0.9999999824192739
3.617057057057057	0.9999999817364421
3.6179279279279277	0.9999999810270891
3.6187987987987986	0.999999980290185
3.6196696696696695	0.9999999795246597
3.6205405405405404	0.9999999787294016
3.6214114114114113	0.9999999779032558
3.622282282282282	0.9999999770450226
3.623153153153153	0.9999999761534558
3.624024024024024	0.9999999752272608
3.624894894894895	0.9999999742650927
3.625765765765766	0.9999999732655538
3.6266366366366363	0.9999999722271934
3.627507507507507	0.9999999711485031
3.628378378378378	0.9999999700279167
3.629249249249249	0.9999999688638069
3.63012012012012	0.9999999676544834
3.6309909909909908	0.99999996639819
3.6318618618618617	0.9999999650931025
3.6327327327327326	0.9999999637373256
3.6336036036036035	0.9999999623288905
3.6344744744744744	0.9999999608657522
3.6353453453453453	0.9999999593457859
3.636216216216216	0.9999999577667842
3.637087087087087	0.9999999561264546
3.637957957957958	0.9999999544224148
3.638828828828829	0.9999999526521905
3.6396996996996993	0.9999999508132111
3.64057057057057	0.9999999489028062
3.641441441441441	0.9999999469182014
3.642312312312312	0.999999944856515
3.643183183183183	0.9999999427147532
3.644054054054054	0.9999999404898057
3.6449249249249247	0.9999999381784415
3.6457957957957956	0.9999999357773047
3.6466666666666665	0.9999999332829081
3.6475375375375374	0.9999999306916297
3.6484084084084083	0.9999999279997066
3.649279279279279	0.9999999252032297
3.65015015015015	0.9999999222981382
3.651021021021021	0.9999999192802135
3.651891891891892	0.9999999161450731
3.652762762762763	0.9999999128881647
3.6536336336336337	0.9999999095047587
3.654504504504504	0.9999999059899418
3.655375375375375	0.9999999023386101
3.656246246246246	0.9999998985454616
3.657117117117117	0.9999998946049877
3.6579879879879877	0.9999998905114669
3.6588588588588586	0.9999998862589544
3.6597297297297295	0.9999998818412754
3.6606006006006004	0.9999998772520144
3.6614714714714713	0.9999998724845076
3.6623423423423422	0.999999867531832
3.663213213213213	0.9999998623867953
3.664084084084084	0.9999998570419264
3.664954954954955	0.999999851489464
3.665825825825826	0.999999845721345
3.6666966966966967	0.9999998397291937
3.667567567567567	0.9999998335043085
3.668438438438438	0.9999998270376499
3.669309309309309	0.9999998203198278
3.67018018018018	0.999999813341087
3.671051051051051	0.9999998060912932
3.6719219219219217	0.9999997985599188
3.6727927927927926	0.9999997907360278
3.6736636636636635	0.9999997826082585
3.6745345345345344	0.9999997741648082
3.6754054054054053	0.9999997653934163
3.676276276276276	0.9999997562813453
3.677147147147147	0.9999997468153635
3.678018018018018	0.999999736981725
3.678888888888889	0.9999997267661502
3.6797597597597598	0.9999997161538048
3.6806306306306307	0.999999705129278
3.6815015015015016	0.9999996936765613
3.682372372372372	0.9999996817790233
3.683243243243243	0.9999996694193878
3.684114114114114	0.9999996565797069
3.6849849849849847	0.9999996432413356
3.6858558558558556	0.999999629384905
3.6867267267267265	0.9999996149902938
3.6875975975975974	0.999999600036599
3.6884684684684683	0.9999995845021065
3.689339339339339	0.9999995683642575
3.69021021021021	0.9999995515996186
3.691081081081081	0.9999995341838448
3.691951951951952	0.9999995160916465
3.692822822822823	0.9999994972967514
3.6936936936936937	0.9999994777718673
3.6945645645645646	0.9999994574886412
3.695435435435435	0.9999994364176196
3.696306306306306	0.9999994145282044
3.697177177177177	0.9999993917886099
3.6980480480480478	0.999999368165815
3.6989189189189187	0.9999993436255169
3.6997897897897896	0.9999993181320794
3.7006606606606605	0.9999992916484833
3.7015315315315314	0.9999992641362713
3.7024024024024023	0.9999992355554921
3.703273273273273	0.9999992058646425
3.704144144144144	0.9999991750206083
3.705015015015015	0.9999991429785997
3.705885885885886	0.9999991096920884
3.7067567567567568	0.9999990751127376
3.7076276276276277	0.9999990391903343
3.7084984984984986	0.9999990018727147
3.7093693693693695	0.9999989631056891
3.71024024024024	0.9999989228329632
3.711111111111111	0.9999988809960562
3.7119819819819817	0.9999988375342155
3.7128528528528526	0.9999987923843294
3.7137237237237235	0.9999987454808352
3.7145945945945944	0.9999986967556231
3.7154654654654653	0.9999986461379387
3.716336336336336	0.9999985935542787
3.717207207207207	0.9999985389282857
3.718078078078078	0.9999984821806364
3.718948948948949	0.9999984232289265
3.71981981981982	0.9999983619875511
3.7206906906906907	0.9999982983675807
3.7215615615615616	0.9999982322766319
3.7224324324324325	0.9999981636187331
3.723303303303303	0.9999980922941851
3.724174174174174	0.9999980181994166
3.7250450450450447	0.9999979412268336
3.7259159159159156	0.9999978612646633
3.7267867867867865	0.9999977781967916
3.7276576576576574	0.9999976919025948
3.7285285285285283	0.9999976022567645
3.7293993993993992	0.999997509129125
3.73027027027027	0.9999974123844446
3.731141141141141	0.9999973118822398
3.732012012012012	0.9999972074765711
3.732882882882883	0.9999970990158296
3.7337537537537537	0.9999969863425194
3.7346246246246246	0.9999968692930273
3.7354954954954955	0.999996747697385
3.736366366366366	0.9999966213790235
3.737237237237237	0.9999964901545155
3.738108108108108	0.9999963538333104
3.7389789789789787	0.9999962122174558
3.7398498498498496	0.9999960651013121
3.7407207207207205	0.9999959122712526
3.7415915915915914	0.9999957535053531
3.7424624624624623	0.999995588573071
3.743333333333333	0.9999954172349095
3.744204204204204	0.9999952392420698
3.745075075075075	0.9999950543360909
3.745945945945946	0.9999948622484727
3.7468168168168168	0.9999946627002877
3.7476876876876877	0.999994455401775
3.7485585585585586	0.9999942400519204
3.7494294294294295	0.9999940163380183
3.7503003003003004	0.9999937839352185
3.751171171171171	0.9999935425060547
3.7520420420420417	0.9999932916999534
3.7529129129129126	0.9999930311527261
3.7537837837837835	0.9999927604860401
3.7546546546546544	0.9999924793068689
3.7555255255255253	0.9999921872069216
3.756396396396396	0.9999918837620513
3.757267267267267	0.9999915685316374
3.758138138138138	0.9999912410579472
3.759009009009009	0.9999909008654712
3.75987987987988	0.9999905474602316
3.7607507507507507	0.9999901803290676
3.7616216216216216	0.9999897989388873
3.7624924924924925	0.9999894027358961
3.7633633633633634	0.9999889911447918
3.764234234234234	0.9999885635679294
3.7651051051051048	0.9999881193844541
3.7659759759759757	0.9999876579493981
3.7668468468468466	0.9999871785927473
3.7677177177177175	0.9999866806184661
3.7685885885885884	0.9999861633034877
3.7694594594594593	0.9999856258966651
3.77033033033033	0.9999850676176798
3.771201201201201	0.9999844876559093
3.772072072072072	0.9999838851692514
3.772942942942943	0.9999832592829001
3.7738138138138138	0.9999826090880767
3.7746846846846847	0.9999819336407109
3.7755555555555556	0.9999812319600695
3.7764264264264265	0.9999805030273342
3.7772972972972974	0.9999797457841215
3.7781681681681683	0.9999789591309473
3.7790390390390387	0.9999781419256302
3.7799099099099096	0.9999772929816355
3.7807807807807805	0.9999764110663509
3.7816516516516514	0.999975494899299
3.7825225225225223	0.9999745431502783
3.783393393393393	0.9999735544374333
3.784264264264264	0.9999725273252479
3.785135135135135	0.9999714603224634
3.786006006006006	0.9999703518799139
3.786876876876877	0.9999692003882782
3.7877477477477477	0.9999680041757442
3.7886186186186186	0.9999667615055834
3.7894894894894895	0.9999654705736309
3.7903603603603604	0.9999641295056674
3.7912312312312313	0.9999627363546995
3.7921021021021017	0.9999612890981353
3.7929729729729726	0.99995978563485
3.7938438438438435	0.9999582237821366
3.7947147147147144	0.9999566012725405
3.7955855855855853	0.9999549157505694
3.7964564564564562	0.9999531647692771
3.797327327327327	0.9999513457867126
3.798198198198198	0.9999494561622345
3.799069069069069	0.9999474931526798
3.79993993993994	0.9999454539083853
3.8008108108108107	0.9999433354690552
3.8016816816816816	0.9999411347594678
3.8025525525525525	0.9999388485850148
3.8034234234234234	0.9999364736270705
3.8042942942942943	0.999934006438178
3.805165165165165	0.9999314434370516
3.806036036036036	0.999928780903384
3.8069069069069066	0.9999260149724529
3.8077777777777775	0.9999231416295179
3.8086486486486484	0.9999201567040014
3.8095195195195193	0.9999170558634424
3.81039039039039	0.999913834607218
3.811261261261261	0.9999104882600205
3.812132132132132	0.9999070119650816
3.813003003003003	0.9999034006771343
3.8138738738738738	0.9998996491551042
3.8147447447447447	0.9998957519545146
3.8156156156156156	0.9998917034195992
3.8164864864864865	0.9998874976751102
3.8173573573573574	0.9998831286178078
3.8182282282282283	0.9998785899076212
3.819099099099099	0.9998738749584674
3.8199699699699696	0.9998689769287147
3.8208408408408405	0.9998638887112772
3.8217117117117114	0.9998586029233263
3.8225825825825823	0.9998531118956046
3.823453453453453	0.9998474076613256
3.824324324324324	0.9998414819446454
3.825195195195195	0.9998353261486888
3.826066066066066	0.9998289313431107
3.826936936936937	0.9998222882511799
3.8278078078078077	0.999815387236362
3.8286786786786786	0.9998082182883835
3.8295495495495495	0.9998007710087606
3.8304204204204204	0.9997930345957665
3.8312912912912913	0.9997849978288189
3.832162162162162	0.9997766490522672
3.8330330330330327	0.999767976158552
3.833903903903904	0.9997589665707158
3.8347747747747745	0.9997496072242394
3.8356456456456454	0.9997398845481796
3.8365165165165163	0.9997297844455764
3.837387387387387	0.9997192922731103
3.838258258258258	0.9997083928199721
3.839129129129129	0.9996970702859218
3.84	0.9996853082585021
3.8408708708708708	0.999673089689375
3.8417417417417417	0.9996603968697501
3.8426126126126126	0.9996472114048668
3.8434834834834835	0.9996335141874961
3.8443543543543544	0.9996192853704261
3.8452252252252253	0.9996045043378888
3.846096096096096	0.9995891496758936
3.846966966966967	0.9995731991414207
3.8478378378378375	0.9995566296304335
3.8487087087087084	0.9995394171446665
3.8495795795795793	0.9995215367571418
3.85045045045045	0.9995029625763632
3.851321321321321	0.9994836677091439
3.852192192192192	0.9994636242220104
3.853063063063063	0.9994428031011342
3.853933933933934	0.9994211742107324
3.8548048048048047	0.9993987062498806
3.8556756756756756	0.999375366707681
3.8565465465465465	0.999351121816721
3.8574174174174174	0.9993259365047609
3.8582882882882883	0.9992997743445825
3.859159159159159	0.9992725975019341
3.86003003003003	0.9992443666814953
3.8609009009009005	0.9992150410707947
3.861771771771772	0.999184578282
3.8626426426426423	0.9991529342915043
3.8635135135135132	0.9991200633772271
3.864384384384384	0.9990859180535453
3.865255255255255	0.999050449003768
3.866126126126126	0.9990136050100659
3.866996996996997	0.9989753328807606
3.8678678678678677	0.9989355773748793
3.8687387387387386	0.9988942811238748
3.8696096096096095	0.9988513845504111
3.8704804804804804	0.9988068257841012
3.8713513513513513	0.9987605405740984
3.8722222222222222	0.998712462198418
3.873093093093093	0.9986625213698804
3.873963963963964	0.9986106461385502
3.874834834834835	0.9985567617905488
3.8757057057057054	0.9985007907431146
3.8765765765765763	0.9984426524357743
3.877447447447447	0.9983822632174938
3.878318318318318	0.9983195362296637
3.879189189189189	0.9982543812847808
3.88006006006006	0.9981867047406711
3.8809309309309308	0.9981164093701042
3.8818018018018017	0.9980433942256415
3.8826726726726726	0.997967554499557
3.8835435435435435	0.9978887813786609
3.8844144144144144	0.99780696189386
3.8852852852852853	0.9977219787642749
3.886156156156156	0.9976337102357379
3.887027027027027	0.9975420299134832
3.887897897897898	0.9974468065888438
3.8887687687687684	0.9973479040597586
3.8896396396396393	0.9972451809448933
3.8905105105105102	0.9971384904911706
3.891381381381381	0.9970276803745047
3.892252252252252	0.9969125924935281
3.893123123123123	0.9967930627560923
3.893993993993994	0.9966689208583281
3.8948648648648647	0.9965399900560372
3.8957357357357356	0.9964060869281901
3.8966066066066065	0.9962670211322997
3.8974774774774774	0.9961225951514363
3.8983483483483483	0.9959726040326471
3.899219219219219	0.9958168351165416
3.90009009009009	0.9956550677578017
3.900960960960961	0.995487073036371
3.9018318318318315	0.9953126134590842
3.902702702702703	0.9951314426514847
3.9035735735735733	0.9949433050395926
3.904444444444444	0.9947479355213734
3.905315315315315	0.9945450591276674
3.906186186186186	0.994334390672337
3.907057057057057	0.9941156343913989
3.9079279279279278	0.993888483570902
3.9087987987987987	0.9936526201633274
3.9096696696696696	0.9934077143922881
3.9105405405405405	0.9931534243453147
3.9114114114114114	0.9928893955545235
3.9122822822822823	0.9926152605649716
3.913153153153153	0.9923306384905252
3.914024024024024	0.9920351345570649
3.914894894894895	0.9917283396328894
3.915765765765766	0.9914098297461789
3.9166366366366363	0.9910791655894143
3.917507507507507	0.9907358920106638
3.918378378378378	0.9903795374916806
3.919249249249249	0.9900096136127773
3.92012012012012	0.9896256145044898
3.920990990990991	0.9892270162860589
3.9218618618618617	0.9888132764908186
3.9227327327327326	0.9883838334786123
3.9236036036036035	0.987938105835404
3.9244744744744744	0.9874754917603199
3.9253453453453453	0.9869953684403897
3.926216216216216	0.9864970914133464
3.927087087087087	0.9859799939188864
3.927957957957958	0.9854433862388882
3.928828828828829	0.9848865550271508
3.9296996996996993	0.9843087626293117
3.9305705705705707	0.983709246393692
3.931441441441441	0.9830872179739244
3.932312312312312	0.9824418626243158
3.933183183183183	0.9817723384890348
3.934054054054054	0.9810777758863144
3.9349249249249247	0.9803572765890223
3.9357957957957956	0.9796099131030725
3.9366666666666665	0.9788347279453179
3.9375375375375374	0.9780307329227346
3.9384084084084083	0.9771969084148575
3.9392792792792792	0.9763322026616542
3.94015015015015	0.9754355310591734
3.941021021021021	0.9745057754655545
3.941891891891892	0.973541783520186
3.942762762762763	0.9725423679790254
3.9436336336336337	0.9715063060693689
3.944504504504504	0.9704323388675733
3.945375375375375	0.9693191707035497
3.946246246246246	0.9681654685960941
3.947117117117117	0.966969861723432
3.947987987987988	0.9657309409336553
3.9488588588588587	0.9644472583000623
3.9497297297297296	0.9631173267267064
3.9506006006006005	0.96173961960985
3.9514714714714714	0.9603125705613099
3.9523423423423423	0.9588345732000975
3.953213213213213	0.9573039810190704
3.954084084084084	0.9557191073337121
3.954954954954955	0.954078225320532
3.955825825825826	0.9523795681529172
3.9566966966966968	0.9506213292427007
3.9575675675675672	0.948801662596018
3.9584384384384386	0.9469186832924201
3.959309309309309	0.9449704680966038
3.96018018018018	0.9429550562123329
3.961051051051051	0.9408704501886103
3.9619219219219217	0.9387146169883296
3.9627927927927926	0.9364854892299413
3.9636636636636635	0.9341809666129428
3.9645345345345344	0.9317989175381188
3.9654054054054053	0.9293371809336608
3.966276276276276	0.9267935682983787
3.967147147147147	0.9241658659731931
3.968018018018018	0.9214518376521441
3.968888888888889	0.9186492271439203
3.96975975975976	0.9157557613948186
3.9706306306306307	0.9127691537836288
3.9715015015015016	0.909687107698585
3.972372372372372	0.9065073204060106
3.973243243243243	0.9032274872195316
3.974114114114114	0.8998453059780577
3.9749849849849848	0.8963584818397101
3.9758558558558557	0.8927647323977719
3.9767267267267266	0.8890617931235647
3.9775975975975975	0.8852474231396008
3.9784684684684684	0.8813194113248284
3.9793393393393393	0.877275582751998
3.98021021021021	0.8731138054550838
3.981081081081081	0.868831997522669
3.981951951951952	0.8644281345106671
3.982822822822823	0.8599002571652724
3.9836936936936937	0.8552464794442868
3.9845645645645646	0.8504649968218898
3.985435435435435	0.8455540948589986
3.9863063063063064	0.8405121580178462
3.987177177177177	0.8353376786962166
3.988048048048048	0.8300292664529731
3.9889189189189187	0.8245856573931035
3.9897897897897896	0.8190057236765239
3.9906606606606605	0.8132884831113707
3.9915315315315314	0.8074331087884682
3.9924024024024023	0.8014389387101962
3.993273273273273	0.7953054853630569
3.994144144144144	0.7890324451799959
3.995015015015015	0.7826197078349563
3.995885885885886	0.7760673653092076
3.996756756756757	0.7693757206662191
3.9976276276276277	0.7625452964692385
3.998498498498498	0.7555768427740234
3.9993693693693695	0.7484713446273258
4.00024024024024	0.7412300290010885
4.001111111111111	0.7338543710916029
4.001981981981982	0.7263460999134904
4.002852852852853	0.7187072031190151
4.0037237237237235	0.7109399309753102
4.004594594594595	0.7030467994342483
4.005465465465465	0.6950305922334121
4.006336336336336	0.6868943619702756
4.007207207207207	0.6786414300971667
4.008078078078078	0.6702753857901276
4.008948948948949	0.6618000836511566
4.009819819819819	0.6532196402112709
4.010690690690691	0.6445384292092137
4.011561561561561	0.6357610756299166
4.0124324324324325	0.626892448495661
4.013303303303303	0.6179376524130815
4.014174174174174	0.6089020178888864
4.015045045045045	0.5997910904380128
4.015915915915916	0.5906106185180582
4.016786786786787	0.5813665403348749
4.017657657657658	0.5720649695740149
4.018528528528528	0.5627121801237355
4.019399399399399	0.5533145898639659
4.02027027027027	0.543878743605775
4.021141141141141	0.5344112952738889
4.022012012012012	0.5249189894322847
4.022882882882882	0.5154086422603048
4.023753753753754	0.5058871220916398
4.024624624624624	0.49636132963373475
4.025495495495496	0.4868381779880169
4.026366366366366	0.47732457259390054
4.027237237237237	0.4678273912198784
4.028108108108108	0.4583534641249621
4.028978978978979	0.4489095545114816
4.02984984984985	0.439502339387698
4.030720720720721	0.4301383909537485
4.031591591591591	0.4208241586199053
4.032462462462463	0.4115659517585439
4.033333333333333	0.40236992328484633
4.034204204204205	0.3932420541520657
4.035075075075075	0.3841881388387963
4.0359459459459455	0.3752137718955817
4.036816816816817	0.3663243356085138
4.037687687687687	0.3575249888268574
4.038558558558559	0.34882065699119424
4.039429429429429	0.34021602338824114
4.0403003003003	0.33171552164766466
4.041171171171171	0.32332332948640125
4.042042042042042	0.3150433636956954
4.042912912912913	0.30687927635710505
4.043783783783784	0.29883445226432914
4.0446546546546545	0.290912007520098
4.045525525525526	0.283114789269231
4.046396396396396	0.27544537652271184
4.047267267267268	0.26790608202122373
4.048138138138138	0.2604989550818074
4.0490090090090085	0.2532257853666009
4.04987987987988	0.2460881075094307
4.05075075075075	0.2390872065331235
4.051621621621622	0.23222412398850528
4.052492492492492	0.22549966474508015
4.0533633633633634	0.21891440436264492
4.054234234234234	0.21246869697368267
4.055105105105105	0.20616268360675502
4.055975975975976	0.19999630088313036
4.056846846846847	0.19396929002003033
4.0577177177177175	0.18808120607694875
4.058588588588589	0.1823314273836051
4.059459459459459	0.17671916509154545
4.060330330330331	0.17124347279436036
4.061201201201201	0.1659032561652494
4.0620720720720715	0.16069728256401855
4.062942942942943	0.15562419056955076
4.063813813813813	0.15068249939741177
4.064684684684685	0.14587061816603616
4.065555555555555	0.1411868549788118
4.0664264264264265	0.13662942579284854
4.067297297297297	0.1321964630490533
4.068168168168168	0.12788602404130028
4.069039039039039	0.12369609900614414
4.06990990990991	0.11962461891735604
4.0707807807807805	0.11566946297283139
4.071651651651652	0.11182846576400032
4.072522522522522	0.10809942412069219
4.073393393393394	0.10448010362663662
4.074264264264264	0.10096824480320246
4.075135135135135	0.09756156896083111
4.076006006006006	0.09425778371962151
4.076876876876877	0.0910545882020776
4.077747747747748	0.08794967790254586
4.078618618618618	0.08494074923914202
4.0794894894894895	0.08202550379516273
4.08036036036036	0.0792016522579178
4.081231231231231	0.07646691806365925
4.082102102102102	0.07381904075818657
4.082972972972973	0.07125577908302978
4.083843843843844	0.06877491379774549
4.084714714714715	0.06637425024904774
4.085585585585585	0.06405162069785489
4.086456456456457	0.06180488641535599
4.087327327327327	0.05963193955937754
4.088198198198198	0.057530704842209276
4.089069069069069	0.05549914100106839
4.08993993993994	0.05353524208218536
4.090810810810811	0.051637038549339036
4.091681681681681	0.04980259822742472
4.092552552552553	0.04803002709142811
4.093423423423423	0.04631746991082698
4.094294294294294	0.04466311075914932
4.095165165165165	0.04306517339811817
4.096036036036036	0.04152192154539253
4.096906906906907	0.040031659034632065
4.097777777777778	0.03859272987616597
4.098648648648648	0.03720351822624864
4.09951951951952	0.035862448272436925
4.10039039039039	0.034567984042319845
4.101261261261262	0.033318629142392364
4.102132132132132	0.03211292643357035
4.103003003003003	0.03094945764940274
4.103873873873874	0.029826842962778474
4.104744744744744	0.028743740506493993
4.105615615615616	0.027698845852784523
4.106486486486486	0.026690891456563642
4.107357357357357	0.025718646066809233
4.108228228228228	0.02478091411026232
4.109099099099099	0.023876535051277896
4.10996996996997	0.023004382731439812
4.110840840840841	0.022163364692246026
4.1117117117117115	0.021352421483965937
4.112582582582583	0.020570525963492833
4.113453453453453	0.019816682583836263
4.114324324324325	0.019089926677631333
4.115195195195195	0.018389323736915736
4.116066066066066	0.01771396869114862
4.116936936936937	0.017062985185354082
4.117807807807807	0.0164355248600365
4.118678678678679	0.015830766634403456
4.119549549549549	0.015247915994262586
4.1204204204204204	0.014686204285823266
4.121291291291291	0.014144888016521216
4.122162162162162	0.013623248163840031
4.123033033033033	0.013120589493019539
4.123903903903904	0.012636239884411133
4.1247747747747745	0.012169549671169903
4.125645645645646	0.011719890987859766
4.126516516516516	0.011286657130491753
4.127387387387388	0.010869261928410121
4.128258258258258	0.010467139128404787
4.129129129129129	0.01007974179133162
4.13	0.009706541701490606
4.13087087087087	0.00934702878893629
4.131741741741742	0.009000710564862681
4.132612612612612	0.008667111570149292
4.1334834834834835	0.008345772837114882
4.134354354354354	0.008036251364496929
4.135225225225225	0.0077381196056273424
4.136096096096096	0.007450964969759925
4.136966966966967	0.007174389336462546
4.1378378378378375	0.006908008582978752
4.138708708708709	0.006651452124421846
4.139579579579579	0.0064043624666712574
4.140450450450451	0.006166394771792782
4.141321321321321	0.005937216435819747
4.1421921921921925	0.0057165066786946115
4.143063063063063	0.0055039561461764815
4.143933933933933	0.005299266523497633
4.144804804804805	0.005102150160553758
4.145675675675676	0.004912329708399554
4.1465465465465465	0.004729537766817273
4.147417417417417	0.0045535165427224
4.148288288288288	0.004384017519167042
4.149159159159159	0.004220801134698098
4.15003003003003	0.004063636472824835
4.150900900900901	0.003912300961354759
4.151771771771772	0.0037665800813473246
4.152642642642642	0.0036262670854470772
4.153513513513514	0.003491162725347474
4.154384384384384	0.0033610749881477268
4.1552552552552555	0.0032358188413594614
4.156126126126126	0.0031152159863290503
4.156996996996996	0.002999094619838098
4.157867867867868	0.0028872892036530496
4.158738738738739	0.002779640241794813
4.15960960960961	0.002675994065303797
4.16048048048048	0.0025762026242801966
4.161351351351351	0.0024801232869831667
4.162222222222222	0.0023876186457767166
4.163093093093093	0.0022985563297119225
4.163963963963964	0.0022128088235463146
4.164834834834835	0.0021302532929955505
4.165705705705705	0.0020507714160275152
4.166576576576577	0.0019742492200050497
4.167447447447447	0.0019005769244940674
4.168318318318319	0.0018296487895539783
4.169189189189189	0.0017613629693357237
4.17006006006006	0.0016956213708136628
4.170930930930931	0.001632329517485575
4.171801801801802	0.0015713964178761392
4.172672672672673	0.0015127344386872807
4.173543543543543	0.0014562591824388907
4.174414414414414	0.001401889369452856
4.175285285285285	0.001349546724033134
4.176156156156156	0.0012991558647006002
4.177027027027027	0.0012506441983470692
4.177897897897898	0.0012039418181737087
4.1787687687687685	0.0011589814052862797
4.17963963963964	0.0011156981338209138
4.18051051051051	0.0010740295794802862
4.181381381381382	0.0010339156313616089
4.182252252252252	0.0009952984069636465
4.183123123123123	0.0009581221702615126
4.183993993993994	0.0009223332527434569
4.184864864864865	0.0008878799773053599
4.185735735735736	0.0008547125849039692
4.186606606606606	0.0008227831638709206
4.1874774774774774	0.0007920455817949399
4.188348348348348	0.000762455419881516
4.189219219219219	0.0007339699097016217
4.19009009009009	0.0007065478722461884
4.190960960960961	0.0006801496592033394
4.1918318318318315	0.0006547370963801438
4.192702702702703	0.0006302734291917959
4.193573573573573	0.0006067232701450145
4.194444444444445	0.0005840525482437314
4.195315315315315	0.0005622284602487562
4.196186186186186	0.0005412194237243049
4.197057057057057	0.0005209950318077907
4.197927927927928	0.0005015260096399822
4.198798798798799	0.00048278417239676824
4.199669669669669	0.00046474238486350085
4.2005405405405405	0.0004473745224970187
4.201411411411412	0.0004306554339212722
4.202282282282282	0.0004145609048041984
4.203153153153153	0.0003990676230662091
4.204024024024024	0.00038415314537167735
4.2048948948948945	0.00036979586485680235
4.205765765765766	0.0003559749800487034
4.206636636636636	0.00034267046493258814
4.207507507507508	0.00032986304012477986
4.208378378378378	0.0003175341451115417
4.2092492492492495	0.000305665911514416
4.21012012012012	0.00029424113734488605
4.210990990990991	0.00028324326221165465
4.211861861861862	0.0002726563434462596
4.212732732732732	0.00026246503311266515
4.2136036036036035	0.0002526545558689346
4.214474474474475	0.00024321068764941508
4.215345345345345	0.00023411973513731937
4.216216216216216	0.00022536851599866037
4.217087087087087	0.00021694433984954673
4.217957957957958	0.00020883498992981217
4.218828828828829	0.00020102870545689197
4.219699699699699	0.00019351416463502124
4.220570570570571	0.00018628046829539642
4.221441441441441	0.00017931712414423574
4.2223123123123125	0.00017261403159600413
4.223183183183183	0.0001661614671705697
4.224054054054054	0.00015995007043303284
4.224924924924925	0.0001539708304565287
4.225795795795795	0.00014821507278840393
4.226666666666667	0.00014267444690129188
4.227537537537538	0.0001373409141110801
4.228408408408408	0.00013220673594447092
4.229279279279279	0.00012726446293949797
4.23015015015015	0.00012250692386296905
4.231021021021021	0.00011792721532936682
4.231891891891892	0.00011351869180628428
4.232762762762762	0.00010927495599214329
4.233633633633634	0.00010518984955227583
4.234504504504504	0.00010125744420019199
4.235375375375376	9.747203311105546e-05
4.236246246246246	9.382812265524536e-05
4.237117117117117	9.032042443987912e-05
4.237987987987988	8.694384764705977e-05
4.238858858858859	8.369349165767367e-05
4.23972972972973	8.056463895022627e-05
4.240600600600601	7.755274826440866e-05
4.241471471471471	7.465344801962629e-05
4.242342342342342	7.186252997893594e-05
4.243213213213213	6.917594314931765e-05
4.244084084084084	6.658978790946426e-05
4.244954954954955	6.41003103566035e-05
4.2458258258258255	6.170389686424802e-05
4.246696696696697	5.939706884296075e-05
4.247567567567567	5.717647769664501e-05
4.248438438438439	5.5038899966996756e-05
4.249309309309309	5.2981232659198595e-05
4.25018018018018	5.100048874202694e-05
4.251051051051051	4.909379281593465e-05
4.251921921921922	4.7258376942800446e-05
4.252792792792793	4.549157663136685e-05
4.253663663663664	4.379082697251967e-05
4.2545345345345345	4.215365891886665e-05
4.255405405405405	4.0577695703195846e-05
4.256276276276276	3.906064939066782e-05
4.257147147147147	3.7600317559741685e-05
4.258018018018018	3.619458010702342e-05
4.2588888888888885	3.4841396171449054e-05
4.25975975975976	3.353880117329654e-05
4.26063063063063	3.228490396381721e-05
4.261501501501502	3.107788408127898e-05
4.262372372372372	2.991598910952199e-05
4.263243243243243	2.87975321351513e-05
4.264114114114114	2.7720889299721135e-05
4.264984984984985	2.6684497443337858e-05
4.265855855855856	2.5686851836296177e-05
4.266726726726727	2.4726503995437957e-05
4.2675975975975975	2.3802059582095683e-05
4.268468468468468	2.2912176378552626e-05
4.269339339339339	2.2055562340106827e-05
4.270210210210211	2.1230973719907762e-05
4.271081081081081	2.0437213263850994e-05
4.2719519519519515	1.96731284729089e-05
4.272822822822823	1.893760993039382e-05
4.273693693693693	1.822958969171812e-05
4.274564564564565	1.754803973431536e-05
4.275435435435435	1.6891970465488794e-05
4.2763063063063065	1.626042928600773e-05
4.277177177177177	1.5652499207385965e-05
4.278048048048048	1.5067297520821912e-05
4.278918918918919	1.4503974515885817e-05
4.27978978978979	1.3961712247081711e-05
4.2806606606606605	1.34397233465096e-05
4.281531531531531	1.2937249880893151e-05
4.282402402402402	1.2453562251325345e-05
4.283273273273274	1.1987958134133928e-05
4.284144144144144	1.1539761461324378e-05
4.285015015015015	1.1108321439130443e-05
4.285885885885886	1.0693011603244574e-05
4.286756756756756	1.0293228909358765e-05
4.287627627627628	9.908392857693126e-06
4.288498498498498	9.537944650249739e-06
4.2893693693693695	9.181346379560021e-06
4.29024024024024	8.838080247757943e-06
4.291111111111111	8.507647814837238e-06
4.291981981981982	8.189569275010541e-06
4.292852852852853	7.883382760112077e-06
4.293723723723724	7.588643669042663e-06
4.294594594594595	7.304924022271581e-06
4.295465465465465	7.0318118404750905e-06
4.296336336336337	6.768910546391917e-06
4.297207207207207	6.515838389043477e-06
4.298078078078078	6.272227889472203e-06
4.298948948948949	6.037725307200165e-06
4.299819819819819	5.811990126631398e-06
4.300690690690691	5.594694562650956e-06
4.301561561561561	5.385523084707488e-06
4.302432432432433	5.184171958683406e-06
4.303303303303303	4.9903488058929474e-06
4.304174174174174	4.803772178563081e-06
4.305045045045045	4.62417115118592e-06
4.305915915915916	4.451284927144765e-06
4.306786786786787	4.284862460048041e-06
4.307657657657658	4.1246620892152934e-06
4.308528528528528	3.970451188792857e-06
4.3093993993994	3.8220058299839565e-06
4.31027027027027	3.6791104559075797e-06
4.311141141141141	3.5415575686104185e-06
4.312012012012012	3.409147427780416e-06
4.3128828828828825	3.2816877607233466e-06
4.313753753753754	3.158993483180538e-06
4.314624624624624	3.040886430584873e-06
4.315495495495496	2.9271950993620005e-06
4.316366366366366	2.8177543979041386e-06
4.317237237237237	2.7124054068520677e-06
4.318108108108108	2.6109951483405596e-06
4.318978978978979	2.513376363867953e-06
4.31984984984985	2.419407300473035e-06
4.320720720720721	2.3289515049026147e-06
4.3215915915915915	2.241877625476359e-06
4.322462462462463	2.1580592213573796e-06
4.323333333333333	2.077374578954325e-06
4.324204204204204	1.9997065351863496e-06
4.325075075075075	1.9249423073559726e-06
4.325945945945946	1.8529733293820879e-06
4.326816816816817	1.7836950941552363e-06
4.327687687687687	1.7170070017865136e-06
4.328558558558559	1.6528122135299678e-06
4.329429429429429	1.5910175111662258e-06
4.3303003003003	1.5315331616426435e-06
4.331171171171171	1.4742727867748939e-06
4.332042042042042	1.4191532378187168e-06
4.332912912912913	1.3660944747320323e-06
4.333783783783784	1.31501944995008e-06
4.3346546546546545	1.2658539965064154e-06
4.335525525525526	1.2185267203360142e-06
4.336396396396396	1.1729688966053345e-06
4.337267267267267	1.129114369917666e-06
4.338138138138138	1.0868994582497823e-06
4.339009009009009	1.0462628604799951e-06
4.33987987987988	1.0071455673732712e-06
4.34075075075075	9.694907758943076e-07
4.341621621621622	9.332438067242252e-07
4.342492492492492	8.983520248611953e-07
4.3433633633633635	8.647647631888592e-07
4.344234234234234	8.324332489032897e-07
4.345105105105105	8.013105326895699e-07
4.345975975975976	7.713514205470047e-07
4.346846846846847	7.425124081626442e-07
4.3477177177177175	7.147516177387488e-07
4.348588588588589	6.88028737181726e-07
4.349459459459459	6.623049615649298e-07
4.35033033033033	6.375429367796808e-07
4.351201201201201	6.137067052931949e-07
4.3520720720720725	5.907616539344125e-07
4.352942942942943	5.686744636319829e-07
4.353813813813813	5.474130610311505e-07
4.354684684684685	5.269465719199191e-07
4.355555555555555	5.072452763963113e-07
4.3564264264264265	4.882805657115898e-07
4.357297297297297	4.7002490072733857e-07
4.358168168168168	4.524517719254088e-07
4.359039039039039	4.355356609132115e-07
4.35990990990991	4.192520033680054e-07
4.360780780780781	4.0357715336679477e-07
4.361651651651652	3.884883490496358e-07
4.362522522522522	3.7396367956688305e-07
4.363393393393394	3.59982053262005e-07
4.364264264264264	3.465231670441293e-07
4.3651351351351355	3.335674769054873e-07
4.366006006006006	3.210961695413381e-07
4.366876876876876	3.090911350307142e-07
4.367747747747748	2.9753494053869905e-07
4.368618618618618	2.864108050019823e-07
4.36948948948949	2.7570257476060894e-07
4.37036036036036	2.653947001010434e-07
4.371231231231231	2.5547221267604773e-07
4.372102102102102	2.4592070376890213e-07
4.372972972972973	2.367263033701499e-07
4.373843843843844	2.2787566003672262e-07
4.374714714714715	2.1935592150396954e-07
4.375585585585585	2.1115471602265907e-07
4.376456456456457	2.0326013439363282e-07
4.377327327327327	1.956607126742709e-07
4.3781981981981986	1.8834541553133192e-07
4.379069069069069	1.8130362021641905e-07
4.3799399399399395	1.745251011403465e-07
4.380810810810811	1.6800001502434343e-07
4.381681681681681	1.6171888660645487e-07
4.382552552552553	1.5567259488220501e-07
4.383423423423423	1.498523598598303e-07
4.384294294294294	1.4424972981059934e-07
4.385165165165165	1.3885656899588605e-07
4.386036036036036	1.3366504585302968e-07
4.386906906906907	1.2866762162296068e-07
4.387777777777778	1.238570394029489e-07
4.3886486486486485	1.1922631360870242e-07
4.38951951951952	1.1476871983039148e-07
4.39039039039039	1.1047778506800202e-07
4.391261261261262	1.0634727833167982e-07
4.392132132132132	1.0237120159358811e-07
4.3930030030030025	9.854378107799033e-08
4.393873873873874	9.485945887700928e-08
4.394744744744745	9.131288487984839e-08
4.395615615615616	8.789890900374861e-08
4.396486486486486	8.461257371541199e-08
4.397357357357357	8.1449106832041e-08
4.398228228228228	7.840391459153108e-08
4.399099099099099	7.54725749817288e-08
4.39996996996997	7.265083131912702e-08
4.400840840840841	6.993458606760006e-08
4.4017117117117115	6.73198948882869e-08
4.402582582582583	6.480296091187118e-08
4.403453453453453	6.238012922508634e-08
4.404324324324325	6.004788156327953e-08
4.405195195195195	5.7802831201466555e-08
4.4060660660660655	5.564171803636079e-08
4.406936936936937	5.356140385229236e-08
4.407807807807808	5.1558867764120915e-08
4.408678678678679	4.9631201830520745e-08
4.409549549549549	4.777560683127533e-08
4.4104204204204205	4.598938820245442e-08
4.411291291291291	4.4269952123565904e-08
4.412162162162162	4.261480175098694e-08
4.413033033033033	4.102153359223721e-08
4.413903903903904	3.948783401578862e-08
4.4147747747747745	3.801147589139058e-08
4.415645645645646	3.6590315355969636e-08
4.416516516516516	3.5222288700489235e-08
4.417387387387388	3.390540937315861e-08
4.418258258258258	3.263776509471792e-08
4.4191291291291295	3.1417515081553965e-08
4.42	3.0242887372653226e-08
