#  N  a  err(a)  b  err(b)
512	8.684749696898015	0.2471232103684993
-31.89587092945074	0.9467684580283409
1024	12.896603547362652	0.35305302825988805
-48.32335606036897	1.3491383995540744
2048	15.386150479583094	0.38981074384619147
-58.30701859700535	1.4929492423588901
4096	21.49098808681186	0.7517200350241718
-82.6504979672527	2.897270986720949
8192	30.31501738785786	0.7127975928794016
-118.12308497948061	2.7755726468929245
16384	42.95191010569656	1.8804349843756227
-169.13511629194952	7.4028791209103355
32768	62.777690716212206	3.510265730453238
-249.7279640393946	13.95724672452679
