3.55	0.998269288131369
3.5507207207207205	0.9982423199365951
3.5514414414414412	0.9982149322710583
3.552162162162162	0.9981871186337925
3.5528828828828827	0.9981588724238207
3.5536036036036034	0.9981301869386401
3.554324324324324	0.9981010553726836
3.555045045045045	0.99807147081576
3.5557657657657655	0.9980414262514722
3.5564864864864862	0.9980109145556096
3.557207207207207	0.9979799284945202
3.5579279279279277	0.9979484607234559
3.5586486486486484	0.9979165037848963
3.559369369369369	0.9978840501068463
3.56009009009009	0.9978510920011102
3.5608108108108105	0.9978176216615395
3.5615315315315312	0.9977836311622564
3.562252252252252	0.9977491124558512
3.5629729729729727	0.997714057371553
3.5636936936936934	0.9976784576133755
3.564414414414414	0.9976423047582335
3.565135135135135	0.9976055902540357
3.5658558558558555	0.9975683054177467
3.5665765765765762	0.9975304414334232
3.567297297297297	0.9974919893502214
3.5680180180180177	0.9974529400803763
3.5687387387387384	0.9974132843971505
3.569459459459459	0.9973730129327564
3.5701801801801802	0.9973321161762456
3.570900900900901	0.9972905844713718
3.5716216216216217	0.997248408014419
3.5723423423423424	0.9972055768520043
3.573063063063063	0.9971620808788425
3.573783783783784	0.9971179098354871
3.5745045045045045	0.9970730533060325
3.5752252252252252	0.9970275007157878
3.575945945945946	0.9969812413289166
3.5766666666666667	0.9969342642460435
3.5773873873873874	0.9968865584018274
3.578108108108108	0.9968381125625
3.578828828828829	0.9967889153233718
3.5795495495495495	0.9967389551063007
3.5802702702702702	0.9966882201571278
3.580990990990991	0.9966366985430758
3.5817117117117117	0.9965843781501117
3.5824324324324324	0.9965312466802744
3.583153153153153	0.9964772916489637
3.583873873873874	0.996422500382192
3.5845945945945945	0.9963668600138003
3.585315315315315	0.9963103574826322
3.586036036036036	0.9962529795296741
3.5867567567567566	0.9961947126951518
3.5874774774774774	0.9961355433155906
3.588198198198198	0.9960754575208337
3.588918918918919	0.9960144412310217
3.5896396396396395	0.9959524801535292
3.59036036036036	0.9958895597798629
3.591081081081081	0.9958256653825155
3.5918018018018016	0.995760782011778
3.5925225225225224	0.9956948944925105
3.593243243243243	0.9956279874208686
3.593963963963964	0.9955600451609874
3.5946846846846845	0.9954910518416197
3.595405405405405	0.9954209913527327
3.596126126126126	0.9953498473420569
3.5968468468468466	0.9952776032115908
3.5975675675675673	0.9952042421140611
3.598288288288288	0.9951297469493339
3.5990090090090088	0.9950541003607823
3.5997297297297295	0.9949772847316045
3.60045045045045	0.9948992821810958
3.601171171171171	0.9948200745608717
3.6018918918918916	0.9947396434510426
3.6026126126126123	0.9946579701563409
3.603333333333333	0.9945750357021969
3.6040540540540538	0.9944908208307666
3.6047747747747745	0.9944053059969077
3.605495495495495	0.9943184713641064
3.606216216216216	0.9942302968003532
3.6069369369369366	0.9941407618739653
3.6076576576576573	0.9940498458493595
3.608378378378378	0.9939575276827721
3.6090990990990988	0.9938637860179249
3.60981981981982	0.9937685991816397
3.6105405405405406	0.9936719451793987
3.6112612612612613	0.993573801690851
3.611981981981982	0.9934741460652647
3.6127027027027028	0.9933729553169255
3.6134234234234235	0.993270206120478
3.614144144144144	0.9931658748062147
3.614864864864865	0.9930599373553064
3.6155855855855856	0.9929523693949793
3.6163063063063063	0.9928431461936333
3.617027027027027	0.992732242655906
3.6177477477477478	0.9926196333176773
3.6184684684684685	0.9925052923410186
3.619189189189189	0.9923891935090847
3.61990990990991	0.9922713102209458
3.6206306306306306	0.9921516154863637
3.6213513513513513	0.9920300819205085
3.622072072072072	0.9919066817386173
3.6227927927927928	0.9917813867505941
3.6235135135135135	0.9916541683555506
3.624234234234234	0.9915249975362888
3.624954954954955	0.991393844853722
3.6256756756756756	0.9912606804412406
3.6263963963963963	0.9911254739990141
3.627117117117117	0.9909881947882366
3.6278378378378378	0.9908488116253108
3.6285585585585585	0.9907072928759741
3.629279279279279	0.9905636064493634
3.63	0.9904177197920201
3.6307207207207206	0.990269599881838
3.6314414414414413	0.9901192132219493
3.632162162162162	0.9899665258345502
3.6328828828828827	0.9898115032546705
3.6336036036036035	0.9896541105238806
3.634324324324324	0.9894943121839423
3.635045045045045	0.9893320722703974
3.6357657657657656	0.9891673543061009
3.6364864864864863	0.9890001212946945
3.637207207207207	0.9888303357140213
3.6379279279279277	0.9886579595094845
3.6386486486486485	0.9884829540873475
3.639369369369369	0.9883052803079784
3.64009009009009	0.9881248984790351
3.6408108108108106	0.9879417683486005
3.6415315315315313	0.9877558490982558
3.642252252252252	0.9875670993361032
3.6429729729729727	0.987375477089734
3.6436936936936934	0.9871809397991431
3.644414414414414	0.9869834443095894
3.645135135135135	0.986782946864408
3.6458558558558556	0.9865794030977685
3.6465765765765763	0.9863727680273855
3.647297297297297	0.9861629960471779
3.6480180180180177	0.9859500409198844
3.6487387387387384	0.9857338557696274
3.649459459459459	0.9855143930744344
3.65018018018018	0.9852916046587166
3.650900900900901	0.9850654416857
3.6516216216216217	0.9848358546498189
3.6523423423423425	0.984602793369069
3.653063063063063	0.9843662069773197
3.653783783783784	0.9841260439165915
3.6545045045045046	0.9838822519292986
3.6552252252252253	0.9836347780504575
3.655945945945946	0.9833835685998626
3.6566666666666667	0.9831285691742364
3.6573873873873874	0.9828697246393475
3.658108108108108	0.9826069791221073
3.658828828828829	0.9823402760026414
3.6595495495495496	0.9820695579063415
3.6602702702702703	0.9817947666958994
3.660990990990991	0.9815158434633231
3.6617117117117117	0.9812327285219441
3.6624324324324324	0.980945361398411
3.663153153153153	0.9806536808246767
3.663873873873874	0.9803576247299836
3.6645945945945946	0.9800571302328449
3.6653153153153153	0.9797521336330294
3.666036036036036	0.979442570403552
3.6667567567567567	0.9791283751826739
3.6674774774774774	0.9788094817659141
3.668198198198198	0.978485823098078
3.668918918918919	0.9781573312653081
3.6696396396396396	0.9778239374871578
3.6703603603603603	0.9774855721086925
3.671081081081081	0.9771421645926285
3.6718018018018017	0.9767936435115052
3.6725225225225224	0.9764399365399011
3.673243243243243	0.9760809704466995
3.673963963963964	0.9757166710874017
3.6746846846846846	0.975346963396503
3.6754054054054053	0.9749717713799257
3.676126126126126	0.9745910181075274
3.6768468468468467	0.9742046257056781
3.6775675675675674	0.9738125153499171
3.678288288288288	0.9734146072577009
3.679009009009009	0.9730108206812388
3.6797297297297296	0.9726010739004278
3.6804504504504503	0.9721852842158965
3.681171171171171	0.9717633679421562
3.6818918918918917	0.971335240400877
3.6826126126126124	0.970900815914284
3.683333333333333	0.9704600077986953
3.684054054054054	0.9700127283581959
3.6847747747747746	0.9695588888784632
3.6854954954954953	0.9690983996207535
3.686216216216216	0.9686311698160502
3.6869369369369367	0.9681571076593898
3.6876576576576574	0.9676761203043722
3.6883783783783786	0.9671881138578625
3.6890990990990993	0.9666929933748964
3.68981981981982	0.9661906628537964
3.6905405405405407	0.9656810252315116
3.6912612612612614	0.9651639823791859
3.691981981981982	0.9646394350979735
3.692702702702703	0.9641072831151039
3.6934234234234236	0.9635674250802091
3.6941441441441443	0.9630197585619308
3.694864864864865	0.9624641800448085
3.6955855855855857	0.96190058492647
3.6963063063063064	0.9613288675151258
3.697027027027027	0.9607489210273935
3.697747747747748	0.9601606375864499
3.6984684684684686	0.9595639082205318
3.6991891891891893	0.9589586228618019
3.69990990990991	0.9583446703455815
3.7006306306306307	0.9577219384099722
3.7013513513513514	0.9570903136958839
3.702072072072072	0.9564496817474705
3.702792792792793	0.9557999270130008
3.7035135135135135	0.9551409328461679
3.7042342342342343	0.9544725815078664
3.704954954954955	0.9537947541684367
3.7056756756756757	0.9531073309104
3.7063963963963964	0.9524101907317051
3.707117117117117	0.9517032115494919
3.707837837837838	0.9509862702043921
3.7085585585585585	0.9502592424653913
3.7092792792792793	0.9495220030352571
3.71	0.9487744255565594
3.7107207207207207	0.9480163826182929
3.7114414414414414	0.9472477457631312
3.712162162162162	0.9464683854953166
3.712882882882883	0.9456781712892102
3.7136036036036035	0.944876971598525
3.7143243243243242	0.9440646538662536
3.715045045045045	0.943241084535307
3.7157657657657657	0.9424061290598997
3.7164864864864864	0.9415596519176777
3.717207207207207	0.9407015166226265
3.717927927927928	0.9398315857387683
3.7186486486486485	0.9389497208946782
3.7193693693693692	0.9380557827988266
3.72009009009009	0.9371496312557768
3.7208108108108107	0.9362311251832588
3.7215315315315314	0.9353001226301326
3.722252252252252	0.9343564807952679
3.722972972972973	0.9334000560473525
3.7236936936936935	0.9324307039456665
3.7244144144144142	0.9314482792618219
3.725135135135135	0.9304526360024997
3.7258558558558557	0.9294436274332104
3.7265765765765764	0.9284211061030849
3.727297297297297	0.9273849238707222
3.728018018018018	0.9263349319311244
3.7287387387387385	0.9252709808437207
3.7294594594594592	0.9241929205615166
3.73018018018018	0.9231006004613762
3.730900900900901	0.9219938693754728
3.731621621621622	0.9208725756239101
3.7323423423423425	0.919736567048546
3.7330630630630632	0.9185856910480342
3.733783783783784	0.9174197946140985
3.7345045045045047	0.9162387243690714
3.7352252252252254	0.915042326604699
3.735945945945946	0.9138304473222368
3.736666666666667	0.9126029322738652
3.7373873873873875	0.9113596270054193
3.7381081081081082	0.9101003769004696
3.738828828828829	0.9088250272257543
3.7395495495495497	0.9075334231779978
3.7402702702702704	0.9062254099321062
3.740990990990991	0.904900832690768
3.741711711711712	0.9035595367354807
3.7424324324324325	0.9022013674789944
3.7431531531531532	0.9008261705192029
3.743873873873874	0.8994337916944799
3.7445945945945946	0.8980240771404886
3.7453153153153154	0.8965968733484494
3.746036036036036	0.8951520272248875
3.746756756756757	0.8936893861528746
3.7474774774774775	0.8922087980547533
3.748198198198198	0.890710111456352
3.748918918918919	0.889193175552715
3.7496396396396396	0.887657840275316
3.7503603603603604	0.8861039563607818
3.751081081081081	0.8845313754211087
3.751801801801802	0.8829399500153896
3.7525225225225225	0.8813295337230226
3.753243243243243	0.8796999812184083
3.753963963963964	0.8780511483471413
3.7546846846846846	0.8763828922036613
3.7554054054054054	0.8746950712103655
3.756126126126126	0.8729875451981847
3.7568468468468468	0.8712601754885799
3.7575675675675675	0.8695128249769658
3.758288288288288	0.8677453582175265
3.759009009009009	0.8659576415094267
3.7597297297297296	0.8641495429843675
3.7604504504504503	0.8623209326954744
3.761171171171171	0.8604716827075068
3.7618918918918918	0.8586016671883299
3.7626126126126125	0.856710762501631
3.763333333333333	0.8547988473008663
3.764054054054054	0.8528658026243611
3.7647747747747746	0.8509115119915618
3.7654954954954953	0.84893586150037
3.766216216216216	0.8469387399255457
3.7669369369369368	0.8449200388181005
3.7676576576576575	0.8428796526056466
3.7683783783783786	0.8408174786936643
3.7690990990990993	0.8387334175676024
3.76981981981982	0.8366273728957785
3.7705405405405408	0.8344992516330103
3.7712612612612615	0.8323489641249177
3.771981981981982	0.8301764242128169
3.772702702702703	0.8279815493391725
3.7734234234234236	0.8257642606534912
3.7741441441441443	0.8235244831186092
3.774864864864865	0.8212621456173064
3.7755855855855858	0.8189771810591377
3.7763063063063065	0.8166695264874142
3.777027027027027	0.8143391231862657
3.777747747747748	0.8119859167876629
3.7784684684684686	0.8096098573783344
3.7791891891891893	0.8072108996064657
3.77990990990991	0.8047890027881153
3.7806306306306308	0.8023441310132078
3.7813513513513515	0.7998762532510245
3.782072072072072	0.7973853434551049
3.782792792792793	0.7948713806674155
3.7835135135135136	0.7923343491216939
3.7842342342342343	0.7897742383458819
3.784954954954955	0.7871910432634887
3.7856756756756758	0.7845847642938052
3.7863963963963965	0.7819554074508269
3.787117117117117	0.779302984440803
3.787837837837838	0.7766275127582446
3.7885585585585586	0.7739290157802929
3.7892792792792793	0.7712075228593465
3.79	0.7684630694137743
3.7907207207207207	0.765695697016617
3.7914414414414415	0.7629054534821642
3.792162162162162	0.760092392950238
3.792882882882883	0.7572565759680918
3.7936036036036036	0.7543980695697643
3.7943243243243243	0.7515169473528007
3.795045045045045	0.7486132895521636
3.7957657657657657	0.7456871831112234
3.7964864864864865	0.7427387217497279
3.797207207207207	0.7397680060285705
3.797927927927928	0.7367751434112535
3.7986486486486486	0.7337602483219456
3.7993693693693693	0.7307234421999534
3.80009009009009	0.7276648535505283
3.8008108108108107	0.7245846179918497
3.8015315315315314	0.7214828782981114
3.802252252252252	0.7183597844385363
3.802972972972973	0.7152154936122298
3.8036936936936936	0.7120501702787807
3.8044144144144143	0.7088639861844516
3.805135135135135	0.7056571203838709
3.8058558558558557	0.7024297592571532
3.8065765765765764	0.6991820965222879
3.807297297297297	0.6959143332427461
3.808018018018018	0.69262667783018
3.8087387387387386	0.6893193460421696
3.8094594594594593	0.6859925609748797
3.81018018018018	0.6826465530505712
3.8109009009009007	0.679281559999923
3.8116216216216214	0.6758978268390358
3.8123423423423426	0.6724956058411012
3.8130630630630633	0.66907515650266
3.813783783783784	0.6656367455044035
3.8145045045045047	0.6621806466664562
3.8152252252252254	0.6587071408981431
3.815945945945946	0.655216516142157
3.816666666666667	0.6517090673131191
3.8173873873873876	0.6481850962305519
3.8181081081081083	0.6446449115461892
3.818828828828829	0.6410888286656498
3.8195495495495497	0.637517169664507
3.8202702702702704	0.6339302631987039
3.820990990990991	0.6303284444093807
3.821711711711712	0.6267120548221058
3.8224324324324326	0.6230814422405917
3.8231531531531533	0.6194369606348791
3.823873873873874	0.6157789700240636
3.8245945945945947	0.6121078363536558
3.8253153153153154	0.6084239313675739
3.826036036036036	0.6047276324748961
3.826756756756757	0.6010193226114147
3.8274774774774776	0.5972993900961298
3.8281981981981983	0.5935682284827226
3.828918918918919	0.5898262364061347
3.8296396396396397	0.586073817424401
3.8303603603603604	0.5823113798557931
3.831081081081081	0.5785393366114286
3.831801801801802	0.5747581050235153
3.8325225225225226	0.5709681066693004
3.8332432432432433	0.5671697671909339
3.833963963963964	0.5633635161113548
3.8346846846846847	0.5595497866464183
3.8354054054054054	0.5557290155133668
3.836126126126126	0.5519016427358479
3.836846846846847	0.5480681114456902
3.8375675675675676	0.5442288676815604
3.8382882882882883	0.5403843601847212
3.839009009009009	0.536535040192119
3.8397297297297297	0.5326813612269307
3.8404504504504504	0.5288237788868351
3.841171171171171	0.5249627506301686
3.841891891891892	0.5210987355602381
3.8426126126126126	0.517232194207935
3.8433333333333333	0.5133635883129023
3.844054054054054	0.5094933806035064
3.8447747747747747	0.5056220345757699
3.8454954954954954	0.5017500142715247
3.846216216216216	0.4978777840560399
3.8469369369369373	0.4940058083952857
3.847657657657658	0.49013455163311115
3.8483783783783787	0.48626447776854387
3.8490990990990994	0.4823960502334444
3.84981981981982	0.4785297316707201
3.850540540540541	0.474665983713378
3.8512612612612616	0.47080526676457224
3.8519819819819823	0.4669480397789007
3.852702702702703	0.4630947600452025
3.8534234234234237	0.4592458829710056
3.8541441441441444	0.4554018618688974
3.854864864864865	0.45156314774498507
3.855585585585586	0.4477301890897108
3.8563063063063066	0.4439034316711585
3.8570270270270273	0.44008331833108244
3.857747747747748	0.43627028878388346
3.8584684684684687	0.4324647794186611
3.8591891891891894	0.4286672231045555
3.85990990990991	0.4248780489995902
3.860630630630631	0.42109768236312234
3.8613513513513515	0.417326544372124
3.8620720720720723	0.4135650519414113
3.862792792792793	0.4098136175480324
3.8635135135135137	0.4060726490598972
3.8642342342342344	0.4023425495688165
3.864954954954955	0.39862371722811846
3.865675675675676	0.39491654509490515
3.8663963963963965	0.39122142097709833
3.8671171171171173	0.3875387272854165
3.867837837837838	0.3838688408903223
3.8685585585585587	0.38021213298409
3.8692792792792794	0.37656896894803993
3.87	0.3729397082250749
3.870720720720721	0.3693247041975251
3.8714414414414415	0.36572430407039863
3.8721621621621622	0.36213884876012054
3.872882882882883	0.35856867278875204
3.8736036036036037	0.3550141041837585
3.8743243243243244	0.3514754643833892
3.875045045045045	0.34795306814763105
3.875765765765766	0.34444722347480666
3.8764864864864865	0.3409582315237866
3.8772072072072072	0.33748638654187096
3.877927927927928	0.334031975798272
3.8786486486486487	0.33059527952321716
3.8793693693693694	0.3271765708526792
3.88009009009009	0.3237761157786516
3.880810810810811	0.32039417310496404
3.8815315315315315	0.3170309944086269
3.8822522522522522	0.31368682400659903
3.882972972972973	0.3103618989279766
3.8836936936936937	0.30705644889150835
3.8844144144144144	0.3037706962884214
3.885135135135135	0.30050485617043143
3.885855855855856	0.29725913624288886
3.8865765765765765	0.29403373686300904
3.8872972972972972	0.2908288510430476
3.888018018018018	0.28764466445835896
3.8887387387387387	0.2844813554602704
3.8894594594594594	0.28133909509361904
3.89018018018018	0.2782180471188962
3.890900900900901	0.2751183680388601
3.891621621621622	0.272040207129554
3.8923423423423427	0.26898370647556125
3.8930630630630634	0.2659490010094251
3.893783783783784	0.26293621855510346
3.894504504504505	0.25994547987532407
3.8952252252252255	0.25697689872276114
3.8959459459459462	0.2540305818948544
3.896666666666667	0.25110662929219063
3.8973873873873877	0.24820513398028815
3.8981081081081084	0.24532618225470001
3.898828828828829	0.24246985370925703
3.89954954954955	0.23963622130734566
3.9002702702702705	0.23682535145611552
3.9009909909909912	0.2340373040834381
3.901711711711712	0.23127213271751276
3.9024324324324327	0.2285298845690116
3.9031531531531534	0.2258106006155863
3.903873873873874	0.22311431568864828
3.904594594594595	0.22044105856226529
3.9053153153153155	0.21779085204408488
3.906036036036036	0.21516371306811383
3.906756756756757	0.2125596527892493
3.9074774774774776	0.20997867667946085
3.9081981981981984	0.20742078462545693
3.908918918918919	0.20488597102773778
3.90963963963964	0.20237422490093704
3.9103603603603605	0.19988552997528958
3.911081081081081	0.19741986479914977
3.911801801801802	0.19497720284241815
3.9125225225225226	0.19255751260080306
3.9132432432432434	0.1901607577007654
3.913963963963964	0.18778689700506174
3.914684684684685	0.1854358847188006
3.9154054054054055	0.18310767049587046
3.916126126126126	0.1808021995456747
3.916846846846847	0.17851941274005273
3.9175675675675676	0.17625924672032717
3.9182882882882883	0.17402163400434664
3.919009009009009	0.17180650309345605
3.9197297297297298	0.16961377857932627
3.9204504504504505	0.16744338125052544
3.921171171171171	0.16529522819877016
3.921891891891892	0.16316923292479776
3.9226126126126126	0.16106530544374834
3.9233333333333333	0.15898335239001674
3.924054054054054	0.15692327712148346
3.9247747747747748	0.15488497982308919
3.9254954954954955	0.15286835760965453
3.926216216216216	0.1508733046279023
3.9269369369369374	0.1488997121576416
3.927657657657658	0.14694746871202474
3.9283783783783788	0.1450164601368526
3.9290990990990995	0.14310656970886876
3.92981981981982	0.14121767823299955
3.930540540540541	0.1393496641384861
3.9312612612612616	0.13750240357389312
3.9319819819819823	0.13567577050092305
3.932702702702703	0.13386963678701513
3.9334234234234238	0.13208387229671092
3.9341441441441445	0.13031834498172434
3.934864864864865	0.12857292096970305
3.935585585585586	0.1268474646516687
3.9363063063063066	0.1251418387680808
3.9370270270270273	0.1234559044935277
3.937747747747748	0.12178952152000601
3.9384684684684688	0.12014254813879457
3.9391891891891895	0.11851484132087803
3.93990990990991	0.1169062567959196
3.940630630630631	0.11531664912978433
3.9413513513513516	0.11374587180057541
3.9420720720720723	0.11219377727318847
3.942792792792793	0.1106602170723898
3.9435135135135138	0.1091450418543858
3.9442342342342345	0.10764810147690292
3.944954954954955	0.10616924506775897
3.945675675675676	0.10470832109194733
3.9463963963963966	0.10326517741720836
3.9471171171171173	0.101839661378103
3.947837837837838	0.10043161983860335
3.9485585585585588	0.0990408992531811
3.9492792792792795	0.0976673457264118
3.95	0.09631080507111305
3.950720720720721	0.09497112286500047
3.9514414414414416	0.09364814450589078
3.9521621621621623	0.09234171526544722
3.952882882882883	0.09105168034149733
3.9536036036036037	0.0897778849089122
3.9543243243243245	0.08852017416907085
3.955045045045045	0.08727839339793321
3.955765765765766	0.08605238799271499
3.9564864864864866	0.08484200351718994
3.9572072072072073	0.08364708574564476
3.957927927927928	0.08246748070548142
3.9586486486486487	0.08130303471850131
3.9593693693693695	0.08015359444087525
3.96009009009009	0.07901900690183394
3.960810810810811	0.07789911954107669
3.9615315315315316	0.07679378024492632
3.9622522522522523	0.07570283738125835
3.962972972972973	0.07462613983320483
3.9636936936936937	0.07356353703166153
3.9644144144144144	0.07251487898662706
3.965135135135135	0.07148001631737474
3.965855855855856	0.07045880028149301
3.9665765765765766	0.06945108280280315
3.9672972972972973	0.0684567164981896
3.968018018018018	0.06747555470334533
3.9687387387387387	0.06650745149746172
3.9694594594594594	0.06555226172689106
3.97018018018018	0.06460984102778632
3.970900900900901	0.06368004584774703
3.971621621621622	0.06276273346649859
3.9723423423423427	0.06185776201561516
3.9730630630630634	0.060964990497301925
3.973783783783784	0.06008427880228138
3.974504504504505	0.05921548772677647
3.9752252252252256	0.058358478988623536
3.9759459459459463	0.05751311524254134
3.976666666666667	0.05667926009456207
3.9773873873873877	0.05585677811565133
3.9781081081081084	0.05504553485454373
3.978828828828829	0.05424539684979907
3.97954954954955	0.05345623164111078
3.9802702702702706	0.05267790777987681
3.9809909909909913	0.05191029483906367
3.981711711711712	0.05115326342236858
3.9824324324324327	0.05040668517270507
3.9831531531531534	0.049670432780036314
3.983873873873874	0.048944379988562034
3.984594594594595	0.04822840160328305
3.9853153153153156	0.04752237349596715
3.9860360360360363	0.04682617261052076
3.986756756756757	0.046139676967794516
3.9874774774774777	0.04546276566983149
3.9881981981981984	0.04479531890358498
3.988918918918919	0.04413721794411018
3.98963963963964	0.04348834515725156
3.9903603603603606	0.042848584001847045
3.9910810810810813	0.04221781903145371
3.991801801801802	0.04159593589561568
3.9925225225225227	0.04098282134069435
3.9932432432432434	0.04037836321026463
3.993963963963964	0.039782450445100793
3.994684684684685	0.03919497308275933
3.9954054054054056	0.03861582225678142
3.9961261261261263	0.038044890195518155
3.996846846846847	0.0374820702205969
3.9975675675675677	0.03692725674504629
3.9982882882882884	0.03638034527108274
3.999009009009009	0.03584123238757925
3.99972972972973	0.0353098157672225
4.000450450450451	0.03478599416337825
4.001171171171172	0.03426966740666654
4.001891891891892	0.03376073640126572
4.002612612612613	0.033259103120953794
4.003333333333334	0.03276467060489557
4.004054054054055	0.03227734295319328
4.004774774774775	0.03179702532220208
4.005495495495496	0.03132362391962479
4.006216216216217	0.030857045999399584
4.006936936936937	0.03039719985638177
4.007657657657658	0.02994399482083607
4.008378378378379	0.029497341252743305
4.0090990990991	0.02905715053593697
4.00981981981982	0.028623335072070488
4.010540540540541	0.02819580827442723
4.011261261261262	0.027774484561585027
4.011981981981982	0.02735927935093589
4.012702702702703	0.026950109052072298
4.013423423423424	0.026546891060050898
4.0141441441441446	0.026149543748533642
4.014864864864865	0.025757986462819522
4.015585585585586	0.02537213951276927
4.016306306306307	0.024991924165635473
4.017027027027027	0.024617262638797693
4.017747747747748	0.024248078092412213
4.018468468468469	0.023884294621985425
4.0191891891891895	0.023525837250870277
4.01990990990991	0.023172631922696866
4.020630630630631	0.022824605493738825
4.021351351351352	0.022481685725225922
4.022072072072072	0.0221438012756019
4.022792792792793	0.02181088169273563
4.023513513513514	0.021482857406093007
4.0242342342342345	0.02115965971886876
4.024954954954955	0.02084122080008555
4.025675675675676	0.020527473676667265
4.026396396396397	0.02021835222548516
4.027117117117117	0.0199137911653856
4.027837837837838	0.01961372604919986
4.028558558558559	0.019318093255744326
4.0292792792792795	0.019026829981809264
4.03	0.018739874234142462
4.030720720720721	0.018457164821433274
4.031441441441442	0.018178641346295633
4.032162162162162	0.01790424419725555
4.032882882882883	0.017633914540748422
4.033603603603604	0.01736759431312413
4.0343243243243245	0.01710522621266681
4.035045045045045	0.016846753691628975
4.035765765765766	0.01659212094828644
4.036486486486487	0.01634127291901187
4.037207207207207	0.01609415527037157
4.037927927927928	0.01585071439124976
4.038648648648649	0.015610897384998344
4.0393693693693695	0.015374652061616374
4.04009009009009	0.0151419269299631
4.040810810810811	0.014912671190002258
4.041531531531532	0.014686834725082998
4.042252252252252	0.014464368094256495
4.042972972972973	0.014245222524633262
4.043693693693694	0.014029349903778713
4.0444144144144145	0.013816702772150434
4.045135135135135	0.013607234315580204
4.045855855855856	0.01340089835779859
4.046576576576577	0.013197649353005162
4.047297297297297	0.012997442378487191
4.048018018018018	0.01280023312728432
4.048738738738739	0.012605977900903348
4.0494594594594595	0.012414633602081844
4.05018018018018	0.012226157727604416
4.050900900900901	0.012040508361169128
4.051621621621622	0.011857644166306525
4.052342342342342	0.01167752437935349
4.053063063063063	0.011500108802479639
4.053783783783784	0.01132535779676842
4.0545045045045045	0.011153232275355017
4.055225225225225	0.010983693696618484
4.055945945945946	0.01081670405743126
4.056666666666667	0.010652225886464622
4.057387387387387	0.010490222237552988
4.058108108108108	0.010330656683114524
4.058828828828829	0.010173493307629825
4.0595495495495495	0.010018696701180304
4.06027027027027	0.00986623195304385
4.060990990990991	0.009716064645349446
4.061711711711712	0.009568160846792085
4.062432432432432	0.009422487106405576
4.063153153153153	0.009279010447395571
4.063873873873874	0.00913769836103131
4.064594594594595	0.008998518800598154
4.065315315315315	0.008861440175409331
4.066036036036037	0.008726431344875366
4.066756756756757	0.008593461612637599
4.067477477477478	0.008462500720756208
4.068198198198198	0.008333518843962539
4.06891891891892	0.008206486583966374
4.0696396396396395	0.00808137496382763
4.070360360360361	0.00795815542238245
4.071081081081081	0.007836799808732878
4.0718018018018025	0.00771728037679127
4.072522522522522	0.007599569779888365
4.073243243243244	0.007483641065434847
4.073963963963965	0.007369467669646386
4.074684684684685	0.007257023412322942
4.075405405405406	0.007146282491688309
4.076126126126127	0.007037219479286785
4.0768468468468475	0.0069298093149369215
4.077567567567568	0.006824027301743491
4.078288288288289	0.00671984910116546
4.07900900900901	0.006617250728140587
4.07972972972973	0.006516208546267191
4.080450450450451	0.006416699263041003
4.081171171171172	0.006318699925147685
4.0818918918918925	0.006222187913811442
4.082612612612613	0.006127140940197667
4.083333333333334	0.006033537040870676
4.084054054054055	0.005941354573305133
4.084774774774775	0.0058505722114521475
4.085495495495496	0.00576116894135802
4.086216216216217	0.005673124056836051
4.0869369369369375	0.0055864171551917256
4.087657657657658	0.005501028132999379
4.088378378378379	0.00541693718193072
4.0890990990991	0.00533412478463546
4.08981981981982	0.005252571710672148
4.090540540540541	0.005172259012490039
4.091261261261262	0.005093168021460663
4.0919819819819825	0.005015280343959833
4.092702702702703	0.004938577857498269
4.093423423423424	0.004863042706901074
4.094144144144145	0.004788657300536248
4.094864864864865	0.0047154043065905146
4.095585585585586	0.004643266649392694
4.096306306306307	0.004572227505784739
4.0970270270270275	0.0045022703015387255
4.097747747747748	0.004433378707820433
4.098468468468469	0.004365536637698255
4.09918918918919	0.004298728242698035
4.09990990990991	0.004232937909402162
4.100630630630631	0.004168150256093057
4.101351351351352	0.00410435012944114
4.1020720720720725	0.004041522601235675
4.102792792792793	0.0039796529651590015
4.103513513513514	0.003918726733603026
4.104234234234235	0.0038587296345284003
4.104954954954955	0.0037996476083648847
4.105675675675676	0.0037414668049529807
4.106396396396397	0.003684173580526829
4.1071171171171175	0.003627754494736998
4.107837837837838	0.0035721963077131763
4.108558558558559	0.003517485977166831
4.10927927927928	0.003463610655532358
4.11	0.0034105576871471584
4.110720720720721	0.0033583146054695793
4.111441441441442	0.003306869130335071
4.1121621621621625	0.0032562091652492088
4.112882882882883	0.0032063227947175966
4.113603603603604	0.0031571982816126385
4.114324324324325	0.0031088240645759054
4.115045045045045	0.0030611887554561202
4.115765765765766	0.0030142811367827246
4.116486486486487	0.0029680901592737644
4.1172072072072075	0.0029226049393783994
4.117927927927928	0.0028778147568530974
4.118648648648649	0.0028337090523717907
4.11936936936937	0.0027902774251687777
4.12009009009009	0.0027475096307143705
4.120810810810811	0.0027053955784232283
4.121531531531532	0.0026639253293942655
4.1222522522522524	0.002623089094182112
4.122972972972973	0.0025828772306000724
4.123693693693694	0.0025432802415534623
4.124414414414415	0.002504288772903565
4.125135135135135	0.0024658936113613685
4.125855855855856	0.0024280856824112954
4.126576576576577	0.002390856048263853
4.127297297297297	0.002354195905837189
4.128018018018018	0.0023180965847674597
4.128738738738739	0.002282549545447049
4.12945945945946	0.0022475463770905914
4.13018018018018	0.00221307879582872
4.130900900900901	0.002179138642828576
4.131621621621622	0.0021457178824412482
4.132342342342342	0.0021128086003754107
4.133063063063063	0.0020804030018973167
4.133783783783784	0.0020484934100562196
4.134504504504505	0.0020170722639351706
4.135225225225225	0.0019861321169271137
4.135945945945946	0.0019556656350354262
4.136666666666667	0.0019256655951988473
4.137387387387387	0.0018961248836407122
4.138108108108108	0.001867036494241651
4.138828828828829	0.0018383935269358758
4.13954954954955	0.0018101891861304197
4.14027027027027	0.001782416779147443
4.140990990990991	0.0017550697146887975
4.141711711711712	0.0017281415013227926
4.142432432432432	0.0017016257459930811
4.143153153153153	0.001675516152548919
4.143873873873874	0.00164980652029674
4.1445945945945954	0.0016244907425729388
4.145315315315315	0.001599562805337288
4.146036036036037	0.001575016785786558
4.146756756756757	0.0015508468509889005
4.147477477477478	0.0015270472565373171
4.148198198198198	0.0015036123452237074
4.14891891891892	0.0014805365457312395
4.1496396396396396	0.0014578143713468268
4.150360360360361	0.0014354404186915077
4.151081081081081	0.0014134093664701919
4.151801801801803	0.001391715974238929
4.152522522522522	0.001370355081191085
4.153243243243244	0.0013493216049604777
4.153963963963965	0.0013286105404427988
4.154684684684685	0.0013082169586337267
4.155405405405406	0.0012881360054846065
4.156126126126127	0.001268362900774672
4.156846846846848	0.0012488929369998878
4.157567567567568	0.0012297214782783154
4.158288288288289	0.0012108439592714286
4.15900900900901	0.0011922558841214433
4.15972972972973	0.001173952825404224
4.160450450450451	0.00115593042309782
4.161171171171172	0.0011381843835660908
4.161891891891893	0.0011207104785573583
4.162612612612613	0.0011035045442180176
4.163333333333334	0.0010865624801206053
4.164054054054055	0.0010698802483062628
4.164774774774775	0.001053453872341532
4.165495495495496	0.0010372794363889802
4.166216216216217	0.001021353084291709
4.166936936936938	0.0010056710186713631
4.167657657657658	0.000990229500039684
4.168378378378379	0.0009750248459231343
4.1690990990991	0.0009600534300005456
4.16981981981982	0.000945311681253715
4.170540540540541	0.0009307960831305242
4.171261261261262	0.0009165031727205222
4.171981981981983	0.0009024295399429117
4.172702702702703	0.000888571826746509
4.173423423423424	0.0008749267263217131
4.174144144144145	0.0008614909823241592
4.174864864864865	0.0008482613881100874
4.175585585585586	0.000835234785983017
4.176306306306307	0.0008224080664516828
4.1770270270270276	0.0008097781674991687
4.177747747747748	0.0007973420738628655
4.178468468468469	0.0007850968163252056
4.17918918918919	0.0007730394710151134
4.17990990990991	0.0007611671587198057
4.180630630630631	0.0007494770442069678
4.181351351351352	0.0007379663355570234
4.1820720720720725	0.0007266322835055229
4.182792792792793	0.0007154721807952985
4.183513513513514	0.0007044833615383424
4.184234234234235	0.0006936632005873541
4.184954954954955	0.0006830091129166328
4.185675675675676	0.0006725185530122718
4.186396396396397	0.0006621890142716034
4.1871171171171175	0.0006520180284115737
4.187837837837838	0.0006420031648860728
4.188558558558559	0.0006321420303119731
4.18927927927928	0.0006224322679038959
4.19	0.000612871556917405
4.190720720720721	0.0006034576121005846
4.191441441441442	0.0005941881831539567
4.1921621621621625	0.0005850610541984494
4.192882882882883	0.0005760740432514345
4.193603603603604	0.0005672250017106156
4.194324324324325	0.0005585118138457816
4.195045045045045	0.0005499323962981532
4.195765765765766	0.0005414846975872861
4.196486486486487	0.0005331666976254867
4.1972072072072075	0.0005249764072394895
4.197927927927928	0.0005169118676993601
4.198648648648649	0.0005089711502545804
4.19936936936937	0.0005011523556770716
4.20009009009009	0.0004934536138111676
4.200810810810811	0.0004858730831303492
4.201531531531532	0.00047840895030075263
4.2022522522522525	0.00047105942975121776
4.202972972972973	0.0004638227632498418
4.203693693693694	0.000456697219487003
4.204414414414415	0.0004496810936646342
4.205135135135135	0.00044277270709171864
4.205855855855856	0.0004359704067859679
4.206576576576577	0.0004292725650814702
4.2072972972972975	0.00042267757924232163
4.208018018018018	0.00041618387108207624
4.208738738738739	0.0004097898865890251
4.20945945945946	0.00040349409555710195
4.21018018018018	0.0003972949912223879
4.210900900900901	0.00039119108990518095
4.211621621621622	0.0003851809306574438
4.2123423423423425	0.0003792630749156027
4.213063063063063	0.00037343610615866524
4.213783783783784	0.0003676986295714725
4.214504504504505	0.0003620492717130976
4.215225225225225	0.0003564866801902483
4.215945945945946	0.00035100952333568154
4.216666666666667	0.0003456164898914574
4.2173873873873875	0.0003403062886970065
4.218108108108108	0.00033507764838198247
4.218828828828829	0.000329929317063738
4.21954954954955	0.00032486006204940197
4.22027027027027	0.00031986866954252695
4.220990990990991	0.00031495394435415323
4.221711711711712	0.0003101147096182932
4.2224324324324325	0.0003053498065117192
4.223153153153153	0.0003006580939780572
4.223873873873874	0.0002960384484560406
4.2245945945945955	0.00029148976361189564
4.225315315315315	0.00028701095007586415
4.226036036036037	0.00028260093518262837
4.226756756756757	0.0002782586627158203
4.227477477477478	0.00027398309265627246
4.228198198198198	0.00026977320093427004
4.22891891891892	0.00026562797918541173
4.22963963963964	0.00026154643451033747
4.230360360360361	0.00025752758923797294
4.231081081081081	0.0002535704806925428
4.231801801801803	0.0002496741609639615
4.2325225225225225	0.000245837696681895
4.233243243243244	0.00024206016879311343
4.233963963963965	0.00023834067234236456
4.2346846846846855	0.00023467831625649917
4.235405405405406	0.00023107222313192643
4.236126126126127	0.00022752152902532445
4.236846846846848	0.00022402538324751655
4.237567567567568	0.0002205829481604928
4.238288288288289	0.0002171933989775576
4.23900900900901	0.00021385592356649763
4.2397297297297305	0.00021056972225575487
4.240450450450451	0.00020733400764358514
4.241171171171172	0.00020414800441009948
4.241891891891893	0.00020101094913219287
4.242612612612613	0.0001979220901012815
4.243333333333334	0.00019488068714385175
4.244054054054055	0.0001918860114447233
4.2447747747747755	0.00018893734537301277
4.245495495495496	0.0001860339823107798
4.246216216216217	0.0001831752264842656
4.246936936936938	0.00018036039279771112
4.247657657657658	0.00017758880666973666
4.248378378378379	0.00017485980387219624
4.2490990990991	0.00017217273037150975
4.2498198198198205	0.00016952694217240485
4.250540540540541	0.0001669218051640721
4.251261261261262	0.000164356694968649
4.251981981981983	0.0001618309967920213
4.252702702702703	0.00015934410527692564
4.253423423423424	0.00015689542435827743
4.254144144144145	0.000154484367120711
4.2548648648648655	0.00015211035565831853
4.255585585585586	0.00014977282093651143
4.256306306306307	0.00014747120265600757
4.257027027027028	0.0001452049491188865
4.257747747747748	0.00014297351709671415
4.258468468468469	0.00014077637170066619
4.25918918918919	0.00013861298625363855
4.2599099099099105	0.00013648284216433274
4.260630630630631	0.00013438542880324952
4.261351351351352	0.00013232024338058067
4.262072072072073	0.00013028679082598637
4.262792792792793	0.00012828458367019328
4.263513513513514	0.00012631314192841644
4.264234234234235	0.00012437199298555415
4.2649549549549555	0.00012246067148315848
4.265675675675676	0.00012057871920811957
4.266396396396397	0.00011872568498305458
4.267117117117118	0.00011690112455839005
4.267837837837838	0.000115104600506081
4.268558558558559	0.00011333568211495782
4.26927927927928	0.00011159394528769029
4.2700000000000005	0.00010987897243931308
