#CDA decimation FMS KSAT
#N=16384  stepsdec=1  alpha=3.84   NSamples=1000
#av(e)	0.038
#std(e)	0.00652349599524672
#av(t)	3660.744
#std(t)	274.283305617502
0.0	2012.0	3
0.0	2963.0	4
0.0	2918.0	5
1.0	4190.0	6
0.0	2917.0	7
0.0	3233.0	8
0.0	3033.0	9
0.0	2551.0	10
0.0	2919.0	11
0.0	3039.0	12
0.0	2689.0	13
1.0	3692.0	14
0.0	2370.0	15
0.0	2809.0	16
0.0	2975.0	17
0.0	2971.0	18
0.0	3123.0	19
0.0	2697.0	20
0.0	3913.0	21
0.0	1976.0	22
0.0	2954.0	23
0.0	3510.0	24
0.0	3289.0	25
0.0	3242.0	26
0.0	3183.0	27
0.0	2809.0	28
0.0	4682.0	29
0.0	2787.0	30
1.0	4991.0	31
0.0	4346.0	32
0.0	3602.0	33
0.0	1769.0	34
0.0	1925.0	35
0.0	1945.0	36
0.0	2309.0	37
0.0	2079.0	38
0.0	2951.0	39
0.0	2739.0	40
0.0	2813.0	41
0.0	1913.0	42
0.0	2149.0	43
0.0	2253.0	44
0.0	2296.0	45
0.0	2501.0	46
0.0	2379.0	47
0.0	2472.0	48
0.0	1905.0	49
0.0	2199.0	50
0.0	2482.0	91
0.0	3779.0	92
0.0	3709.0	93
0.0	3228.0	94
0.0	2718.0	95
0.0	3182.0	96
0.0	2747.0	97
0.0	2793.0	98
0.0	2458.0	99
0.0	3474.0	100
0.0	2304.0	101
0.0	4090.0	102
0.0	2545.0	103
0.0	2151.0	104
0.0	3557.0	105
0.0	3049.0	106
0.0	2852.0	107
0.0	2856.0	108
0.0	2253.0	109
0.0	2318.0	110
0.0	2862.0	111
0.0	2408.0	112
0.0	2217.0	113
0.0	2977.0	114
0.0	1853.0	115
0.0	2356.0	116
0.0	1915.0	117
0.0	2951.0	118
0.0	3325.0	119
0.0	2745.0	120
1.0	3596.0	121
0.0	2488.0	122
0.0	1877.0	123
0.0	1833.0	124
0.0	2409.0	125
0.0	2876.0	126
0.0	2111.0	127
0.0	2334.0	128
0.0	2044.0	129
0.0	3775.0	130
0.0	4774.0	131
0.0	1856.0	132
0.0	2967.0	133
0.0	3971.0	134
0.0	4887.0	135
0.0	2496.0	136
0.0	2335.0	137
0.0	2877.0	138
0.0	2731.0	139
0.0	2640.0	140
0.0	2545.0	141
0.0	2956.0	142
0.0	3310.0	143
0.0	3200.0	144
0.0	1768.0	145
0.0	1973.0	146
0.0	2316.0	147
1.0	3541.0	148
0.0	2355.0	149
0.0	2211.0	150
0.0	3150.0	189
0.0	3643.0	190
0.0	2949.0	191
0.0	3003.0	192
1.0	4618.0	193
0.0	2681.0	194
0.0	3162.0	195
0.0	4093.0	196
0.0	3242.0	197
0.0	2449.0	198
1.0	4275.0	199
0.0	3525.0	200
0.0	2762.0	201
0.0	3084.0	202
0.0	2167.0	203
0.0	3320.0	204
0.0	2001.0	205
0.0	2631.0	206
0.0	2945.0	207
0.0	2951.0	208
0.0	2780.0	209
0.0	2292.0	210
0.0	2758.0	211
0.0	2393.0	212
0.0	2706.0	213
0.0	2272.0	214
0.0	3036.0	215
0.0	1894.0	216
0.0	2009.0	217
0.0	2442.0	218
0.0	1786.0	219
0.0	3160.0	220
0.0	2212.0	221
0.0	3242.0	222
0.0	2427.0	223
0.0	2700.0	224
0.0	2108.0	225
1.0	3714.0	226
0.0	3089.0	227
0.0	2483.0	228
0.0	2333.0	229
0.0	2385.0	230
1.0	4230.0	231
0.0	3073.0	232
0.0	4271.0	233
0.0	2942.0	234
0.0	3157.0	235
0.0	3134.0	236
0.0	2747.0	237
0.0	1660.0	238
0.0	2660.0	239
1.0	3574.0	240
0.0	2133.0	241
0.0	2216.0	242
0.0	2917.0	243
0.0	2397.0	244
0.0	2046.0	245
0.0	2343.0	246
0.0	3075.0	247
0.0	2808.0	248
0.0	1679.0	249
0.0	1514.0	250
0.0	4663.0	293
0.0	2780.0	294
0.0	3812.0	295
0.0	2940.0	296
0.0	2677.0	297
0.0	3236.0	298
0.0	3018.0	299
0.0	2550.0	300
0.0	2634.0	338
0.0	2894.0	339
0.0	2775.0	340
0.0	2229.0	341
0.0	3043.0	342
0.0	2762.0	343
0.0	2308.0	344
0.0	2456.0	345
0.0	3045.0	346
0.0	2637.0	347
1.0	3681.0	348
0.0	2015.0	349
0.0	1711.0	350
1.0	4676.0	394
0.0	2576.0	395
0.0	2358.0	396
0.0	2596.0	397
0.0	3476.0	398
0.0	2622.0	399
0.0	2933.0	400
0.0	2524.0	401
0.0	2193.0	402
0.0	3076.0	403
0.0	2661.0	404
0.0	2369.0	405
2.0	4088.0	406
0.0	2468.0	407
0.0	2421.0	408
0.0	3586.0	409
0.0	2722.0	410
0.0	3079.0	411
0.0	2773.0	412
0.0	2113.0	413
0.0	2540.0	414
0.0	2413.0	415
0.0	3050.0	416
0.0	2652.0	417
0.0	2536.0	418
0.0	2897.0	419
0.0	3416.0	420
0.0	2534.0	421
0.0	3629.0	422
0.0	1746.0	423
0.0	2623.0	424
0.0	2625.0	425
2.0	4045.0	426
0.0	2701.0	427
0.0	3649.0	428
0.0	3816.0	429
0.0	2136.0	430
0.0	4458.0	431
0.0	3963.0	432
0.0	3241.0	433
0.0	2259.0	434
1.0	3599.0	435
0.0	2276.0	436
0.0	1667.0	437
0.0	2091.0	438
0.0	2963.0	439
0.0	2114.0	440
0.0	3282.0	441
1.0	3527.0	442
0.0	1888.0	443
0.0	2490.0	444
0.0	3090.0	445
0.0	1883.0	446
0.0	2063.0	447
0.0	2265.0	448
1.0	3463.0	449
0.0	1561.0	450
0.0	2948.0	490
0.0	3716.0	491
0.0	2683.0	492
0.0	3839.0	493
0.0	2888.0	494
0.0	3462.0	495
0.0	3600.0	496
0.0	3188.0	497
0.0	3458.0	498
0.0	2698.0	499
0.0	3205.0	500
0.0	3596.0	503
0.0	3315.0	504
0.0	4553.0	505
0.0	2513.0	506
0.0	3893.0	507
0.0	2590.0	508
0.0	3461.0	509
0.0	3619.0	510
0.0	2292.0	511
0.0	2782.0	512
0.0	2443.0	513
0.0	3398.0	514
0.0	3587.0	515
0.0	3527.0	516
0.0	3145.0	517
0.0	3510.0	518
0.0	2641.0	519
0.0	2527.0	520
0.0	3148.0	521
0.0	3739.0	522
0.0	3173.0	523
0.0	2741.0	524
0.0	3968.0	525
0.0	3612.0	526
0.0	4349.0	527
0.0	2947.0	528
0.0	3738.0	529
0.0	3954.0	530
0.0	2715.0	531
0.0	3514.0	532
0.0	4937.0	533
0.0	3762.0	534
0.0	3544.0	535
0.0	3900.0	536
0.0	3191.0	537
0.0	3223.0	538
0.0	3568.0	539
0.0	3601.0	540
0.0	3063.0	541
0.0	2764.0	542
0.0	3648.0	543
0.0	3179.0	544
0.0	2966.0	545
0.0	3653.0	546
0.0	2184.0	547
0.0	2349.0	548
0.0	2653.0	549
0.0	2773.0	550
0.0	4369.0	551
0.0	2627.0	552
0.0	2584.0	553
0.0	2050.0	554
0.0	3210.0	555
0.0	3983.0	556
0.0	4204.0	557
0.0	2262.0	558
1.0	4400.0	559
0.0	2634.0	560
0.0	3307.0	561
0.0	2973.0	562
0.0	3384.0	563
0.0	1994.0	564
0.0	2540.0	565
0.0	3768.0	566
0.0	2513.0	567
0.0	2622.0	568
0.0	3246.0	569
0.0	2483.0	570
0.0	2668.0	571
0.0	1989.0	572
0.0	2632.0	573
0.0	2712.0	574
0.0	3655.0	575
0.0	2399.0	576
0.0	3208.0	577
0.0	3770.0	578
0.0	2283.0	579
0.0	2883.0	580
0.0	3296.0	581
0.0	2924.0	582
0.0	2544.0	583
0.0	3913.0	584
0.0	2693.0	585
0.0	2884.0	586
0.0	3609.0	587
0.0	3134.0	588
0.0	3098.0	589
0.0	3832.0	590
0.0	2394.0	591
0.0	2195.0	592
0.0	1949.0	593
0.0	2723.0	594
0.0	3340.0	595
0.0	2303.0	596
0.0	3359.0	597
0.0	2464.0	598
0.0	2775.0	599
0.0	3044.0	600
0.0	3293.0	641
0.0	2830.0	642
0.0	3249.0	643
0.0	3343.0	644
0.0	2181.0	645
0.0	2966.0	646
0.0	1842.0	647
0.0	3595.0	648
0.0	3727.0	649
0.0	3284.0	650
0.0	3082.0	689
0.0	3294.0	690
0.0	3852.0	691
0.0	3053.0	692
0.0	3359.0	693
0.0	2454.0	694
0.0	3635.0	695
0.0	2880.0	696
0.0	2957.0	697
0.0	2124.0	698
0.0	3425.0	699
0.0	2480.0	700
0.0	3986.0	701
0.0	2595.0	702
0.0	3063.0	703
0.0	3510.0	704
0.0	2673.0	705
0.0	3933.0	706
0.0	2866.0	707
0.0	4299.0	708
0.0	3423.0	709
0.0	2557.0	710
0.0	3474.0	711
0.0	2687.0	712
0.0	3240.0	713
0.0	1994.0	714
0.0	2638.0	715
0.0	4133.0	716
0.0	3150.0	717
0.0	2417.0	718
0.0	4026.0	719
0.0	3877.0	720
0.0	2101.0	721
0.0	3041.0	722
0.0	3134.0	723
0.0	3517.0	724
0.0	4196.0	725
0.0	4960.0	726
0.0	3170.0	727
0.0	3825.0	728
1.0	5563.0	729
0.0	3102.0	730
0.0	3657.0	731
0.0	3063.0	732
0.0	3297.0	733
0.0	3387.0	734
0.0	3550.0	735
0.0	3216.0	736
0.0	4022.0	737
0.0	3082.0	738
0.0	2474.0	739
0.0	2744.0	740
0.0	3137.0	741
0.0	2901.0	742
0.0	2435.0	743
0.0	2350.0	744
0.0	2748.0	745
0.0	2914.0	746
0.0	3117.0	747
0.0	2693.0	748
0.0	2538.0	749
0.0	3157.0	750
0.0	3445.0	790
0.0	2371.0	791
0.0	3565.0	792
0.0	2347.0	793
0.0	3150.0	794
0.0	3251.0	795
0.0	3478.0	796
0.0	4113.0	797
0.0	3739.0	798
0.0	2601.0	799
0.0	3084.0	800
0.0	2659.0	840
0.0	3337.0	841
0.0	3497.0	842
0.0	3797.0	843
2.0	4283.0	844
0.0	2469.0	845
0.0	2252.0	846
0.0	3444.0	847
0.0	3136.0	848
0.0	3287.0	849
0.0	3735.0	850
0.0	4192.0	851
0.0	3143.0	852
0.0	2137.0	853
1.0	4257.0	854
0.0	2572.0	855
0.0	3127.0	856
0.0	3380.0	857
0.0	2705.0	858
0.0	3214.0	859
0.0	2837.0	860
0.0	2666.0	861
0.0	2360.0	862
0.0	2306.0	863
0.0	1989.0	864
0.0	2807.0	865
0.0	2069.0	866
0.0	2172.0	867
0.0	2118.0	868
0.0	2964.0	869
0.0	2107.0	870
0.0	2307.0	871
0.0	2161.0	872
0.0	2343.0	873
0.0	2390.0	874
0.0	2329.0	875
0.0	1733.0	876
0.0	2572.0	877
0.0	2163.0	878
0.0	3070.0	879
0.0	2326.0	880
0.0	2709.0	881
0.0	3166.0	882
0.0	2112.0	883
0.0	3566.0	884
0.0	2561.0	885
0.0	1827.0	886
0.0	2201.0	887
0.0	2293.0	888
0.0	2127.0	889
0.0	2312.0	890
0.0	2449.0	891
0.0	1951.0	892
0.0	2400.0	893
0.0	3273.0	894
0.0	3122.0	895
0.0	1923.0	896
0.0	1659.0	897
0.0	1805.0	898
0.0	2397.0	899
0.0	1842.0	900
0.0	3581.0	901
0.0	2762.0	902
0.0	3509.0	903
0.0	2468.0	904
0.0	2555.0	905
0.0	3366.0	906
0.0	2408.0	907
0.0	2850.0	908
0.0	2558.0	909
0.0	3115.0	910
0.0	3003.0	911
0.0	3142.0	912
0.0	3362.0	913
0.0	1987.0	914
0.0	2121.0	915
0.0	2694.0	916
0.0	2703.0	917
0.0	2518.0	918
0.0	2345.0	919
0.0	2825.0	920
0.0	2157.0	921
0.0	2593.0	922
0.0	2998.0	923
0.0	2230.0	924
0.0	3533.0	925
0.0	2134.0	926
0.0	2295.0	927
0.0	3335.0	928
0.0	2755.0	929
0.0	2767.0	930
0.0	2431.0	931
0.0	2455.0	932
0.0	2588.0	933
0.0	3700.0	934
0.0	3255.0	935
0.0	3461.0	936
0.0	2741.0	937
0.0	3909.0	938
0.0	2435.0	939
0.0	3435.0	940
0.0	2556.0	941
0.0	2470.0	942
0.0	2166.0	943
0.0	2138.0	944
0.0	2661.0	945
0.0	2166.0	946
0.0	2213.0	947
0.0	2960.0	948
0.0	2187.0	949
0.0	1876.0	950
0.0	4031.0	990
0.0	2412.0	991
0.0	3712.0	992
0.0	2536.0	993
0.0	3907.0	994
0.0	3803.0	995
0.0	2267.0	996
0.0	3110.0	997
0.0	3262.0	998
0.0	2258.0	999
0.0	3249.0	1000
0.0	95058.0	1
0.0	91473.0	2
0.0	89191.0	291
0.0	79278.0	292
0.0	116352.0	501
0.0	91860.0	502
1.0	161036.0	789
0.0	2759.0	51
0.0	2269.0	52
0.0	3538.0	53
0.0	2371.0	54
1.0	4350.0	55
0.0	2668.0	56
1.0	4441.0	57
0.0	2389.0	58
0.0	3657.0	59
0.0	3199.0	60
0.0	2106.0	61
0.0	3076.0	62
0.0	3568.0	63
0.0	3071.0	64
0.0	2479.0	65
0.0	3828.0	66
0.0	2487.0	67
0.0	2427.0	68
0.0	3001.0	69
0.0	3427.0	70
0.0	2752.0	71
0.0	2975.0	72
0.0	3072.0	73
0.0	3378.0	74
0.0	3857.0	75
0.0	3014.0	76
0.0	2543.0	77
0.0	3914.0	78
0.0	3538.0	79
0.0	2488.0	80
0.0	2025.0	81
0.0	2676.0	82
0.0	3091.0	83
0.0	2492.0	84
0.0	2215.0	85
0.0	3333.0	86
0.0	1993.0	87
0.0	2104.0	88
0.0	4113.0	89
0.0	3123.0	90
0.0	3439.0	151
0.0	3501.0	152
0.0	2868.0	153
0.0	2615.0	154
0.0	4042.0	155
0.0	3261.0	156
1.0	4355.0	157
0.0	3043.0	158
1.0	4362.0	159
0.0	2907.0	160
1.0	4362.0	161
0.0	3776.0	162
0.0	2464.0	163
0.0	2998.0	164
0.0	2489.0	165
0.0	2538.0	166
0.0	3162.0	167
0.0	2679.0	168
0.0	3132.0	169
0.0	3774.0	170
0.0	3585.0	171
0.0	3141.0	172
0.0	2863.0	173
0.0	3304.0	174
0.0	2355.0	175
0.0	2687.0	176
0.0	2141.0	177
0.0	2660.0	178
0.0	2899.0	179
0.0	2478.0	180
0.0	2627.0	181
0.0	3432.0	182
0.0	2865.0	183
0.0	3353.0	184
0.0	3205.0	185
0.0	2472.0	186
0.0	3132.0	187
0.0	2698.0	188
0.0	2184.0	251
0.0	3321.0	252
0.0	3086.0	253
0.0	3376.0	254
0.0	2846.0	255
0.0	2156.0	256
0.0	3281.0	257
0.0	3393.0	258
0.0	2836.0	259
0.0	2694.0	260
0.0	3762.0	261
0.0	3676.0	262
0.0	3581.0	263
0.0	2507.0	264
0.0	2585.0	265
0.0	3054.0	266
0.0	2853.0	267
0.0	3602.0	268
0.0	2685.0	269
0.0	3014.0	270
0.0	3397.0	271
0.0	3438.0	272
0.0	3221.0	273
0.0	2672.0	274
0.0	3243.0	275
0.0	3066.0	276
0.0	2356.0	277
0.0	2656.0	278
0.0	4346.0	279
0.0	2368.0	280
0.0	3047.0	281
0.0	3499.0	282
0.0	3113.0	283
0.0	4248.0	284
0.0	2747.0	285
0.0	2514.0	286
0.0	2306.0	287
0.0	2204.0	288
0.0	2326.0	289
0.0	3992.0	290
0.0	3679.0	301
0.0	2982.0	302
0.0	2712.0	303
0.0	3523.0	304
0.0	3622.0	305
0.0	3349.0	306
0.0	2572.0	307
0.0	2759.0	308
0.0	2852.0	309
0.0	3690.0	310
0.0	2686.0	311
0.0	2953.0	312
0.0	3740.0	313
1.0	4300.0	314
0.0	4006.0	315
0.0	2717.0	316
0.0	2118.0	317
0.0	3135.0	318
0.0	3009.0	319
0.0	2506.0	320
0.0	2831.0	321
0.0	2806.0	322
0.0	2476.0	323
0.0	3298.0	324
0.0	3669.0	325
1.0	4289.0	326
0.0	2703.0	327
0.0	3533.0	328
0.0	3342.0	329
0.0	3822.0	330
0.0	2111.0	331
0.0	3557.0	332
0.0	2748.0	333
0.0	3119.0	334
0.0	2809.0	335
1.0	4309.0	336
0.0	2525.0	337
0.0	3207.0	351
0.0	2833.0	352
0.0	3377.0	353
0.0	2758.0	354
0.0	2921.0	355
0.0	2086.0	356
0.0	2592.0	357
0.0	2790.0	358
0.0	2400.0	359
0.0	3382.0	360
0.0	3108.0	361
0.0	2528.0	362
0.0	2638.0	363
0.0	2600.0	364
0.0	2485.0	365
0.0	3166.0	366
0.0	2372.0	367
0.0	4262.0	368
0.0	2981.0	369
0.0	2308.0	370
0.0	2798.0	371
0.0	2750.0	372
0.0	3365.0	373
0.0	2331.0	374
0.0	2909.0	375
0.0	2556.0	376
0.0	2680.0	377
0.0	2237.0	378
0.0	2181.0	379
0.0	2672.0	380
0.0	2848.0	381
0.0	2938.0	382
0.0	2882.0	383
0.0	3015.0	384
0.0	3386.0	385
0.0	2701.0	386
0.0	3349.0	387
0.0	2686.0	388
0.0	3467.0	389
0.0	2493.0	390
0.0	2714.0	391
0.0	3104.0	392
0.0	2080.0	393
0.0	2590.0	451
0.0	2703.0	452
0.0	2712.0	453
0.0	3529.0	454
0.0	3338.0	455
0.0	3264.0	456
0.0	4019.0	457
0.0	2576.0	458
0.0	4005.0	459
0.0	3041.0	460
0.0	2482.0	461
0.0	2032.0	462
0.0	2420.0	463
0.0	4406.0	464
0.0	2524.0	465
0.0	2581.0	466
0.0	2870.0	467
0.0	3897.0	468
0.0	2653.0	469
1.0	4416.0	470
0.0	3589.0	471
0.0	2841.0	472
0.0	3372.0	473
0.0	2907.0	474
0.0	2488.0	475
0.0	3252.0	476
0.0	2868.0	477
0.0	2115.0	478
0.0	2162.0	479
0.0	2656.0	480
0.0	4021.0	481
0.0	2561.0	482
0.0	3883.0	483
0.0	2884.0	484
0.0	2885.0	485
0.0	2256.0	486
0.0	4176.0	487
0.0	3034.0	488
0.0	3986.0	489
0.0	3565.0	601
0.0	2301.0	602
0.0	3052.0	603
0.0	2068.0	604
0.0	3653.0	605
0.0	2947.0	606
0.0	4285.0	607
0.0	2146.0	608
0.0	3312.0	609
0.0	2496.0	610
0.0	2949.0	611
0.0	2628.0	612
0.0	2982.0	613
0.0	3171.0	614
0.0	3745.0	615
0.0	2465.0	616
0.0	2621.0	617
0.0	3233.0	618
0.0	2283.0	619
0.0	3453.0	620
0.0	2549.0	621
0.0	2769.0	622
0.0	1729.0	623
0.0	2921.0	624
0.0	2618.0	625
0.0	2299.0	626
0.0	2688.0	627
0.0	2796.0	628
0.0	3154.0	629
0.0	3074.0	630
0.0	2728.0	631
0.0	4110.0	632
0.0	2492.0	633
0.0	2725.0	634
0.0	3390.0	635
0.0	2682.0	636
0.0	3577.0	637
0.0	3420.0	638
0.0	2124.0	639
0.0	2285.0	640
0.0	3073.0	651
0.0	3337.0	652
0.0	3051.0	653
0.0	3146.0	654
0.0	2939.0	655
0.0	2140.0	656
0.0	2945.0	657
0.0	3442.0	658
0.0	2185.0	659
0.0	3022.0	660
0.0	2800.0	661
0.0	3204.0	662
0.0	2978.0	663
0.0	2717.0	664
0.0	3402.0	665
0.0	2984.0	666
0.0	3491.0	667
0.0	4062.0	668
0.0	2984.0	669
0.0	2545.0	670
0.0	2562.0	671
0.0	2889.0	672
0.0	2678.0	673
0.0	3107.0	674
0.0	2356.0	675
0.0	2543.0	676
0.0	2912.0	677
0.0	3364.0	678
1.0	4383.0	679
0.0	2870.0	680
0.0	3550.0	681
0.0	2744.0	682
0.0	3143.0	683
0.0	2791.0	684
0.0	3095.0	685
1.0	4355.0	686
1.0	4325.0	687
0.0	2943.0	688
0.0	3103.0	751
0.0	2604.0	752
0.0	2867.0	753
0.0	4317.0	754
0.0	3708.0	755
0.0	2386.0	756
0.0	3473.0	757
0.0	3319.0	758
0.0	1845.0	759
0.0	3160.0	760
0.0	3239.0	761
0.0	2772.0	762
0.0	2685.0	763
0.0	2601.0	764
0.0	2686.0	765
0.0	3246.0	766
0.0	2946.0	767
0.0	3011.0	768
0.0	3363.0	769
0.0	4224.0	770
0.0	2749.0	771
0.0	3002.0	772
0.0	3003.0	773
0.0	2590.0	774
0.0	3212.0	775
0.0	2931.0	776
0.0	3749.0	777
0.0	2656.0	778
0.0	3214.0	779
0.0	2967.0	780
0.0	2454.0	781
0.0	3403.0	782
0.0	3896.0	783
0.0	3090.0	784
0.0	2868.0	785
0.0	3218.0	786
0.0	2436.0	787
0.0	3344.0	788
0.0	3110.0	801
0.0	3166.0	802
0.0	2493.0	803
0.0	2840.0	804
0.0	3718.0	805
0.0	2288.0	806
0.0	2638.0	807
0.0	4185.0	808
0.0	2344.0	809
0.0	2693.0	810
0.0	2941.0	811
0.0	2993.0	812
0.0	2545.0	813
0.0	3547.0	814
0.0	2952.0	815
0.0	2471.0	816
0.0	3273.0	817
0.0	3929.0	818
0.0	2743.0	819
0.0	2349.0	820
0.0	2672.0	821
0.0	2491.0	822
0.0	3824.0	823
0.0	3081.0	824
0.0	2415.0	825
0.0	2552.0	826
0.0	2856.0	827
0.0	3580.0	828
0.0	2494.0	829
0.0	3521.0	830
1.0	4329.0	831
0.0	2479.0	832
0.0	4118.0	833
0.0	3640.0	834
0.0	2655.0	835
0.0	3661.0	836
0.0	2745.0	837
0.0	3691.0	838
0.0	2604.0	839
0.0	3152.0	951
0.0	2957.0	952
0.0	2740.0	953
0.0	2762.0	954
0.0	2977.0	955
0.0	2816.0	956
0.0	3864.0	957
0.0	3610.0	958
0.0	2559.0	959
0.0	3131.0	960
0.0	3179.0	961
0.0	2890.0	962
0.0	2521.0	963
0.0	2931.0	964
0.0	2672.0	965
0.0	2331.0	966
0.0	4219.0	967
0.0	2843.0	968
0.0	3042.0	969
0.0	3722.0	970
0.0	4208.0	971
0.0	2640.0	972
0.0	2431.0	973
0.0	3992.0	974
0.0	2533.0	975
0.0	2879.0	976
0.0	3893.0	977
0.0	2382.0	978
0.0	3732.0	979
0.0	3263.0	980
0.0	2556.0	981
0.0	3269.0	982
0.0	2722.0	983
0.0	2924.0	984
0.0	2147.0	985
0.0	2736.0	986
0.0	2321.0	987
0.0	2340.0	988
0.0	2368.0	989
