#CDA decimation FMS KSAT
#N=8192  stepsdec=10  alpha=4.14   NSamples=857
#av(e)	7.075845974329055
#std(e)	0.11211629115870633
#av(t)	15054.835472578763
#std(t)	1065.682577058237
9.0	11348.0	13
12.0	11464.0	14
5.0	11480.0	15
6.0	11259.0	16
8.0	11259.0	17
5.0	11105.0	18
10.0	11247.0	19
5.0	11229.0	20
6.0	11386.0	21
4.0	11245.0	22
5.0	11511.0	23
9.0	11392.0	24
8.0	11336.0	25
4.0	11148.0	26
12.0	11228.0	27
8.0	11205.0	28
9.0	9976.0	29
1.0	10070.0	30
3.0	11556.0	31
5.0	13304.0	32
9.0	10112.0	33
4.0	9138.0	34
6.0	9023.0	35
11.0	9091.0	36
4.0	11399.0	41
9.0	11445.0	42
8.0	11470.0	43
10.0	11396.0	44
9.0	11288.0	45
7.0	11043.0	46
10.0	11079.0	47
2.0	11115.0	48
8.0	10732.0	49
4.0	10765.0	50
7.0	11219.0	59
4.0	11357.0	60
4.0	11254.0	61
10.0	11334.0	62
3.0	11375.0	63
6.0	11272.0	64
5.0	11236.0	65
8.0	11151.0	66
7.0	11308.0	67
12.0	11194.0	68
5.0	10754.0	69
9.0	10871.0	70
2.0	11143.0	71
12.0	11479.0	72
4.0	9460.0	73
9.0	9107.0	74
4.0	9041.0	75
12.0	9022.0	76
4.0	11236.0	81
10.0	11348.0	82
5.0	11530.0	83
1.0	11174.0	84
3.0	11130.0	85
2.0	11002.0	86
7.0	11075.0	87
7.0	11153.0	88
3.0	10704.0	89
2.0	10836.0	90
6.0	11370.0	91
7.0	11310.0	92
4.0	9595.0	93
8.0	8981.0	94
4.0	8927.0	95
11.0	8881.0	96
6.0	11266.0	109
5.0	11492.0	110
13.0	11432.0	111
6.0	11236.0	112
13.0	11211.0	113
11.0	11130.0	114
7.0	11073.0	115
8.0	11119.0	116
10.0	10651.0	117
11.0	10793.0	118
2.0	11262.0	119
6.0	11312.0	120
7.0	11185.0	121
5.0	11225.0	122
3.0	11425.0	123
7.0	11311.0	124
7.0	11274.0	125
12.0	11061.0	126
5.0	11010.0	127
11.0	11038.0	128
7.0	10642.0	129
8.0	10703.0	130
6.0	11151.0	131
7.0	11238.0	132
11.0	11099.0	133
9.0	9214.0	134
2.0	8880.0	135
11.0	8904.0	136
9.0	11274.0	141
7.0	11470.0	142
8.0	11440.0	143
2.0	11217.0	144
4.0	11150.0	145
5.0	11002.0	146
6.0	11098.0	147
11.0	11078.0	148
7.0	10806.0	149
10.0	10620.0	150
14.0	11178.0	159
3.0	11387.0	160
13.0	11227.0	161
12.0	11491.0	162
9.0	11360.0	163
10.0	11431.0	164
8.0	11292.0	165
6.0	11124.0	166
13.0	11191.0	167
11.0	11018.0	168
6.0	10596.0	169
7.0	10760.0	170
3.0	11133.0	171
8.0	11403.0	172
13.0	10476.0	173
9.0	9779.0	174
6.0	9737.0	175
11.0	11209.0	181
7.0	11502.0	182
14.0	11419.0	183
5.0	11388.0	184
2.0	11253.0	185
3.0	11157.0	186
11.0	11160.0	187
10.0	11143.0	188
6.0	10751.0	189
9.0	10734.0	190
3.0	11154.0	191
6.0	11336.0	192
5.0	10423.0	193
3.0	9774.0	194
6.0	9724.0	195
8.0	11287.0	209
7.0	11631.0	210
5.0	11349.0	211
12.0	11293.0	212
9.0	11371.0	213
4.0	11121.0	214
7.0	11130.0	215
12.0	11092.0	216
6.0	10846.0	217
3.0	10834.0	218
8.0	11225.0	219
2.0	11326.0	220
4.0	11404.0	221
9.0	11527.0	222
5.0	11471.0	223
3.0	11366.0	224
9.0	11301.0	225
6.0	11205.0	226
6.0	11162.0	227
7.0	11207.0	228
2.0	10813.0	229
9.0	10889.0	230
7.0	11100.0	231
4.0	11277.0	232
5.0	9732.0	233
6.0	9003.0	234
3.0	8983.0	235
9.0	9008.0	236
6.0	11404.0	241
9.0	11496.0	242
5.0	11617.0	243
9.0	11300.0	244
4.0	11349.0	245
3.0	11255.0	246
6.0	11271.0	247
8.0	11215.0	248
7.0	10759.0	249
12.0	10850.0	250
6.0	11334.0	263
4.0	11423.0	264
3.0	11500.0	265
8.0	11385.0	266
11.0	11441.0	267
13.0	11279.0	268
6.0	11190.0	269
10.0	11333.0	270
11.0	10946.0	271
5.0	10882.0	272
10.0	10662.0	273
8.0	10752.0	274
10.0	11421.0	275
8.0	9157.0	276
10.0	9039.0	277
9.0	9077.0	278
5.0	11247.0	281
1.0	11413.0	282
5.0	11336.0	283
2.0	11278.0	284
7.0	11172.0	285
5.0	10971.0	286
8.0	11107.0	287
3.0	11168.0	288
5.0	10987.0	289
9.0	10818.0	290
7.0	11392.0	291
4.0	11367.0	292
9.0	10374.0	293
2.0	9775.0	294
7.0	9786.0	295
4.0	11292.0	301
3.0	11440.0	302
4.0	11633.0	303
12.0	11162.0	304
4.0	11294.0	305
7.0	11013.0	306
6.0	11143.0	307
8.0	11160.0	308
11.0	10834.0	309
5.0	10820.0	310
11.0	11242.0	311
7.0	11268.0	312
3.0	10469.0	313
2.0	9800.0	314
5.0	9821.0	315
5.0	10578.0	321
10.0	10972.0	322
7.0	11001.0	323
7.0	10559.0	324
10.0	10037.0	325
3.0	9723.0	326
4.0	9672.0	327
8.0	9845.0	328
4.0	9957.0	329
10.0	9730.0	330
6.0	9832.0	331
8.0	10978.0	332
5.0	10984.0	333
4.0	10281.0	334
8.0	9469.0	335
5.0	9265.0	336
6.0	9348.0	337
9.0	10513.0	341
2.0	10889.0	342
6.0	11061.0	343
7.0	10270.0	344
1.0	10039.0	345
6.0	9600.0	346
7.0	9659.0	347
1.0	9677.0	348
11.0	9808.0	349
10.0	9642.0	350
2.0	9599.0	351
8.0	10953.0	352
11.0	10975.0	353
5.0	10382.0	354
15.0	9304.0	355
2.0	9284.0	356
6.0	9397.0	357
5.0	10520.0	361
4.0	10806.0	362
6.0	10879.0	363
7.0	10493.0	364
4.0	9991.0	365
10.0	9775.0	366
5.0	9679.0	367
5.0	9702.0	368
3.0	9834.0	369
4.0	9566.0	370
7.0	9466.0	371
15.0	10775.0	372
13.0	10750.0	373
10.0	10466.0	374
9.0	9149.0	375
10.0	9170.0	376
6.0	9141.0	377
6.0	10526.0	381
4.0	10856.0	382
9.0	10988.0	383
9.0	10361.0	384
5.0	10080.0	385
8.0	9715.0	386
4.0	9742.0	387
6.0	9665.0	388
8.0	9804.0	389
15.0	9621.0	390
10.0	9651.0	391
6.0	10771.0	392
4.0	10872.0	393
8.0	10385.0	394
5.0	9402.0	395
10.0	9205.0	396
6.0	9176.0	397
8.0	10696.0	409
4.0	10707.0	410
9.0	10831.0	411
12.0	10217.0	412
6.0	10000.0	413
7.0	9677.0	414
4.0	9743.0	415
13.0	9658.0	416
11.0	9823.0	417
5.0	9737.0	418
7.0	9714.0	419
4.0	10863.0	420
4.0	10639.0	421
10.0	10909.0	422
9.0	10920.0	423
4.0	10420.0	424
5.0	10096.0	425
11.0	9754.0	426
3.0	9747.0	427
5.0	9844.0	428
7.0	9895.0	429
1.0	9757.0	430
8.0	9881.0	431
9.0	10986.0	432
7.0	10122.0	433
2.0	10958.0	434
17.0	9144.0	435
7.0	8498.0	436
12.0	8483.0	437
7.0	10282.0	441
6.0	10699.0	442
10.0	10833.0	443
4.0	10219.0	444
5.0	9655.0	445
3.0	9354.0	446
7.0	9501.0	447
3.0	9481.0	448
4.0	9457.0	449
10.0	9282.0	450
0.0	11447.0	465
11.0	12890.0	466
9.0	12164.0	467
6.0	11146.0	468
10.0	10824.0	469
11.0	10755.0	470
12.0	10845.0	471
8.0	11035.0	472
8.0	10493.0	473
3.0	10400.0	474
4.0	14703.0	475
6.0	14870.0	476
6.0	9825.0	477
6.0	9626.0	478
12.0	9684.0	479
5.0	10464.0	481
6.0	10914.0	482
12.0	11014.0	483
13.0	10941.0	484
4.0	9759.0	485
15.0	9000.0	486
3.0	8974.0	487
6.0	9098.0	488
6.0	9343.0	489
10.0	8995.0	490
5.0	8926.0	491
3.0	10280.0	492
5.0	12205.0	493
7.0	11302.0	494
13.0	8669.0	495
11.0	8408.0	496
10.0	8424.0	497
10.0	10660.0	519
7.0	10761.0	520
3.0	10663.0	521
7.0	10779.0	522
8.0	10920.0	523
14.0	10400.0	524
3.0	9978.0	525
11.0	9770.0	526
7.0	9857.0	527
17.0	9811.0	528
8.0	9971.0	529
11.0	9725.0	530
3.0	9823.0	531
10.0	10849.0	532
10.0	10041.0	533
4.0	10995.0	534
7.0	8839.0	535
8.0	8540.0	536
9.0	8423.0	537
4.0	10574.0	541
2.0	10754.0	542
5.0	10969.0	543
6.0	10463.0	544
6.0	10073.0	545
9.0	9753.0	546
9.0	9827.0	547
4.0	9785.0	548
7.0	9931.0	549
8.0	9745.0	550
15.0	9762.0	559
2.0	10988.0	560
17.0	10437.0	561
7.0	10848.0	562
9.0	10949.0	563
7.0	10460.0	564
4.0	9882.0	565
6.0	9597.0	566
6.0	9677.0	567
11.0	9694.0	568
9.0	9766.0	569
0.0	8051.0	570
12.0	9514.0	571
3.0	10520.0	572
4.0	10822.0	573
7.0	10679.0	574
8.0	9431.0	575
12.0	9071.0	576
9.0	9128.0	577
9.0	10466.0	581
10.0	10819.0	582
8.0	10924.0	583
8.0	10389.0	584
6.0	10084.0	585
9.0	9692.0	586
8.0	9624.0	587
3.0	9683.0	588
14.0	9896.0	589
7.0	9695.0	590
5.0	9763.0	591
5.0	10857.0	592
11.0	10891.0	593
3.0	10363.0	594
8.0	9315.0	595
6.0	9273.0	596
3.0	9227.0	597
3.0	10552.0	609
9.0	10811.0	610
7.0	11077.0	611
5.0	10366.0	612
13.0	10428.0	613
4.0	10267.0	614
8.0	10356.0	615
3.0	10121.0	616
11.0	10183.0	617
10.0	10223.0	618
6.0	10910.0	619
9.0	12290.0	620
3.0	11285.0	621
3.0	11422.0	622
7.0	11514.0	623
11.0	11323.0	624
7.0	11330.0	625
4.0	11109.0	626
7.0	11190.0	627
10.0	11037.0	628
11.0	11171.0	629
5.0	11109.0	630
12.0	11383.0	631
15.0	11264.0	632
4.0	10993.0	633
6.0	10716.0	634
8.0	10643.0	635
11.0	11368.0	641
13.0	11420.0	642
16.0	11442.0	643
6.0	11268.0	644
9.0	11412.0	645
1.0	11260.0	646
3.0	11269.0	647
11.0	11242.0	648
11.0	11368.0	649
5.0	11170.0	650
11.0	11447.0	651
2.0	11453.0	652
3.0	10971.0	653
14.0	10895.0	654
3.0	10829.0	655
6.0	11284.0	661
1.0	11327.0	662
4.0	11501.0	663
9.0	11251.0	664
8.0	11286.0	665
10.0	11246.0	666
9.0	11178.0	667
1.0	11098.0	668
8.0	11219.0	669
3.0	11087.0	670
9.0	11389.0	671
5.0	11303.0	672
14.0	10955.0	673
10.0	10883.0	674
10.0	10669.0	675
5.0	11342.0	681
7.0	11400.0	682
8.0	11419.0	683
5.0	11344.0	684
2.0	11080.0	685
6.0	11284.0	686
7.0	11226.0	687
7.0	11268.0	688
5.0	11154.0	689
8.0	11157.0	690
4.0	11288.0	691
13.0	11351.0	692
10.0	11017.0	693
3.0	10728.0	694
15.0	10603.0	695
4.0	11345.0	709
8.0	11356.0	710
5.0	11491.0	711
6.0	11345.0	712
6.0	11369.0	713
2.0	11135.0	714
5.0	11258.0	715
4.0	11196.0	716
7.0	11241.0	717
3.0	11205.0	718
7.0	11456.0	719
9.0	11262.0	720
14.0	11394.0	721
11.0	11493.0	722
2.0	11436.0	723
10.0	11355.0	724
7.0	11356.0	725
8.0	11193.0	726
8.0	11190.0	727
5.0	11207.0	728
7.0	11189.0	729
3.0	11246.0	730
8.0	11424.0	731
4.0	11348.0	732
13.0	10179.0	733
3.0	10090.0	734
3.0	10067.0	735
9.0	11342.0	741
7.0	11604.0	742
3.0	11459.0	743
7.0	11254.0	744
10.0	11282.0	745
8.0	11051.0	746
5.0	11278.0	747
10.0	11095.0	748
5.0	11039.0	749
7.0	10980.0	750
7.0	11506.0	755
6.0	11266.0	756
7.0	10976.0	757
4.0	10564.0	758
9.0	10539.0	759
13.0	11202.0	761
9.0	11468.0	762
6.0	11444.0	763
9.0	11270.0	764
7.0	11185.0	765
10.0	11094.0	766
10.0	11020.0	767
8.0	11039.0	768
13.0	11027.0	769
4.0	11124.0	770
4.0	11477.0	771
12.0	11478.0	772
5.0	11010.0	773
6.0	10604.0	774
0.0	7211.0	775
1.0	11294.0	781
5.0	11359.0	782
11.0	11510.0	783
6.0	11220.0	784
6.0	11121.0	785
2.0	11206.0	786
7.0	11066.0	787
8.0	11063.0	788
9.0	11010.0	789
3.0	11138.0	790
6.0	11435.0	791
8.0	11450.0	792
8.0	10890.0	793
3.0	10708.0	794
0.0	7482.0	795
7.0	11220.0	801
8.0	11492.0	802
16.0	11395.0	803
10.0	11400.0	804
5.0	11240.0	805
7.0	11169.0	806
4.0	11115.0	807
7.0	11121.0	808
11.0	11186.0	809
11.0	11112.0	810
5.0	11426.0	811
12.0	11345.0	812
5.0	10915.0	813
5.0	10571.0	814
6.0	10688.0	815
4.0	11376.0	821
4.0	11445.0	822
8.0	11394.0	823
5.0	11267.0	824
6.0	11192.0	825
7.0	11169.0	826
13.0	11043.0	827
10.0	11152.0	828
9.0	11024.0	829
5.0	11087.0	830
9.0	11376.0	831
8.0	10748.0	832
6.0	11698.0	833
6.0	9946.0	834
8.0	9873.0	835
1.0	11321.0	841
5.0	11484.0	842
13.0	11537.0	843
3.0	11344.0	844
8.0	11230.0	845
6.0	11460.0	846
4.0	11227.0	847
4.0	11169.0	848
9.0	11174.0	849
2.0	11110.0	850
15.0	11346.0	860
8.0	11330.0	861
5.0	11378.0	862
4.0	11591.0	863
12.0	11469.0	864
3.0	11246.0	865
7.0	11344.0	866
9.0	11130.0	867
8.0	11150.0	868
7.0	11107.0	869
4.0	11232.0	870
7.0	11300.0	871
8.0	11425.0	872
11.0	11037.0	873
10.0	10741.0	874
9.0	10719.0	875
6.0	11405.0	881
3.0	11494.0	882
4.0	11478.0	883
6.0	11290.0	884
1.0	11512.0	885
12.0	11194.0	886
12.0	11378.0	887
9.0	11180.0	888
7.0	11162.0	889
13.0	11304.0	890
7.0	11430.0	891
5.0	11224.0	892
7.0	11046.0	893
9.0	10821.0	894
6.0	10776.0	895
2.0	11338.0	906
0.0	11063.0	907
11.0	11317.0	908
9.0	11263.0	909
2.0	11344.0	910
0.0	8414.0	911
5.0	11204.0	912
10.0	11164.0	913
4.0	11092.0	914
8.0	11024.0	915
11.0	11210.0	916
15.0	11250.0	917
10.0	11027.0	918
14.0	10871.0	919
9.0	10788.0	920
9.0	11376.0	921
3.0	11397.0	922
6.0	11433.0	923
6.0	11402.0	924
2.0	11551.0	925
6.0	11149.0	926
6.0	11180.0	927
12.0	11141.0	928
16.0	11145.0	929
9.0	11169.0	930
18.0	11263.0	931
9.0	11352.0	932
9.0	10947.0	933
11.0	10843.0	934
5.0	10448.0	935
6.0	11376.0	941
4.0	11559.0	942
12.0	11484.0	943
11.0	11361.0	944
3.0	11223.0	945
11.0	11187.0	946
9.0	11156.0	947
4.0	11260.0	948
7.0	11276.0	949
9.0	11234.0	950
10.0	11374.0	951
6.0	11334.0	952
8.0	10928.0	953
12.0	10827.0	954
4.0	10756.0	955
7.0	11410.0	961
8.0	11458.0	962
5.0	11523.0	963
9.0	11379.0	964
5.0	11330.0	965
9.0	11364.0	966
1.0	11212.0	967
11.0	11289.0	968
4.0	11441.0	969
12.0	11174.0	970
10.0	11479.0	971
6.0	11516.0	972
10.0	10991.0	973
6.0	10818.0	974
10.0	10811.0	975
10.0	10084.0	981
5.0	10583.0	982
12.0	10818.0	983
5.0	10076.0	984
7.0	9968.0	985
8.0	9694.0	986
11.0	9745.0	987
7.0	9833.0	988
9.0	9092.0	989
6.0	8536.0	990
3.0	8307.0	991
6.0	9712.0	992
3.0	11983.0	993
9.0	11978.0	994
4.0	8036.0	995
3.0	7965.0	996
8.0	8085.0	997
9.0	7964.0	998
9.0	240094.0	9
4.0	238406.0	10
10.0	239033.0	11
10.0	241277.0	12
5.0	241886.0	259
3.0	242076.0	260
5.0	238989.0	261
8.0	239232.0	262
9.0	241353.0	515
10.0	244016.0	516
11.0	241442.0	517
7.0	240457.0	518
6.0	243046.0	751
2.0	244802.0	752
3.0	243560.0	753
2.0	238625.0	754
10.0	7949.0	459
11.0	8054.0	460
11.0	8102.0	461
5.0	7957.0	462
5.0	8138.0	463
11.0	8063.0	464
9.0	8139.0	509
12.0	8042.0	510
9.0	10029.0	511
7.0	10077.0	512
13.0	10081.0	513
2.0	8144.0	514
3.0	9790.0	901
5.0	9834.0	902
10.0	9931.0	903
6.0	9770.0	904
6.0	9651.0	905
4.0	11007.0	1
9.0	11005.0	2
8.0	11146.0	3
2.0	11059.0	4
2.0	11228.0	5
8.0	11084.0	6
7.0	11147.0	7
11.0	11018.0	8
5.0	11226.0	51
7.0	11373.0	52
6.0	11277.0	53
8.0	11354.0	54
6.0	11287.0	55
8.0	11256.0	56
2.0	11218.0	57
9.0	11232.0	58
4.0	11289.0	101
3.0	11246.0	102
8.0	11299.0	103
8.0	11253.0	104
9.0	11093.0	105
8.0	11111.0	106
9.0	11213.0	107
14.0	11190.0	108
3.0	10988.0	151
7.0	11178.0	152
9.0	11038.0	153
4.0	11094.0	154
5.0	11082.0	155
6.0	11101.0	156
8.0	11113.0	157
6.0	11082.0	158
8.0	11138.0	201
9.0	11086.0	202
5.0	11216.0	203
8.0	11053.0	204
3.0	11111.0	205
8.0	11094.0	206
11.0	11125.0	207
11.0	10987.0	208
2.0	11091.0	251
9.0	11074.0	252
8.0	11025.0	253
11.0	11065.0	254
5.0	11126.0	255
5.0	11179.0	256
8.0	11035.0	257
4.0	11088.0	258
11.0	11089.0	401
5.0	11263.0	402
13.0	11243.0	403
5.0	11151.0	404
3.0	11214.0	405
15.0	11204.0	406
9.0	11252.0	407
9.0	11281.0	408
7.0	11362.0	451
10.0	11306.0	452
4.0	11288.0	453
5.0	11373.0	454
6.0	11301.0	455
3.0	11318.0	456
6.0	11184.0	457
4.0	11300.0	458
3.0	11103.0	501
12.0	11213.0	502
9.0	11079.0	503
6.0	11087.0	504
2.0	11183.0	505
12.0	11095.0	506
4.0	11124.0	507
4.0	11120.0	508
6.0	11140.0	551
1.0	11219.0	552
4.0	11216.0	553
4.0	11272.0	554
10.0	11246.0	555
6.0	11132.0	556
5.0	11345.0	557
12.0	11181.0	558
9.0	11080.0	601
5.0	11386.0	602
4.0	11295.0	603
9.0	11160.0	604
7.0	11269.0	605
7.0	11337.0	606
3.0	11311.0	607
6.0	11181.0	608
9.0	11147.0	701
8.0	11244.0	702
8.0	11154.0	703
9.0	11090.0	704
8.0	11222.0	705
0.0	6296.0	706
11.0	11133.0	707
6.0	11175.0	708
9.0	11283.0	851
5.0	11338.0	852
5.0	11184.0	853
5.0	11187.0	854
10.0	11260.0	855
6.0	11338.0	856
8.0	11262.0	857
10.0	11262.0	858
4.0	10334.0	859
